* De conditionele overschrijdingskans van de zeewaterstand met statistische onzekerheid gegeven de windrichting
* voor een 12-uursperiode te OS11, gelegen op locatie: 
* 23013, 407778
* 
* Het waterstandsbereik waarvoor de overschrijdingskansen zijn gegeven is het hoogwater 1991 tot 8.00 m + NAP
* met een stapgrootte van 0.1 m. De laatste stapgrootte kan afwijken om op 8.00 m uit te komen. Hierbij wordt
* een stapgrootte van mimimaal 6 en maximaal 15 cm gekozen.
* 
* Betreft zichtjaar 1985 (het jaar waarvoor de basispeilen zijn afgeleid); 
* zeespiegelstijging sinds 1985 moet apart in rekening worden gebracht.
*
* Door: G.W.F. Rongen van HKV lijn in water
* Project: PR3280.20.03
*
* m (m+NAP) 30              60              90              120             150             180             210             240             270             300             330             360
  1.55      1.000e+00       1.000e+00       1.000e+00       1.000e+00       1.000e+00       1.000e+00       1.000e+00       1.000e+00       1.000e+00       1.000e+00       1.000e+00       1.000e+00       
  1.65      3.918e-01       3.403e-01       3.087e-01       3.460e-01       3.414e-01       2.794e-01       2.870e-01       4.851e-01       6.564e-01       6.552e-01       5.932e-01       4.516e-01       
  1.75      1.573e-01       1.186e-01       9.758e-02       1.227e-01       1.194e-01       7.981e-02       8.425e-02       2.407e-01       4.378e-01       4.362e-01       3.586e-01       2.088e-01       
  1.85      6.285e-02       4.169e-02       3.135e-02       4.378e-02       4.209e-02       2.337e-02       2.588e-02       1.209e-01       2.913e-01       2.921e-01       2.207e-01       9.968e-02       
  1.95      2.403e-02       1.574e-02       1.173e-02       1.655e-02       1.590e-02       8.662e-03       1.217e-02       6.761e-02       1.904e-01       2.044e-01       1.568e-01       6.254e-02       
  2.05      9.050e-03       5.928e-03       4.418e-03       6.235e-03       5.987e-03       3.262e-03       5.963e-03       3.804e-02       1.238e-01       1.432e-01       1.125e-01       4.015e-02       
  2.15      3.373e-03       2.209e-03       1.647e-03       2.324e-03       2.231e-03       1.216e-03       2.908e-03       2.131e-02       8.035e-02       1.000e-01       8.053e-02       2.570e-02       
  2.25      1.244e-03       8.151e-04       6.075e-04       8.573e-04       8.232e-04       4.486e-04       1.412e-03       1.189e-02       5.199e-02       6.973e-02       5.749e-02       1.640e-02       
  2.35      4.546e-04       2.978e-04       2.219e-04       3.132e-04       3.007e-04       1.639e-04       6.826e-04       6.608e-03       3.356e-02       4.849e-02       4.093e-02       1.044e-02       
  2.45      1.645e-04       1.078e-04       8.032e-05       1.133e-04       1.088e-04       5.930e-05       3.287e-04       3.659e-03       2.161e-02       3.364e-02       2.907e-02       6.626e-03       
  2.55      5.900e-05       3.864e-05       2.880e-05       4.065e-05       3.903e-05       2.127e-05       1.577e-04       2.018e-03       1.388e-02       2.328e-02       2.060e-02       4.195e-03       
  2.65      2.097e-05       1.373e-05       1.024e-05       1.445e-05       1.387e-05       7.558e-06       7.535e-05       1.110e-03       8.896e-03       1.608e-02       1.456e-02       2.649e-03       
  2.75      7.389e-06       4.839e-06       3.607e-06       5.090e-06       4.888e-06       2.663e-06       3.588e-05       6.079e-04       5.690e-03       1.108e-02       1.027e-02       1.669e-03       
  2.85      2.582e-06       1.691e-06       1.260e-06       1.779e-06       1.708e-06       9.306e-07       1.702e-05       3.320e-04       3.631e-03       7.623e-03       7.231e-03       1.049e-03       
  2.95      8.948e-07       5.861e-07       4.368e-07       6.165e-07       5.919e-07       3.225e-07       8.050e-06       1.807e-04       2.312e-03       5.233e-03       5.079e-03       6.576e-04       
  3.05      3.077e-07       2.015e-07       1.502e-07       2.120e-07       2.035e-07       1.109e-07       3.794e-06       9.806e-05       1.470e-03       3.585e-03       3.560e-03       4.114e-04       
  3.15      1.050e-07       6.876e-08       5.125e-08       7.233e-08       6.945e-08       3.784e-08       1.782e-06       5.305e-05       9.324e-04       2.452e-03       2.491e-03       2.569e-04       
  3.25      3.554e-08       2.328e-08       1.735e-08       2.448e-08       2.351e-08       1.281e-08       8.344e-07       2.861e-05       5.902e-04       1.673e-03       1.739e-03       1.600e-04       
  3.35      1.180e-08       7.732e-09       5.762e-09       8.132e-09       7.809e-09       4.255e-09       3.852e-07       1.523e-05       3.698e-04       1.132e-03       1.203e-03       9.858e-05       
  3.45      4.040e-09       2.646e-09       1.972e-09       2.784e-09       2.673e-09       1.456e-09       1.812e-07       8.221e-06       2.339e-04       7.706e-04       8.373e-04       6.133e-05       
  3.55      1.387e-09       9.085e-10       6.771e-10       9.556e-10       9.176e-10       5.000e-10       8.545e-08       4.440e-06       1.479e-04       5.246e-04       5.826e-04       3.816e-05       
  3.65      4.775e-10       3.127e-10       2.331e-10       3.290e-10       3.159e-10       1.721e-10       4.037e-08       2.400e-06       9.358e-05       3.571e-04       4.051e-04       2.375e-05       
  3.75      1.647e-10       1.079e-10       8.042e-11       1.135e-10       1.090e-10       5.939e-11       1.910e-08       1.297e-06       5.917e-05       2.428e-04       2.814e-04       1.477e-05       
  3.85      5.685e-11       3.723e-11       2.775e-11       3.916e-11       3.760e-11       2.049e-11       9.024e-09       6.994e-07       3.732e-05       1.646e-04       1.949e-04       9.162e-06       
  3.95      1.971e-11       1.291e-11       9.624e-12       1.358e-11       1.304e-11       7.106e-12       4.278e-09       3.777e-07       2.355e-05       1.116e-04       1.349e-04       5.687e-06       
  4.05      6.979e-12       4.571e-12       3.407e-12       4.808e-12       4.616e-12       2.515e-12       2.054e-09       2.059e-07       1.495e-05       7.600e-05       9.374e-05       3.551e-06       
  4.15      2.507e-12       1.642e-12       1.224e-12       1.727e-12       1.659e-12       9.038e-13       9.945e-10       1.128e-07       9.516e-06       5.184e-05       6.522e-05       2.224e-06       
  4.25      9.079e-13       5.946e-13       4.432e-13       6.255e-13       6.006e-13       3.273e-13       4.836e-10       6.196e-08       6.063e-06       3.536e-05       4.537e-05       1.394e-06       
  4.35      3.308e-13       2.167e-13       1.615e-13       2.279e-13       2.189e-13       1.193e-13       2.360e-10       3.408e-08       3.863e-06       2.410e-05       3.153e-05       8.744e-07       
  4.45      1.213e-13       7.945e-14       5.921e-14       8.356e-14       8.024e-14       4.372e-14       1.155e-10       1.878e-08       2.463e-06       1.643e-05       2.190e-05       5.486e-07       
  4.55      4.486e-14       2.938e-14       2.190e-14       3.090e-14       2.967e-14       1.617e-14       5.693e-11       1.040e-08       1.575e-06       1.122e-05       1.524e-05       3.453e-07       
  4.65      1.686e-14       1.104e-14       8.228e-15       1.161e-14       1.115e-14       6.076e-15       2.840e-11       5.814e-09       1.014e-06       7.705e-06       1.066e-05       2.189e-07       
  4.75      6.481e-15       4.245e-15       3.164e-15       4.465e-15       4.287e-15       2.336e-15       1.438e-11       3.287e-09       6.576e-07       5.317e-06       7.484e-06       1.398e-07       
  4.85      2.548e-15       1.669e-15       1.244e-15       1.756e-15       1.686e-15       9.185e-16       7.375e-12       1.874e-09       4.285e-07       3.682e-06       5.272e-06       8.973e-08       
  4.95      1.019e-15       6.672e-16       4.973e-16       7.018e-16       6.738e-16       3.672e-16       3.815e-12       1.075e-09       2.802e-07       2.556e-06       3.721e-06       5.782e-08       
  5.05      4.118e-16       2.697e-16       2.010e-16       2.837e-16       2.724e-16       1.484e-16       1.987e-12       6.199e-10       1.838e-07       1.778e-06       2.632e-06       3.738e-08       
  5.15      1.680e-16       1.101e-16       8.203e-17       1.158e-16       1.112e-16       6.057e-17       1.042e-12       3.592e-10       1.210e-07       1.241e-06       1.867e-06       2.426e-08       
  5.25      6.922e-17       4.534e-17       3.379e-17       4.769e-17       4.579e-17       2.495e-17       5.503e-13       2.095e-10       8.010e-08       8.696e-07       1.329e-06       1.583e-08       
  5.35      2.883e-17       1.888e-17       1.407e-17       1.986e-17       1.907e-17       1.039e-17       2.934e-13       1.232e-10       5.332e-08       6.122e-07       9.501e-07       1.039e-08       
  5.45      1.216e-17       7.966e-18       5.937e-18       8.379e-18       8.046e-18       4.384e-18       1.582e-13       7.302e-11       3.571e-08       4.331e-07       6.823e-07       6.860e-09       
  5.55      5.212e-18       3.414e-18       2.544e-18       3.591e-18       3.448e-18       1.879e-18       8.620e-14       4.368e-11       2.406e-08       3.078e-07       4.921e-07       4.559e-09       
  5.65      2.271e-18       1.487e-18       1.108e-18       1.564e-18       1.502e-18       8.184e-19       4.749e-14       2.633e-11       1.629e-08       2.196e-07       3.561e-07       3.046e-09       
  5.75      1.005e-18       6.583e-19       4.906e-19       6.924e-19       6.649e-19       3.623e-19       2.640e-14       1.598e-11       1.108e-08       1.572e-07       2.584e-07       2.044e-09       
  5.85      4.511e-19       2.955e-19       2.202e-19       3.108e-19       2.984e-19       1.626e-19       1.479e-14       9.754e-12       7.558e-09       1.128e-07       1.880e-07       1.377e-09       
  5.95      2.048e-19       1.341e-19       9.997e-20       1.411e-19       1.355e-19       7.382e-20       8.337e-15       5.980e-12       5.173e-09       8.112e-08       1.371e-07       9.304e-10       
  6.05      9.382e-20       6.145e-20       4.580e-20       6.464e-20       6.206e-20       3.382e-20       4.725e-15       3.681e-12       3.550e-09       5.847e-08       1.001e-07       6.305e-10       
  6.15      4.331e-20       2.837e-20       2.114e-20       2.984e-20       2.865e-20       1.561e-20       2.691e-15       2.275e-12       2.443e-09       4.224e-08       7.327e-08       4.284e-10       
  6.25      2.012e-20       1.318e-20       9.823e-21       1.386e-20       1.331e-20       7.254e-21       1.539e-15       1.410e-12       1.685e-09       3.057e-08       5.372e-08       2.919e-10       
  6.35      9.408e-21       6.162e-21       4.593e-21       6.481e-21       6.223e-21       3.391e-21       8.841e-16       8.774e-13       1.165e-09       2.217e-08       3.945e-08       1.993e-10       
  6.45      4.424e-21       2.897e-21       2.159e-21       3.048e-21       2.926e-21       1.595e-21       5.099e-16       5.476e-13       8.078e-10       1.610e-08       2.902e-08       1.365e-10       
  6.55      2.091e-21       1.370e-21       1.021e-21       1.441e-21       1.383e-21       7.539e-22       2.953e-16       3.428e-13       5.611e-10       1.172e-08       2.138e-08       9.364e-11       
  6.65      9.940e-22       6.510e-22       4.852e-22       6.848e-22       6.575e-22       3.583e-22       1.716e-16       2.153e-13       3.906e-10       8.542e-09       1.578e-08       6.439e-11       
  6.75      4.748e-22       3.110e-22       2.318e-22       3.271e-22       3.141e-22       1.711e-22       1.001e-16       1.356e-13       2.725e-10       6.237e-09       1.166e-08       4.438e-11       
  6.85      2.279e-22       1.493e-22       1.113e-22       1.570e-22       1.508e-22       8.215e-23       5.861e-17       8.561e-14       1.904e-10       4.561e-09       8.632e-09       3.064e-11       
  6.95      1.099e-22       7.199e-23       5.366e-23       7.573e-23       7.271e-23       3.962e-23       3.442e-17       5.420e-14       1.334e-10       3.341e-09       6.398e-09       2.120e-11       
  7.05      5.325e-23       3.488e-23       2.599e-23       3.669e-23       3.522e-23       1.919e-23       2.028e-17       3.441e-14       9.358e-11       2.451e-09       4.749e-09       1.470e-11       
  7.15      2.591e-23       1.697e-23       1.265e-23       1.785e-23       1.714e-23       9.339e-24       1.199e-17       2.190e-14       6.578e-11       1.800e-09       3.529e-09       1.021e-11       
  7.25      1.266e-23       8.292e-24       6.180e-24       8.722e-24       8.375e-24       4.563e-24       7.110e-18       1.397e-14       4.632e-11       1.324e-09       2.626e-09       7.106e-12       
  7.35      6.211e-24       4.068e-24       3.032e-24       4.279e-24       4.109e-24       2.239e-24       4.228e-18       8.934e-15       3.267e-11       9.757e-10       1.957e-09       4.954e-12       
  7.45      3.060e-24       2.004e-24       1.494e-24       2.108e-24       2.024e-24       1.103e-24       2.522e-18       5.726e-15       2.308e-11       7.198e-10       1.460e-09       3.460e-12       
  7.55      1.513e-24       9.909e-25       7.385e-25       1.042e-24       1.001e-24       5.453e-25       1.508e-18       3.678e-15       1.634e-11       5.316e-10       1.090e-09       2.420e-12       
  7.65      7.509e-25       4.918e-25       3.665e-25       5.173e-25       4.967e-25       2.707e-25       9.045e-19       2.368e-15       1.158e-11       3.932e-10       8.153e-10       1.696e-12       
  7.75      3.740e-25       2.450e-25       1.826e-25       2.577e-25       2.474e-25       1.348e-25       5.439e-19       1.528e-15       8.221e-12       2.912e-10       6.103e-10       1.190e-12       
  7.85      1.870e-25       1.225e-25       9.127e-26       1.288e-25       1.237e-25       6.739e-26       3.279e-19       9.876e-16       5.845e-12       2.159e-10       4.574e-10       8.364e-13       
  8.00      6.649e-26       4.355e-26       3.246e-26       4.581e-26       4.399e-26       2.397e-26       1.542e-19       5.152e-16       3.514e-12       1.381e-10       2.974e-10       4.942e-13       