* De conditionele overschrijdingskans van de zeewaterstand met statistische onzekerheid gegeven de windrichting
* voor een 12-uursperiode te OS11, gelegen op locatie: 
* 23013, 407778
* 
* Deze statistiek is afgeleid met dezelfde methode als gebruikt in 3280.20.03.
* De door Deltares op 10 november 2016 aangeleverde statistiek is gebruikt als bron.
*
* Het waterstandsbereik waarvoor de overschrijdingskansen zijn gegeven is het hoogwater 2017 tot 8.00 m + NAP
* met een stapgrootte van 0.1 m. De laatste stapgrootte kan afwijken om op 8.00 m uit te komen. Hierbij wordt
* een stapgrootte van minimaal 6 en maximaal 15 cm gekozen.
* 
* Door: G.W.F. Rongen van HKV lijn in water
* Project: PR3510.10
*
* m (m+NAP) 30              60              90              120             150             180             210             240             270             300             330             360
  1.64      1.000e+00       1.000e+00       1.000e+00       1.000e+00       1.000e+00       1.000e+00       1.000e+00       1.000e+00       1.000e+00       1.000e+00       1.000e+00       1.000e+00       
  1.74      3.904e-01       3.390e-01       3.076e-01       3.448e-01       3.402e-01       2.784e-01       2.858e-01       4.832e-01       6.536e-01       6.524e-01       5.908e-01       4.497e-01       
  1.84      1.561e-01       1.178e-01       9.686e-02       1.218e-01       1.185e-01       7.923e-02       8.354e-02       2.388e-01       4.341e-01       4.326e-01       3.556e-01       2.070e-01       
  1.94      6.217e-02       4.124e-02       3.101e-02       4.331e-02       4.163e-02       2.311e-02       2.556e-02       1.195e-01       2.878e-01       2.886e-01       2.181e-01       9.848e-02       
  2.04      2.373e-02       1.554e-02       1.158e-02       1.635e-02       1.570e-02       8.554e-03       1.201e-02       6.675e-02       1.879e-01       2.017e-01       1.547e-01       6.172e-02       
  2.14      8.929e-03       5.848e-03       4.359e-03       6.151e-03       5.906e-03       3.218e-03       5.881e-03       3.752e-02       1.222e-01       1.412e-01       1.110e-01       3.960e-02       
  2.24      3.325e-03       2.178e-03       1.623e-03       2.291e-03       2.200e-03       1.199e-03       2.866e-03       2.101e-02       7.921e-02       9.863e-02       7.940e-02       2.534e-02       
  2.34      1.226e-03       8.032e-04       5.987e-04       8.449e-04       8.112e-04       4.420e-04       1.391e-03       1.172e-02       5.123e-02       6.871e-02       5.665e-02       1.616e-02       
  2.44      4.480e-04       2.934e-04       2.187e-04       3.086e-04       2.963e-04       1.615e-04       6.726e-04       6.509e-03       3.306e-02       4.776e-02       4.032e-02       1.028e-02       
  2.54      1.621e-04       1.062e-04       7.915e-05       1.117e-04       1.073e-04       5.845e-05       3.239e-04       3.603e-03       2.128e-02       3.312e-02       2.863e-02       6.526e-03       
  2.64      5.817e-05       3.810e-05       2.840e-05       4.008e-05       3.848e-05       2.097e-05       1.554e-04       1.987e-03       1.367e-02       2.292e-02       2.028e-02       4.130e-03       
  2.74      2.069e-05       1.355e-05       1.010e-05       1.425e-05       1.369e-05       7.457e-06       7.427e-05       1.092e-03       8.757e-03       1.582e-02       1.433e-02       2.608e-03       
  2.84      7.296e-06       4.779e-06       3.562e-06       5.027e-06       4.827e-06       2.630e-06       3.537e-05       5.985e-04       5.600e-03       1.090e-02       1.011e-02       1.643e-03       
  2.94      2.552e-06       1.672e-06       1.246e-06       1.758e-06       1.688e-06       9.200e-07       1.679e-05       3.268e-04       3.573e-03       7.500e-03       7.114e-03       1.032e-03       
  3.04      8.858e-07       5.802e-07       4.324e-07       6.103e-07       5.860e-07       3.193e-07       7.944e-06       1.779e-04       2.276e-03       5.148e-03       4.997e-03       6.474e-04       
  3.14      3.050e-07       1.998e-07       1.489e-07       2.102e-07       2.018e-07       1.100e-07       3.746e-06       9.658e-05       1.447e-03       3.527e-03       3.502e-03       4.051e-04       
  3.24      1.043e-07       6.829e-08       5.089e-08       7.183e-08       6.897e-08       3.758e-08       1.761e-06       5.227e-05       9.177e-04       2.412e-03       2.450e-03       2.529e-04       
  3.34      3.486e-08       2.283e-08       1.702e-08       2.402e-08       2.306e-08       1.257e-08       8.155e-07       2.792e-05       5.764e-04       1.635e-03       1.699e-03       1.563e-04       
  3.44      1.196e-08       7.835e-09       5.840e-09       8.242e-09       7.913e-09       4.312e-09       3.837e-07       1.508e-05       3.646e-04       1.114e-03       1.184e-03       9.728e-05       
  3.54      4.131e-09       2.706e-09       2.017e-09       2.846e-09       2.733e-09       1.489e-09       1.813e-07       8.160e-06       2.309e-04       7.594e-04       8.250e-04       6.062e-05       
  3.64      1.430e-09       9.368e-10       6.982e-10       9.854e-10       9.462e-10       5.156e-10       8.584e-08       4.419e-06       1.463e-04       5.176e-04       5.746e-04       3.778e-05       
  3.74      4.965e-10       3.252e-10       2.424e-10       3.420e-10       3.284e-10       1.790e-10       4.070e-08       2.394e-06       9.265e-05       3.525e-04       3.999e-04       2.354e-05       
  3.84      1.725e-10       1.130e-10       8.419e-11       1.188e-10       1.141e-10       6.217e-11       1.930e-08       1.295e-06       5.857e-05       2.396e-04       2.776e-04       1.464e-05       
  3.94      6.000e-11       3.930e-11       2.929e-11       4.133e-11       3.969e-11       2.163e-11       9.150e-09       7.000e-07       3.697e-05       1.625e-04       1.923e-04       9.093e-06       
  4.04      2.123e-11       1.391e-11       1.036e-11       1.463e-11       1.404e-11       7.653e-12       4.388e-09       3.813e-07       2.346e-05       1.107e-04       1.337e-04       5.677e-06       
  4.14      7.649e-12       5.010e-12       3.734e-12       5.270e-12       5.060e-12       2.757e-12       2.126e-09       2.091e-07       1.495e-05       7.556e-05       9.311e-05       3.559e-06       
  4.24      2.780e-12       1.821e-12       1.357e-12       1.915e-12       1.839e-12       1.002e-12       1.035e-09       1.151e-07       9.534e-06       5.161e-05       6.487e-05       2.234e-06       
  4.34      1.017e-12       6.663e-13       4.966e-13       7.008e-13       6.729e-13       3.667e-13       5.059e-10       6.340e-08       6.083e-06       3.523e-05       4.515e-05       1.403e-06       
  4.44      3.744e-13       2.452e-13       1.828e-13       2.579e-13       2.476e-13       1.349e-13       2.480e-10       3.498e-08       3.881e-06       2.404e-05       3.140e-05       8.813e-07       
  4.54      1.388e-13       9.091e-14       6.775e-14       9.562e-14       9.181e-14       5.003e-14       1.222e-10       1.937e-08       2.482e-06       1.642e-05       2.187e-05       5.548e-07       
  4.64      5.215e-14       3.416e-14       2.546e-14       3.593e-14       3.450e-14       1.880e-14       6.084e-11       1.082e-08       1.597e-06       1.127e-05       1.528e-05       3.514e-07       
  4.74      2.002e-14       1.311e-14       9.771e-15       1.379e-14       1.324e-14       7.215e-15       3.074e-11       6.108e-09       1.034e-06       7.775e-06       1.073e-05       2.242e-07       
  4.84      7.863e-15       5.150e-15       3.838e-15       5.417e-15       5.201e-15       2.834e-15       1.575e-11       3.482e-09       6.740e-07       5.386e-06       7.565e-06       1.439e-07       
  4.94      3.145e-15       2.060e-15       1.535e-15       2.167e-15       2.081e-15       1.134e-15       8.144e-12       1.998e-09       4.408e-07       3.740e-06       5.343e-06       9.277e-08       
  5.04      1.274e-15       8.345e-16       6.219e-16       8.777e-16       8.428e-16       4.592e-16       4.242e-12       1.152e-09       2.892e-07       2.603e-06       3.781e-06       5.999e-08       
  5.14      5.210e-16       3.412e-16       2.543e-16       3.589e-16       3.446e-16       1.878e-16       2.224e-12       6.678e-10       1.904e-07       1.817e-06       2.682e-06       3.894e-08       
  5.24      2.150e-16       1.408e-16       1.049e-16       1.481e-16       1.422e-16       7.749e-17       1.174e-12       3.894e-10       1.260e-07       1.273e-06       1.909e-06       2.539e-08       
  5.34      8.963e-17       5.871e-17       4.376e-17       6.175e-17       5.929e-17       3.231e-17       6.255e-13       2.287e-10       8.378e-08       8.956e-07       1.365e-06       1.665e-08       
  5.44      3.784e-17       2.478e-17       1.847e-17       2.607e-17       2.503e-17       1.364e-17       3.367e-13       1.355e-10       5.607e-08       6.333e-07       9.800e-07       1.099e-08       
  5.54      1.621e-17       1.062e-17       7.914e-18       1.117e-17       1.072e-17       5.843e-18       1.832e-13       8.096e-11       3.775e-08       4.499e-07       7.067e-07       7.301e-09       
  5.64      7.059e-18       4.624e-18       3.446e-18       4.863e-18       4.670e-18       2.545e-18       1.008e-13       4.878e-11       2.555e-08       3.209e-07       5.114e-07       4.876e-09       
  5.74      3.124e-18       2.046e-18       1.525e-18       2.152e-18       2.067e-18       1.126e-18       5.601e-14       2.960e-11       1.737e-08       2.297e-07       3.712e-07       3.272e-09       
  5.84      1.403e-18       9.188e-19       6.848e-19       9.664e-19       9.279e-19       5.056e-19       3.137e-14       1.806e-11       1.185e-08       1.649e-07       2.702e-07       2.204e-09       
  5.94      6.374e-19       4.175e-19       3.112e-19       4.391e-19       4.216e-19       2.298e-19       1.768e-14       1.108e-11       8.111e-09       1.186e-07       1.970e-07       1.490e-09       
  6.04      2.924e-19       1.915e-19       1.428e-19       2.015e-19       1.934e-19       1.054e-19       1.002e-14       6.821e-12       5.568e-09       8.552e-08       1.440e-07       1.010e-09       
  6.14      1.352e-19       8.857e-20       6.601e-20       9.316e-20       8.945e-20       4.874e-20       5.708e-15       4.216e-12       3.832e-09       6.180e-08       1.054e-07       6.864e-10       
  6.24      6.296e-20       4.124e-20       3.073e-20       4.337e-20       4.165e-20       2.269e-20       3.266e-15       2.615e-12       2.644e-09       4.474e-08       7.734e-08       4.678e-10       
  6.34      2.949e-20       1.932e-20       1.440e-20       2.032e-20       1.951e-20       1.063e-20       1.877e-15       1.628e-12       1.829e-09       3.245e-08       5.682e-08       3.196e-10       
  6.44      1.390e-20       9.102e-21       6.784e-21       9.574e-21       9.192e-21       5.009e-21       1.083e-15       1.017e-12       1.268e-09       2.358e-08       4.182e-08       2.189e-10       
  6.54      6.584e-21       4.312e-21       3.214e-21       4.536e-21       4.355e-21       2.373e-21       6.275e-16       6.367e-13       8.809e-10       1.717e-08       3.083e-08       1.502e-10       
  6.64      3.136e-21       2.054e-21       1.531e-21       2.160e-21       2.074e-21       1.130e-21       3.649e-16       4.000e-13       6.134e-10       1.252e-08       2.276e-08       1.033e-10       
  6.74      1.501e-21       9.833e-22       7.328e-22       1.034e-21       9.930e-22       5.411e-22       2.130e-16       2.520e-13       4.280e-10       9.144e-09       1.683e-08       7.125e-11       
  6.84      7.222e-22       4.730e-22       3.525e-22       4.975e-22       4.777e-22       2.603e-22       1.247e-16       1.593e-13       2.992e-10       6.690e-09       1.246e-08       4.922e-11       
  6.94      3.491e-22       2.286e-22       1.704e-22       2.405e-22       2.309e-22       1.258e-22       7.330e-17       1.009e-13       2.096e-10       4.902e-09       9.243e-09       3.407e-11       
  7.04      1.695e-22       1.110e-22       8.273e-23       1.168e-22       1.121e-22       6.109e-23       4.322e-17       6.409e-14       1.471e-10       3.597e-09       6.864e-09       2.363e-11       
  7.14      8.265e-23       5.413e-23       4.035e-23       5.694e-23       5.467e-23       2.979e-23       2.556e-17       4.081e-14       1.035e-10       2.644e-09       5.104e-09       1.642e-11       
  7.24      4.048e-23       2.651e-23       1.976e-23       2.789e-23       2.678e-23       1.459e-23       1.517e-17       2.605e-14       7.287e-11       1.946e-09       3.800e-09       1.143e-11       
  7.34      1.990e-23       1.304e-23       9.716e-24       1.371e-23       1.317e-23       7.175e-24       9.026e-18       1.667e-14       5.142e-11       1.434e-09       2.833e-09       7.975e-12       
  7.44      9.827e-24       6.436e-24       4.797e-24       6.770e-24       6.500e-24       3.542e-24       5.386e-18       1.069e-14       3.634e-11       1.058e-09       2.114e-09       5.572e-12       
  7.54      4.870e-24       3.190e-24       2.377e-24       3.355e-24       3.222e-24       1.756e-24       3.224e-18       6.873e-15       2.573e-11       7.820e-10       1.580e-09       3.899e-12       
  7.64      2.423e-24       1.587e-24       1.183e-24       1.669e-24       1.603e-24       8.733e-25       1.934e-18       4.427e-15       1.825e-11       5.786e-10       1.182e-09       2.733e-12       
  7.74      1.210e-24       7.923e-25       5.905e-25       8.333e-25       8.002e-25       4.360e-25       1.164e-18       2.858e-15       1.296e-11       4.286e-10       8.856e-10       1.919e-12       
  7.84      6.060e-25       3.969e-25       2.958e-25       4.175e-25       4.009e-25       2.185e-25       7.022e-19       1.849e-15       9.216e-12       3.179e-10       6.641e-10       1.350e-12       
  7.94      3.047e-25       1.996e-25       1.487e-25       2.099e-25       2.015e-25       1.098e-25       4.246e-19       1.198e-15       6.565e-12       2.361e-10       4.985e-10       9.505e-13       
  8.00      2.020e-25       1.323e-25       9.861e-26       1.392e-25       1.336e-25       7.281e-26       3.144e-19       9.248e-16       5.360e-12       1.976e-10       4.199e-10       7.708e-13       