* De conditionele overschrijdingskans van de zeewaterstand zonder statistische onzekerheid gegeven de windrichting
* voor een 12-uursperiode te OS11, gelegen op locatie: 
* 23013, 407778
* 
* Het waterstandsbereik waarvoor de overschrijdingskansen zijn gegeven is het hoogwater 1991 tot 8.00 m + NAP
* met een stapgrootte van 0.1 m. De laatste stapgrootte kan afwijken om op 8.00 m uit te komen. Hierbij wordt
* een stapgrootte van mimimaal 6 en maximaal 15 cm gekozen.
* 
* Betreft zichtjaar 1985 (het jaar waarvoor de basispeilen zijn afgeleid); 
* zeespiegelstijging sinds 1985 moet apart in rekening worden gebracht.
*
* Door: G.W.F. Rongen van HKV lijn in water
* Project: PR3280.20.03
*
* m (m+NAP) 30              60              90              120             150             180             210             240             270             300             330             360
  1.55      1.000e+00       1.000e+00       1.000e+00       1.000e+00       1.000e+00       1.000e+00       1.000e+00       1.000e+00       1.000e+00       1.000e+00       1.000e+00       1.000e+00       
  1.65      4.014e-01       3.486e-01       3.161e-01       3.545e-01       3.497e-01       2.857e-01       2.936e-01       4.961e-01       6.670e-01       6.658e-01       6.044e-01       4.622e-01       
  1.75      1.611e-01       1.215e-01       9.989e-02       1.257e-01       1.223e-01       8.161e-02       8.618e-02       2.461e-01       4.448e-01       4.433e-01       3.653e-01       2.137e-01       
  1.85      6.467e-02       4.236e-02       3.157e-02       4.456e-02       4.278e-02       2.331e-02       2.530e-02       1.221e-01       2.967e-01       2.951e-01       2.208e-01       9.877e-02       
  1.95      2.463e-02       1.613e-02       1.202e-02       1.697e-02       1.629e-02       8.877e-03       1.245e-02       6.900e-02       1.936e-01       2.074e-01       1.589e-01       6.362e-02       
  2.05      9.275e-03       6.075e-03       4.528e-03       6.390e-03       6.136e-03       3.343e-03       6.100e-03       3.882e-02       1.259e-01       1.453e-01       1.141e-01       4.085e-02       
  2.15      3.457e-03       2.264e-03       1.688e-03       2.382e-03       2.287e-03       1.246e-03       2.975e-03       2.175e-02       8.172e-02       1.015e-01       8.167e-02       2.615e-02       
  2.25      1.275e-03       8.353e-04       6.226e-04       8.786e-04       8.436e-04       4.597e-04       1.444e-03       1.214e-02       5.288e-02       7.077e-02       5.830e-02       1.669e-02       
  2.35      4.659e-04       3.052e-04       2.274e-04       3.210e-04       3.082e-04       1.679e-04       6.984e-04       6.745e-03       3.413e-02       4.921e-02       4.152e-02       1.062e-02       
  2.45      1.686e-04       1.104e-04       8.230e-05       1.162e-04       1.115e-04       6.077e-05       3.363e-04       3.735e-03       2.198e-02       3.414e-02       2.949e-02       6.743e-03       
  2.55      6.046e-05       3.960e-05       2.951e-05       4.165e-05       3.999e-05       2.179e-05       1.613e-04       2.061e-03       1.412e-02       2.363e-02       2.090e-02       4.269e-03       
  2.65      2.149e-05       1.407e-05       1.049e-05       1.480e-05       1.421e-05       7.745e-06       7.710e-05       1.133e-03       9.051e-03       1.632e-02       1.477e-02       2.696e-03       
  2.75      7.571e-06       4.959e-06       3.696e-06       5.216e-06       5.008e-06       2.729e-06       3.671e-05       6.207e-04       5.789e-03       1.125e-02       1.042e-02       1.699e-03       
  2.85      2.645e-06       1.733e-06       1.291e-06       1.822e-06       1.750e-06       9.535e-07       1.742e-05       3.390e-04       3.694e-03       7.739e-03       7.336e-03       1.068e-03       
  2.95      9.168e-07       6.005e-07       4.475e-07       6.316e-07       6.065e-07       3.305e-07       8.238e-06       1.845e-04       2.353e-03       5.313e-03       5.153e-03       6.694e-04       
  3.05      3.152e-07       2.065e-07       1.539e-07       2.172e-07       2.085e-07       1.136e-07       3.883e-06       1.001e-04       1.496e-03       3.641e-03       3.612e-03       4.188e-04       
  3.15      1.076e-07       7.044e-08       5.250e-08       7.410e-08       7.115e-08       3.877e-08       1.824e-06       5.419e-05       9.489e-04       2.490e-03       2.527e-03       2.615e-04       
  3.25      3.642e-08       2.385e-08       1.778e-08       2.509e-08       2.409e-08       1.313e-08       8.543e-07       2.923e-05       6.009e-04       1.700e-03       1.765e-03       1.629e-04       
  3.35      1.224e-08       8.018e-09       5.976e-09       8.434e-09       8.098e-09       4.413e-09       3.989e-07       1.573e-05       3.798e-04       1.158e-03       1.230e-03       1.013e-04       
  3.45      4.086e-09       2.676e-09       1.994e-09       2.815e-09       2.703e-09       1.473e-09       1.857e-07       8.436e-06       2.396e-04       7.880e-04       8.556e-04       6.286e-05       
  3.55      1.354e-09       8.869e-10       6.610e-10       9.328e-10       8.957e-10       4.881e-10       8.620e-08       4.513e-06       1.509e-04       5.352e-04       5.941e-04       3.893e-05       
  3.65      4.457e-10       2.919e-10       2.176e-10       3.070e-10       2.948e-10       1.606e-10       3.990e-08       2.408e-06       9.489e-05       3.629e-04       4.118e-04       2.406e-05       
  3.75      1.457e-10       9.543e-11       7.112e-11       1.004e-10       9.638e-11       5.252e-11       1.842e-08       1.281e-06       5.957e-05       2.456e-04       2.850e-04       1.485e-05       
  3.85      4.732e-11       3.099e-11       2.310e-11       3.260e-11       3.130e-11       1.706e-11       8.480e-09       6.803e-07       3.733e-05       1.660e-04       1.969e-04       9.144e-06       
  3.95      1.527e-11       1.000e-11       7.454e-12       1.052e-11       1.010e-11       5.504e-12       3.894e-09       3.602e-07       2.336e-05       1.121e-04       1.358e-04       5.622e-06       
  4.05      4.897e-12       3.207e-12       2.390e-12       3.374e-12       3.239e-12       1.765e-12       1.783e-09       1.903e-07       1.459e-05       7.551e-05       9.352e-05       3.450e-06       
  4.15      1.561e-12       1.022e-12       7.618e-13       1.075e-12       1.032e-12       5.625e-13       8.148e-10       1.003e-07       9.104e-06       5.081e-05       6.430e-05       2.114e-06       
  4.25      4.943e-13       3.238e-13       2.413e-13       3.406e-13       3.270e-13       1.782e-13       3.713e-10       5.273e-08       5.671e-06       3.414e-05       4.414e-05       1.293e-06       
  4.35      1.556e-13       1.019e-13       7.598e-14       1.072e-13       1.030e-13       5.610e-14       1.688e-10       2.766e-08       3.527e-06       2.290e-05       3.026e-05       7.897e-07       
  4.45      4.872e-14       3.191e-14       2.378e-14       3.357e-14       3.223e-14       1.756e-14       7.657e-11       1.448e-08       2.191e-06       1.535e-05       2.071e-05       4.815e-07       
  4.55      1.516e-14       9.932e-15       7.402e-15       1.045e-14       1.003e-14       5.466e-15       3.465e-11       7.562e-09       1.359e-06       1.027e-05       1.415e-05       2.931e-07       
  4.65      4.693e-15       3.074e-15       2.291e-15       3.233e-15       3.104e-15       1.692e-15       1.564e-11       3.941e-09       8.416e-07       6.862e-06       9.659e-06       1.782e-07       
  4.75      1.444e-15       9.460e-16       7.051e-16       9.950e-16       9.554e-16       5.206e-16       7.047e-12       2.050e-09       5.206e-07       4.580e-06       6.583e-06       1.081e-07       
  4.85      4.421e-16       2.896e-16       2.158e-16       3.046e-16       2.924e-16       1.594e-16       3.168e-12       1.064e-09       3.216e-07       3.053e-06       4.480e-06       6.553e-08       
  4.95      1.346e-16       8.815e-17       6.570e-17       9.272e-17       8.903e-17       4.851e-17       1.421e-12       5.509e-10       1.984e-07       2.032e-06       3.045e-06       3.966e-08       
  5.05      4.076e-17       2.670e-17       1.990e-17       2.808e-17       2.696e-17       1.469e-17       6.360e-13       2.848e-10       1.222e-07       1.351e-06       2.067e-06       2.397e-08       
  5.15      1.228e-17       8.042e-18       5.994e-18       8.459e-18       8.122e-18       4.426e-18       2.841e-13       1.469e-10       7.523e-08       8.972e-07       1.401e-06       1.446e-08       
  5.25      3.680e-18       2.410e-18       1.796e-18       2.535e-18       2.434e-18       1.326e-18       1.266e-13       7.565e-11       4.624e-08       5.951e-07       9.485e-07       8.715e-09       
  5.35      1.097e-18       7.188e-19       5.357e-19       7.560e-19       7.259e-19       3.956e-19       5.633e-14       3.888e-11       2.839e-08       3.942e-07       6.413e-07       5.245e-09       
  5.45      3.256e-19       2.133e-19       1.590e-19       2.243e-19       2.154e-19       1.174e-19       2.501e-14       1.994e-11       1.741e-08       2.609e-07       4.331e-07       3.152e-09       
  5.55      9.614e-20       6.297e-20       4.693e-20       6.624e-20       6.360e-20       3.465e-20       1.108e-14       1.021e-11       1.066e-08       1.724e-07       2.921e-07       1.892e-09       
  5.65      2.825e-20       1.850e-20       1.379e-20       1.946e-20       1.869e-20       1.018e-20       4.902e-15       5.219e-12       6.522e-09       1.138e-07       1.968e-07       1.134e-09       
  5.75      8.261e-21       5.411e-21       4.033e-21       5.691e-21       5.465e-21       2.978e-21       2.164e-15       2.663e-12       3.985e-09       7.508e-08       1.324e-07       6.791e-10       
  5.85      2.405e-21       1.575e-21       1.174e-21       1.657e-21       1.591e-21       8.667e-22       9.535e-16       1.356e-12       2.432e-09       4.946e-08       8.899e-08       4.060e-10       
  5.95      6.966e-22       4.563e-22       3.401e-22       4.799e-22       4.608e-22       2.511e-22       4.194e-16       6.894e-13       1.483e-09       3.255e-08       5.974e-08       2.425e-10       
  6.05      2.009e-22       1.316e-22       9.807e-23       1.384e-22       1.329e-22       7.241e-23       1.841e-16       3.499e-13       9.033e-10       2.140e-08       4.006e-08       1.446e-10       
  6.15      5.767e-23       3.777e-23       2.815e-23       3.973e-23       3.815e-23       2.079e-23       8.070e-17       1.773e-13       5.496e-10       1.405e-08       2.683e-08       8.617e-11       
  6.25      1.648e-23       1.080e-23       8.046e-24       1.136e-23       1.090e-23       5.941e-24       3.531e-17       8.967e-14       3.340e-10       9.218e-09       1.795e-08       5.128e-11       
  6.35      4.690e-24       3.072e-24       2.289e-24       3.231e-24       3.102e-24       1.690e-24       1.542e-17       4.529e-14       2.028e-10       6.041e-09       1.200e-08       3.048e-11       
  6.45      1.329e-24       8.702e-25       6.486e-25       9.154e-25       8.789e-25       4.789e-25       6.724e-18       2.283e-14       1.230e-10       3.955e-09       8.008e-09       1.809e-11       
  6.55      3.748e-25       2.455e-25       1.830e-25       2.582e-25       2.479e-25       1.351e-25       2.927e-18       1.149e-14       7.452e-11       2.587e-09       5.341e-09       1.073e-11       
  6.65      1.053e-25       6.895e-26       5.139e-26       7.253e-26       6.964e-26       3.795e-26       1.272e-18       5.777e-15       4.511e-11       1.690e-09       3.558e-09       6.356e-12       
  6.75      2.944e-26       1.929e-26       1.437e-26       2.029e-26       1.948e-26       1.061e-26       5.518e-19       2.899e-15       2.728e-11       1.103e-09       2.368e-09       3.761e-12       
  6.85      8.202e-27       5.372e-27       4.004e-27       5.650e-27       5.425e-27       2.956e-27       2.390e-19       1.453e-15       1.648e-11       7.197e-10       1.574e-09       2.223e-12       
  6.95      2.275e-27       1.490e-27       1.111e-27       1.567e-27       1.505e-27       8.201e-28       1.034e-19       7.267e-16       9.945e-12       4.689e-10       1.045e-09       1.313e-12       
  7.05      6.286e-28       4.117e-28       3.068e-28       4.330e-28       4.158e-28       2.266e-28       4.463e-20       3.630e-16       5.997e-12       3.052e-10       6.935e-10       7.741e-13       
  7.15      1.730e-28       1.133e-28       8.443e-29       1.192e-28       1.144e-28       6.234e-29       1.924e-20       1.811e-16       3.613e-12       1.985e-10       4.597e-10       4.561e-13       
  7.25      4.740e-29       3.105e-29       2.314e-29       3.266e-29       3.136e-29       1.709e-29       8.283e-21       9.019e-17       2.174e-12       1.290e-10       3.044e-10       2.684e-13       
  7.35      1.294e-29       8.476e-30       6.317e-30       8.916e-30       8.560e-30       4.665e-30       3.560e-21       4.486e-17       1.307e-12       8.374e-11       2.013e-10       1.578e-13       
  7.45      3.519e-30       2.305e-30       1.718e-30       2.424e-30       2.328e-30       1.268e-30       1.528e-21       2.228e-17       7.854e-13       5.432e-11       1.331e-10       9.271e-14       
  7.55      9.533e-31       6.244e-31       4.654e-31       6.568e-31       6.306e-31       3.436e-31       6.548e-22       1.105e-17       4.714e-13       3.520e-11       8.785e-11       5.440e-14       
  7.65      2.573e-31       1.685e-31       1.256e-31       1.772e-31       1.702e-31       9.273e-32       2.802e-22       5.472e-18       2.827e-13       2.279e-11       5.795e-11       3.189e-14       
  7.75      6.916e-32       4.530e-32       3.376e-32       4.765e-32       4.575e-32       2.493e-32       1.197e-22       2.707e-18       1.694e-13       1.475e-11       3.819e-11       1.868e-14       
  7.85      1.852e-32       1.213e-32       9.043e-33       1.276e-32       1.225e-32       6.677e-33       5.108e-23       1.337e-18       1.014e-13       9.532e-12       2.515e-11       1.093e-14       
  8.00      2.550e-33       1.670e-33       1.245e-33       1.757e-33       1.687e-33       9.192e-34       1.420e-23       4.628e-19       4.690e-14       4.946e-12       1.341e-11       4.881e-15       