* De conditionele overschrijdingskans van de zeewaterstand gegeven de windrichting
* voor een 12-uursperiode te OS11 gelegen op locatie: 
* 23013, 407778 
*
* De getallen zijn afkomstig uit het spreadsheet Afleiding_zeewaterstandstatistiek.xls,               
* tabblad OvKans_Zeewaterstand.
* Speadsheet gemaakt door Matthijs Duits van HKV lijn in water op 29 april 2013
*
* De parameters voor de Weibullverdelingen (geldig voor een winterhalfjaar), die de basis vormen van 
* onderstaande conditionele overschrijdingskansen, zijn ontleend aan:
* Hydra-K, versie 3.6.5. Bestand: osb.e30
*
* Onderstaand is m de zeewaterstand en r de windrichting
*
*m \ r   30            60            90            120           150           180           210           240           270           300           330           360
1.62     1.000E+00     1.000E+00     1.000E+00     1.000E+00     1.000E+00     1.000E+00     1.000E+00     1.000E+00     1.000E+00     1.000E+00     1.000E+00     1.000E+00
1.72     3.472E-01     3.228E-01     3.317E-01     3.643E-01     3.385E-01     3.023E-01     3.215E-01     5.222E-01     6.630E-01     6.564E-01     5.431E-01     4.008E-01
1.82     1.205E-01     1.042E-01     1.100E-01     1.327E-01     1.146E-01     9.139E-02     1.034E-01     2.727E-01     4.395E-01     4.309E-01     2.950E-01     1.606E-01
1.92     4.185E-02     3.365E-02     3.650E-02     4.834E-02     3.879E-02     2.763E-02     3.324E-02     1.424E-01     2.914E-01     2.828E-01     1.602E-01     6.438E-02
2.02     1.591E-02     1.280E-02     1.388E-02     1.838E-02     1.475E-02     1.050E-02     1.635E-02     8.038E-02     1.900E-01     1.986E-01     1.153E-01     4.144E-02
2.12     5.987E-03     4.814E-03     5.222E-03     6.916E-03     5.549E-03     3.952E-03     8.005E-03     4.519E-02     1.235E-01     1.390E-01     8.268E-02     2.659E-02
2.22     2.230E-03     1.793E-03     1.945E-03     2.576E-03     2.067E-03     1.472E-03     3.902E-03     2.530E-02     8.011E-02     9.710E-02     5.915E-02     1.701E-02
2.32     8.223E-04     6.612E-04     7.172E-04     9.499E-04     7.621E-04     5.428E-04     1.894E-03     1.411E-02     5.182E-02     6.765E-02     4.220E-02     1.085E-02
2.42     3.004E-04     2.415E-04     2.620E-04     3.470E-04     2.784E-04     1.983E-04     9.158E-04     7.840E-03     3.344E-02     4.703E-02     3.004E-02     6.906E-03
2.52     1.087E-04     8.742E-05     9.483E-05     1.256E-04     1.008E-04     7.177E-05     4.410E-04     4.340E-03     2.152E-02     3.261E-02     2.133E-02     4.383E-03
2.62     3.900E-05     3.136E-05     3.402E-05     4.505E-05     3.615E-05     2.575E-05     2.116E-04     2.394E-03     1.382E-02     2.257E-02     1.511E-02     2.774E-03
2.72     1.387E-05     1.115E-05     1.210E-05     1.602E-05     1.286E-05     9.156E-06     1.011E-04     1.316E-03     8.860E-03     1.559E-02     1.068E-02     1.752E-03
2.82     4.892E-06     3.933E-06     4.267E-06     5.651E-06     4.534E-06     3.229E-06     4.817E-05     7.210E-04     5.666E-03     1.074E-02     7.534E-03     1.104E-03
2.92     1.711E-06     1.376E-06     1.493E-06     1.977E-06     1.586E-06     1.130E-06     2.287E-05     3.938E-04     3.616E-03     7.387E-03     5.302E-03     6.936E-04
3.02     5.938E-07     4.775E-07     5.179E-07     6.859E-07     5.504E-07     3.920E-07     1.082E-05     2.144E-04     2.303E-03     5.071E-03     3.724E-03     4.350E-04
3.12     2.045E-07     1.644E-07     1.784E-07     2.362E-07     1.895E-07     1.350E-07     5.102E-06     1.164E-04     1.464E-03     3.474E-03     2.611E-03     2.722E-04
3.22     6.989E-08     5.619E-08     6.096E-08     8.073E-08     6.477E-08     4.613E-08     2.398E-06     6.299E-05     9.287E-04     2.376E-03     1.826E-03     1.699E-04
3.32     2.371E-08     1.906E-08     2.068E-08     2.739E-08     2.198E-08     1.565E-08     1.124E-06     3.399E-05     5.882E-04     1.622E-03     1.275E-03     1.059E-04
3.42     7.986E-09     6.421E-09     6.966E-09     9.225E-09     7.402E-09     5.272E-09     5.252E-07     1.829E-05     3.718E-04     1.106E-03     8.890E-04     6.586E-05
3.52     2.671E-09     2.148E-09     2.330E-09     3.086E-09     2.476E-09     1.763E-09     2.447E-07     9.818E-06     2.346E-04     7.522E-04     6.185E-04     4.088E-05
3.62     8.873E-10     7.135E-10     7.740E-10     1.025E-09     8.224E-10     5.858E-10     1.137E-07     5.255E-06     1.478E-04     5.109E-04     4.296E-04     2.532E-05
3.72     2.928E-10     2.354E-10     2.554E-10     3.382E-10     2.714E-10     1.933E-10     5.268E-08     2.806E-06     9.296E-05     3.465E-04     2.979E-04     1.566E-05
3.82     9.598E-11     7.717E-11     8.371E-11     1.109E-10     8.895E-11     6.336E-11     2.434E-08     1.494E-06     5.837E-05     2.346E-04     2.062E-04     9.666E-06
3.92     3.126E-11     2.513E-11     2.727E-11     3.611E-11     2.897E-11     2.064E-11     1.122E-08     7.937E-07     3.659E-05     1.586E-04     1.425E-04     5.956E-06
4.02     1.012E-11     8.134E-12     8.824E-12     1.169E-11     9.376E-12     6.678E-12     5.157E-09     4.206E-07     2.291E-05     1.071E-04     9.830E-05     3.663E-06
4.12     3.254E-12     2.616E-12     2.838E-12     3.759E-12     3.016E-12     2.148E-12     2.365E-09     2.224E-07     1.432E-05     7.217E-05     6.771E-05     2.249E-06
4.22     1.040E-12     8.365E-13     9.074E-13     1.202E-12     9.642E-13     6.867E-13     1.082E-09     1.173E-07     8.934E-06     4.858E-05     4.657E-05     1.379E-06
4.32     3.306E-13     2.658E-13     2.884E-13     3.819E-13     3.064E-13     2.182E-13     4.935E-10     6.172E-08     5.567E-06     3.265E-05     3.198E-05     8.439E-07
4.42     1.045E-13     8.399E-14     9.111E-14     1.207E-13     9.681E-14     6.895E-14     2.246E-10     3.241E-08     3.464E-06     2.192E-05     2.193E-05     5.157E-07
4.52     3.281E-14     2.638E-14     2.862E-14     3.790E-14     3.041E-14     2.166E-14     1.020E-10     1.698E-08     2.153E-06     1.469E-05     1.502E-05     3.146E-07
4.62     1.025E-14     8.241E-15     8.940E-15     1.184E-14     9.499E-15     6.766E-15     4.623E-11     8.877E-09     1.336E-06     9.835E-06     1.027E-05     1.916E-07
4.72     3.184E-15     2.560E-15     2.777E-15     3.678E-15     2.951E-15     2.102E-15     2.090E-11     4.631E-09     8.279E-07     6.575E-06     7.012E-06     1.166E-07
4.82     9.836E-16     7.909E-16     8.579E-16     1.136E-15     9.116E-16     6.493E-16     9.430E-12     2.411E-09     5.124E-07     4.390E-06     4.781E-06     7.080E-08
4.92     3.022E-16     2.430E-16     2.636E-16     3.491E-16     2.801E-16     1.995E-16     4.245E-12     1.253E-09     3.167E-07     2.927E-06     3.256E-06     4.294E-08
5.02     9.239E-17     7.428E-17     8.058E-17     1.067E-16     8.562E-17     6.099E-17     1.907E-12     6.495E-10     1.955E-07     1.950E-06     2.214E-06     2.600E-08
5.12     2.809E-17     2.259E-17     2.450E-17     3.245E-17     2.604E-17     1.854E-17     8.548E-13     3.361E-10     1.205E-07     1.297E-06     1.504E-06     1.573E-08
5.22     8.498E-18     6.833E-18     7.413E-18     9.817E-18     7.877E-18     5.610E-18     3.824E-13     1.736E-10     7.422E-08     8.617E-07     1.020E-06     9.497E-09
5.32     2.558E-18     2.057E-18     2.231E-18     2.955E-18     2.371E-18     1.689E-18     1.707E-13     8.949E-11     4.565E-08     5.719E-07     6.909E-07     5.728E-09
5.42     7.661E-19     6.160E-19     6.682E-19     8.850E-19     7.101E-19     5.058E-19     7.608E-14     4.605E-11     2.804E-08     3.791E-07     4.675E-07     3.450E-09
5.52     2.283E-19     1.836E-19     1.992E-19     2.638E-19     2.116E-19     1.507E-19     3.384E-14     2.365E-11     1.721E-08     2.510E-07     3.159E-07     2.075E-09
5.62     6.773E-20     5.445E-20     5.907E-20     7.823E-20     6.277E-20     4.471E-20     1.502E-14     1.213E-11     1.055E-08     1.660E-07     2.132E-07     1.247E-09
5.72     1.999E-20     1.607E-20     1.744E-20     2.309E-20     1.853E-20     1.320E-20     6.654E-15     6.206E-12     6.456E-09     1.097E-07     1.437E-07     7.479E-10
5.82     5.874E-21     4.723E-21     5.123E-21     6.785E-21     5.444E-21     3.877E-21     2.943E-15     3.170E-12     3.948E-09     7.237E-08     9.678E-08     4.482E-10
5.92     1.718E-21     1.381E-21     1.498E-21     1.984E-21     1.592E-21     1.134E-21     1.299E-15     1.617E-12     2.412E-09     4.771E-08     6.509E-08     2.682E-10
6.02     5.001E-22     4.021E-22     4.362E-22     5.776E-22     4.635E-22     3.301E-22     5.724E-16     8.231E-13     1.471E-09     3.142E-08     4.373E-08     1.603E-10
6.12     1.449E-22     1.165E-22     1.264E-22     1.674E-22     1.343E-22     9.566E-23     2.518E-16     4.183E-13     8.969E-10     2.067E-08     2.934E-08     9.573E-11
6.22     4.181E-23     3.362E-23     3.647E-23     4.830E-23     3.875E-23     2.760E-23     1.105E-16     2.123E-13     5.461E-10     1.358E-08     1.967E-08     5.708E-11
6.32     1.201E-23     9.656E-24     1.047E-23     1.387E-23     1.113E-23     7.928E-24     4.845E-17     1.075E-13     3.322E-10     8.916E-09     1.317E-08     3.400E-11
6.42     3.435E-24     2.762E-24     2.996E-24     3.967E-24     3.183E-24     2.267E-24     2.120E-17     5.439E-14     2.018E-10     5.847E-09     8.808E-09     2.023E-11
6.52     9.781E-25     7.864E-25     8.531E-25     1.130E-24     9.065E-25     6.456E-25     9.262E-18     2.746E-14     1.225E-10     3.831E-09     5.885E-09     1.202E-11
6.62     2.773E-25     2.230E-25     2.419E-25     3.204E-25     2.570E-25     1.831E-25     4.039E-18     1.385E-14     7.429E-11     2.508E-09     3.928E-09     7.137E-12
6.72     7.831E-26     6.297E-26     6.831E-26     9.046E-26     7.258E-26     5.170E-26     1.759E-18     6.969E-15     4.501E-11     1.640E-09     2.619E-09     4.232E-12
6.82     2.202E-26     1.771E-26     1.921E-26     2.544E-26     2.041E-26     1.454E-26     7.646E-19     3.503E-15     2.724E-11     1.071E-09     1.744E-09     2.507E-12
6.92     6.167E-27     4.959E-27     5.379E-27     7.124E-27     5.716E-27     4.071E-27     3.319E-19     1.758E-15     1.647E-11     6.992E-10     1.160E-09     1.483E-12
7.02     1.720E-27     1.383E-27     1.500E-27     1.987E-27     1.594E-27     1.136E-27     1.438E-19     8.809E-16     9.949E-12     4.559E-10     7.714E-10     8.766E-13
7.12     4.779E-28     3.842E-28     4.168E-28     5.520E-28     4.429E-28     3.155E-28     6.222E-20     4.408E-16     6.004E-12     2.970E-10     5.122E-10     5.176E-13