* De conditionele overschrijdingskans van de potentiële windsnelheid, gegeven de windrichting
* voor een 12-uursperiode te West Terschelling. Zonder onzekerheid.
* 
* Het waterstandsbereik waarvoor de overschrijdingskansen zijn 0.0 m/s en 2.0 m/s tot 42.00 m/s
* met een stapgrootte van 0.5 m/s.
*
* Door: G.W.F. Rongen van HKV lijn in water
* Project: PR3280.14
*
* u (m/s)   30              60              90              120             150             180             210             240             270             300             330             360
  0.00      1.000e+00       1.000e+00       1.000e+00       1.000e+00       1.000e+00       1.000e+00       1.000e+00       1.000e+00       1.000e+00       1.000e+00       1.000e+00       1.000e+00       
  2.00      9.948e-01       9.868e-01       9.931e-01       9.922e-01       9.894e-01       9.970e-01       9.959e-01       9.972e-01       9.942e-01       9.930e-01       9.927e-01       9.892e-01       
  2.50      9.935e-01       9.835e-01       9.914e-01       9.903e-01       9.868e-01       9.963e-01       9.949e-01       9.966e-01       9.927e-01       9.913e-01       9.909e-01       9.866e-01       
  3.00      9.839e-01       9.772e-01       9.771e-01       9.814e-01       9.619e-01       9.898e-01       9.914e-01       9.913e-01       9.891e-01       9.801e-01       9.818e-01       9.735e-01       
  3.50      9.548e-01       9.646e-01       9.634e-01       9.536e-01       9.473e-01       9.806e-01       9.819e-01       9.865e-01       9.827e-01       9.684e-01       9.647e-01       9.654e-01       
  4.00      9.258e-01       9.269e-01       9.383e-01       9.231e-01       9.237e-01       9.640e-01       9.662e-01       9.682e-01       9.681e-01       9.505e-01       9.504e-01       9.337e-01       
  4.50      8.774e-01       8.986e-01       9.086e-01       8.846e-01       8.793e-01       9.409e-01       9.443e-01       9.547e-01       9.480e-01       9.327e-01       9.316e-01       8.934e-01       
  5.00      8.258e-01       8.420e-01       8.743e-01       8.382e-01       8.225e-01       9.141e-01       9.246e-01       9.396e-01       9.280e-01       9.121e-01       9.009e-01       8.329e-01       
  5.50      7.645e-01       7.736e-01       8.206e-01       7.653e-01       7.545e-01       8.809e-01       8.878e-01       9.165e-01       9.088e-01       8.846e-01       8.632e-01       7.983e-01       
  6.00      7.000e-01       7.028e-01       7.669e-01       6.870e-01       6.546e-01       8.283e-01       8.603e-01       8.895e-01       8.851e-01       8.516e-01       8.342e-01       7.406e-01       
  6.50      6.581e-01       6.486e-01       6.789e-01       6.154e-01       5.603e-01       7.701e-01       8.210e-01       8.569e-01       8.614e-01       8.352e-01       7.932e-01       7.089e-01       
  7.00      5.581e-01       5.896e-01       6.206e-01       5.610e-01       4.910e-01       7.054e-01       7.708e-01       8.299e-01       8.314e-01       7.995e-01       7.436e-01       6.782e-01       
  7.50      5.032e-01       5.283e-01       5.634e-01       4.934e-01       4.175e-01       6.510e-01       7.245e-01       7.846e-01       7.894e-01       7.582e-01       6.923e-01       6.412e-01       
  8.00      4.323e-01       4.693e-01       5.006e-01       4.430e-01       3.606e-01       6.011e-01       6.703e-01       7.377e-01       7.484e-01       7.170e-01       6.479e-01       5.879e-01       
  8.50      3.742e-01       4.009e-01       4.423e-01       3.740e-01       3.024e-01       5.392e-01       6.193e-01       6.963e-01       7.211e-01       6.813e-01       5.949e-01       5.447e-01       
  9.00      3.161e-01       3.608e-01       4.069e-01       3.143e-01       2.663e-01       4.894e-01       5.840e-01       6.574e-01       6.882e-01       6.456e-01       5.504e-01       4.957e-01       
  9.50      2.645e-01       3.113e-01       3.531e-01       2.639e-01       2.025e-01       4.358e-01       5.283e-01       6.240e-01       6.390e-01       5.934e-01       5.179e-01       4.524e-01       
  10.00     2.258e-01       2.382e-01       2.823e-01       2.109e-01       1.484e-01       3.804e-01       4.725e-01       5.922e-01       5.962e-01       5.440e-01       4.769e-01       4.063e-01       
  10.50     1.903e-01       2.075e-01       2.423e-01       1.525e-01       1.040e-01       3.333e-01       4.356e-01       5.405e-01       5.460e-01       4.945e-01       4.308e-01       3.602e-01       
  11.00     1.473e-01       1.792e-01       2.069e-01       9.947e-02       7.628e-02       2.844e-01       3.807e-01       4.857e-01       4.895e-01       4.519e-01       3.744e-01       3.112e-01       
  11.50     1.237e-01       1.533e-01       1.817e-01       7.692e-02       6.241e-02       2.484e-01       3.399e-01       4.428e-01       4.512e-01       4.080e-01       3.350e-01       2.392e-01       
  12.00     9.779e-02       1.462e-01       1.566e-01       5.269e-02       4.874e-02       2.031e-01       2.975e-01       3.816e-01       3.974e-01       3.613e-01       2.991e-01       2.017e-01       
  12.50     7.733e-02       1.250e-01       1.223e-01       3.609e-02       3.806e-02       1.699e-01       2.567e-01       3.331e-01       3.546e-01       3.255e-01       2.547e-01       1.729e-01       
  13.00     6.115e-02       9.906e-02       9.829e-02       2.472e-02       2.972e-02       1.283e-01       2.214e-01       2.909e-01       3.054e-01       2.802e-01       2.103e-01       1.513e-01       
  13.50     4.836e-02       8.019e-02       7.543e-02       1.693e-02       2.321e-02       1.062e-01       1.923e-01       2.361e-01       2.598e-01       2.500e-01       1.744e-01       1.239e-01       
  14.00     3.824e-02       6.368e-02       5.486e-02       1.160e-02       1.812e-02       7.941e-02       1.601e-01       1.948e-01       2.306e-01       2.184e-01       1.487e-01       9.718e-02       
  14.50     3.024e-02       4.260e-02       3.635e-02       7.944e-03       1.415e-02       6.833e-02       1.350e-01       1.582e-01       2.015e-01       1.909e-01       1.231e-01       7.621e-02       
  15.00     2.391e-02       2.850e-02       2.409e-02       5.442e-03       1.105e-02       5.171e-02       1.083e-01       1.232e-01       1.723e-01       1.641e-01       1.043e-01       5.977e-02       
  15.50     1.891e-02       1.906e-02       1.597e-02       3.727e-03       8.629e-03       3.601e-02       8.477e-02       1.033e-01       1.449e-01       1.456e-01       8.889e-02       4.687e-02       
  16.00     1.495e-02       1.275e-02       1.058e-02       2.490e-03       6.738e-03       2.417e-02       6.122e-02       7.631e-02       1.203e-01       1.223e-01       7.146e-02       3.676e-02       
  16.50     1.183e-02       8.531e-03       7.012e-03       1.664e-03       5.261e-03       1.622e-02       4.788e-02       6.161e-02       1.026e-01       9.341e-02       5.744e-02       2.882e-02       
  17.00     9.351e-03       5.707e-03       4.647e-03       1.112e-03       4.109e-03       1.089e-02       3.689e-02       4.372e-02       7.566e-02       7.555e-02       4.618e-02       2.260e-02       
  17.50     7.395e-03       3.818e-03       3.079e-03       7.429e-04       2.903e-03       7.308e-03       2.669e-02       4.134e-02       6.199e-02       6.250e-02       3.712e-02       1.773e-02       
  18.00     5.848e-03       2.855e-03       1.986e-03       4.964e-04       2.052e-03       4.905e-03       1.971e-02       2.941e-02       5.287e-02       4.856e-02       2.984e-02       1.390e-02       
  18.50     4.436e-03       2.135e-03       1.281e-03       3.317e-04       1.450e-03       3.292e-03       1.456e-02       2.160e-02       3.993e-02       3.773e-02       2.399e-02       1.090e-02       
  19.00     3.365e-03       1.596e-03       8.261e-04       2.216e-04       1.024e-03       2.209e-03       1.075e-02       1.586e-02       3.016e-02       2.931e-02       1.928e-02       8.549e-03       
  19.50     2.553e-03       1.193e-03       5.328e-04       1.481e-04       7.239e-04       1.391e-03       7.941e-03       1.164e-02       2.277e-02       2.277e-02       1.550e-02       6.705e-03       
  20.00     1.937e-03       8.924e-04       3.436e-04       9.893e-05       5.116e-04       8.753e-04       5.865e-03       8.551e-03       1.720e-02       1.769e-02       1.246e-02       5.258e-03       
  20.50     1.469e-03       6.673e-04       2.216e-04       6.610e-05       3.615e-04       5.509e-04       4.331e-03       6.279e-03       1.299e-02       1.375e-02       1.002e-02       3.854e-03       
  21.00     1.115e-03       4.990e-04       1.429e-04       4.417e-05       2.555e-04       3.468e-04       3.199e-03       4.610e-03       9.810e-03       1.068e-02       8.052e-03       2.825e-03       
  21.50     8.456e-04       3.731e-04       9.217e-05       2.951e-05       1.805e-04       2.183e-04       2.363e-03       3.385e-03       7.409e-03       8.298e-03       6.473e-03       2.071e-03       
  22.00     6.415e-04       2.790e-04       5.945e-05       1.972e-05       1.276e-04       1.374e-04       1.745e-03       2.486e-03       5.595e-03       6.447e-03       5.204e-03       1.518e-03       
  22.50     4.867e-04       2.086e-04       3.834e-05       1.317e-05       9.014e-05       8.647e-05       1.289e-03       1.825e-03       4.225e-03       5.009e-03       3.971e-03       1.113e-03       
  23.00     3.692e-04       1.560e-04       2.473e-05       8.803e-06       6.370e-05       5.442e-05       9.391e-04       1.322e-03       3.191e-03       3.892e-03       3.031e-03       8.158e-04       
  23.50     2.801e-04       1.166e-04       1.595e-05       5.882e-06       4.501e-05       3.426e-05       6.844e-04       9.575e-04       2.410e-03       3.023e-03       2.313e-03       5.980e-04       
  24.00     2.125e-04       8.721e-05       1.029e-05       3.930e-06       3.181e-05       2.156e-05       4.987e-04       6.935e-04       1.811e-03       2.268e-03       1.765e-03       4.383e-04       
  24.50     1.612e-04       6.521e-05       6.633e-06       2.626e-06       2.248e-05       1.357e-05       3.634e-04       5.023e-04       1.361e-03       1.702e-03       1.347e-03       3.213e-04       
  25.00     1.223e-04       4.876e-05       4.278e-06       1.754e-06       1.588e-05       8.542e-06       2.648e-04       3.638e-04       1.023e-03       1.277e-03       1.028e-03       2.355e-04       
  25.50     9.277e-05       3.646e-05       2.759e-06       1.172e-06       1.122e-05       5.376e-06       1.930e-04       2.635e-04       7.686e-04       9.579e-04       7.846e-04       1.727e-04       
  26.00     7.038e-05       2.726e-05       1.779e-06       7.832e-07       7.931e-06       3.384e-06       1.406e-04       1.908e-04       5.776e-04       7.187e-04       5.988e-04       1.266e-04       
  26.50     5.339e-05       2.039e-05       1.148e-06       5.233e-07       5.605e-06       2.130e-06       1.025e-04       1.382e-04       4.340e-04       5.392e-04       4.570e-04       9.278e-05       
  27.00     4.051e-05       1.524e-05       7.402e-07       3.497e-07       3.961e-06       1.341e-06       7.469e-05       1.001e-04       3.262e-04       4.045e-04       3.488e-04       6.801e-05       
  27.50     3.073e-05       1.140e-05       4.774e-07       2.336e-07       2.799e-06       8.438e-07       5.443e-05       7.251e-05       2.451e-04       3.035e-04       2.662e-04       4.985e-05       
  28.00     2.331e-05       8.523e-06       3.079e-07       1.561e-07       1.978e-06       5.311e-07       3.966e-05       5.252e-05       1.842e-04       2.277e-04       2.031e-04       3.655e-05       
  28.50     1.768e-05       6.373e-06       1.986e-07       1.043e-07       1.398e-06       3.343e-07       2.890e-05       3.804e-05       1.384e-04       1.708e-04       1.550e-04       2.679e-05       
  29.00     1.342e-05       4.765e-06       1.281e-07       6.969e-08       9.876e-07       2.104e-07       2.106e-05       2.755e-05       1.040e-04       1.282e-04       1.183e-04       1.964e-05       
  29.50     1.018e-05       3.563e-06       8.259e-08       4.657e-08       6.979e-07       1.324e-07       1.535e-05       1.995e-05       7.817e-05       9.615e-05       9.029e-05       1.439e-05       
  30.00     7.721e-06       2.664e-06       5.327e-08       3.111e-08       4.931e-07       8.335e-08       1.119e-05       1.445e-05       5.874e-05       7.213e-05       6.891e-05       1.055e-05       
  30.50     5.858e-06       1.992e-06       3.435e-08       2.079e-08       3.485e-07       5.246e-08       8.151e-06       1.047e-05       4.414e-05       5.412e-05       5.259e-05       7.735e-06       
  31.00     4.444e-06       1.490e-06       2.216e-08       1.389e-08       2.463e-07       3.302e-08       5.940e-06       7.581e-06       3.317e-05       4.060e-05       4.014e-05       5.670e-06       
  31.50     3.371e-06       1.114e-06       1.429e-08       9.281e-09       1.740e-07       2.078e-08       4.329e-06       5.491e-06       2.493e-05       3.046e-05       3.063e-05       4.156e-06       
  32.00     2.557e-06       8.329e-07       9.216e-09       6.201e-09       1.230e-07       1.308e-08       3.154e-06       3.977e-06       1.873e-05       2.285e-05       2.338e-05       3.047e-06       
  32.50     1.940e-06       6.228e-07       5.944e-09       4.143e-09       8.689e-08       8.234e-09       2.299e-06       2.880e-06       1.408e-05       1.715e-05       1.784e-05       2.233e-06       
  33.00     1.472e-06       4.657e-07       3.833e-09       2.768e-09       6.140e-08       5.183e-09       1.675e-06       2.086e-06       1.058e-05       1.286e-05       1.361e-05       1.637e-06       
  33.50     1.117e-06       3.482e-07       2.472e-09       1.850e-09       4.339e-08       3.262e-09       1.221e-06       1.511e-06       7.949e-06       9.651e-06       1.039e-05       1.200e-06       
  34.00     8.471e-07       2.604e-07       1.594e-09       1.236e-09       3.066e-08       2.053e-09       8.895e-07       1.094e-06       5.974e-06       7.240e-06       7.930e-06       8.797e-07       
  34.50     6.426e-07       1.947e-07       1.028e-09       8.258e-10       2.167e-08       1.292e-09       6.482e-07       7.926e-07       4.489e-06       5.432e-06       6.052e-06       6.449e-07       
  35.00     4.875e-07       1.456e-07       6.632e-10       5.518e-10       1.531e-08       8.134e-10       4.724e-07       5.741e-07       3.374e-06       4.075e-06       4.619e-06       4.727e-07       
  35.50     3.698e-07       1.089e-07       4.277e-10       3.687e-10       1.082e-08       5.120e-10       3.442e-07       4.158e-07       2.535e-06       3.058e-06       3.525e-06       3.465e-07       
  36.00     2.806e-07       8.140e-08       2.759e-10       2.463e-10       7.646e-09       3.222e-10       2.509e-07       3.011e-07       1.905e-06       2.294e-06       2.690e-06       2.540e-07       
  36.50     2.128e-07       6.087e-08       1.779e-10       1.646e-10       5.403e-09       2.028e-10       1.828e-07       2.181e-07       1.432e-06       1.721e-06       2.053e-06       1.862e-07       
  37.00     1.615e-07       4.551e-08       1.147e-10       1.100e-10       3.818e-09       1.277e-10       1.332e-07       1.580e-07       1.076e-06       1.291e-06       1.567e-06       1.365e-07       
  37.50     1.225e-07       3.403e-08       7.400e-11       7.348e-11       2.698e-09       8.035e-11       9.708e-08       1.144e-07       8.085e-07       9.687e-07       1.196e-06       1.001e-07       
  38.00     9.293e-08       2.545e-08       4.773e-11       4.910e-11       1.906e-09       5.057e-11       7.074e-08       8.287e-08       6.076e-07       7.267e-07       9.125e-07       7.334e-08       
  38.50     7.050e-08       1.903e-08       3.078e-11       3.280e-11       1.347e-09       3.183e-11       5.155e-08       6.002e-08       4.566e-07       5.452e-07       6.964e-07       5.376e-08       
  39.00     5.348e-08       1.423e-08       1.985e-11       2.192e-11       9.520e-10       2.004e-11       3.757e-08       4.347e-08       3.431e-07       4.091e-07       5.315e-07       3.941e-08       
  39.50     4.057e-08       1.064e-08       1.280e-11       1.465e-11       6.727e-10       1.261e-11       2.738e-08       3.149e-08       2.578e-07       3.069e-07       4.056e-07       2.889e-08       
  40.00     3.078e-08       7.955e-09       8.258e-12       9.785e-12       4.754e-10       7.937e-12       1.995e-08       2.280e-08       1.938e-07       2.302e-07       3.096e-07       2.118e-08       
  40.50     2.335e-08       5.948e-09       5.326e-12       6.538e-12       3.359e-10       4.996e-12       1.454e-08       1.652e-08       1.456e-07       1.727e-07       2.362e-07       1.552e-08       
  41.00     1.771e-08       4.448e-09       3.435e-12       4.369e-12       2.374e-10       3.144e-12       1.059e-08       1.196e-08       1.094e-07       1.296e-07       1.803e-07       1.138e-08       
  41.50     1.344e-08       3.326e-09       2.215e-12       2.919e-12       1.677e-10       1.979e-12       7.720e-09       8.664e-09       8.222e-08       9.723e-08       1.376e-07       8.341e-09       
  42.00     1.019e-08       2.487e-09       1.429e-12       1.950e-12       1.185e-10       1.246e-12       5.626e-09       6.275e-09       6.179e-08       7.295e-08       1.050e-07       6.114e-09       