* De conditionele overschrijdingskans van de zeewaterstand zonder statistische onzekerheid gegeven de windrichting
* voor een 12-uursperiode te IJmuiden - Additional, gelegen op locatie: 
* 108133, 495081
* 
* Het waterstandsbereik waarvoor de overschrijdingskansen zijn gegeven is het hoogwater 1991 tot 8.00 m + NAP
* met een stapgrootte van 0.1 m. De laatste stapgrootte kan afwijken om op 8.00 m uit te komen. Hierbij wordt
* een stapgrootte van mimimaal 6 en maximaal 15 cm gekozen.
* 
* Betreft zichtjaar 1985 (het jaar waarvoor de basispeilen zijn afgeleid); 
* zeespiegelstijging sinds 1985 moet apart in rekening worden gebracht.
*
* Door: G.W.F. Rongen van HKV lijn in water
* Project: PR3280.20.03
*
* m (m+NAP) 30              60              90              120             150             180             210             240             270             300             330             360
  0.97      1.000e+00       1.000e+00       1.000e+00       1.000e+00       1.000e+00       1.000e+00       1.000e+00       1.000e+00       1.000e+00       1.000e+00       1.000e+00       1.000e+00       
  1.07      4.428e-01       3.846e-01       3.487e-01       3.911e-01       3.858e-01       3.152e-01       3.648e-01       6.823e-01       8.358e-01       7.833e-01       6.622e-01       5.150e-01       
  1.17      1.961e-01       1.479e-01       1.216e-01       1.530e-01       1.489e-01       9.932e-02       1.330e-01       4.656e-01       6.986e-01       6.136e-01       4.385e-01       2.652e-01       
  1.27      8.684e-02       5.688e-02       4.239e-02       5.983e-02       5.744e-02       3.130e-02       4.853e-02       3.177e-01       5.839e-01       4.806e-01       2.904e-01       1.366e-01       
  1.37      3.705e-02       2.427e-02       1.809e-02       2.552e-02       2.451e-02       1.335e-02       2.333e-02       1.647e-01       3.761e-01       3.242e-01       2.043e-01       8.317e-02       
  1.47      1.576e-02       1.032e-02       7.692e-03       1.086e-02       1.042e-02       5.680e-03       1.121e-02       8.552e-02       2.433e-01       2.200e-01       1.444e-01       5.073e-02       
  1.57      6.683e-03       4.377e-03       3.262e-03       4.604e-03       4.421e-03       2.409e-03       5.382e-03       4.446e-02       1.580e-01       1.502e-01       1.026e-01       3.100e-02       
  1.67      2.826e-03       1.851e-03       1.380e-03       1.947e-03       1.870e-03       1.019e-03       2.583e-03       2.315e-02       1.030e-01       1.031e-01       7.314e-02       1.897e-02       
  1.77      1.192e-03       7.808e-04       5.820e-04       8.213e-04       7.886e-04       4.297e-04       1.239e-03       1.206e-02       6.733e-02       7.108e-02       5.236e-02       1.163e-02       
  1.87      5.017e-04       3.286e-04       2.449e-04       3.456e-04       3.319e-04       1.808e-04       5.943e-04       6.294e-03       4.416e-02       4.925e-02       3.761e-02       7.136e-03       
  1.97      2.106e-04       1.379e-04       1.028e-04       1.451e-04       1.393e-04       7.592e-05       2.849e-04       3.287e-03       2.905e-02       3.427e-02       2.711e-02       4.386e-03       
  2.07      8.822e-05       5.779e-05       4.307e-05       6.078e-05       5.836e-05       3.180e-05       1.365e-04       1.719e-03       1.916e-02       2.394e-02       1.960e-02       2.698e-03       
  2.17      3.688e-05       2.416e-05       1.800e-05       2.541e-05       2.440e-05       1.329e-05       6.540e-05       8.994e-04       1.267e-02       1.679e-02       1.422e-02       1.662e-03       
  2.27      1.539e-05       1.008e-05       7.510e-06       1.060e-05       1.018e-05       5.546e-06       3.132e-05       4.711e-04       8.403e-03       1.182e-02       1.034e-02       1.025e-03       
  2.37      6.406e-06       4.196e-06       3.127e-06       4.413e-06       4.238e-06       2.309e-06       1.499e-05       2.469e-04       5.584e-03       8.344e-03       7.540e-03       6.329e-04       
  2.47      2.662e-06       1.744e-06       1.300e-06       1.834e-06       1.761e-06       9.597e-07       7.175e-06       1.296e-04       3.719e-03       5.912e-03       5.512e-03       3.911e-04       
  2.57      1.105e-06       7.234e-07       5.392e-07       7.609e-07       7.306e-07       3.981e-07       3.433e-06       6.803e-05       2.482e-03       4.201e-03       4.039e-03       2.420e-04       
  2.67      4.574e-07       2.996e-07       2.233e-07       3.151e-07       3.026e-07       1.649e-07       1.642e-06       3.574e-05       1.660e-03       2.994e-03       2.966e-03       1.498e-04       
  2.77      1.891e-07       1.239e-07       9.233e-08       1.303e-07       1.251e-07       6.818e-08       7.850e-07       1.880e-05       1.113e-03       2.140e-03       2.183e-03       9.284e-05       
  2.87      7.808e-08       5.114e-08       3.812e-08       5.379e-08       5.165e-08       2.814e-08       3.753e-07       9.890e-06       7.470e-04       1.533e-03       1.611e-03       5.759e-05       
  2.97      3.218e-08       2.108e-08       1.571e-08       2.217e-08       2.129e-08       1.160e-08       1.793e-07       5.208e-06       5.024e-04       1.102e-03       1.190e-03       3.575e-05       
  3.07      1.324e-08       8.675e-09       6.466e-09       9.125e-09       8.762e-09       4.774e-09       8.568e-08       2.744e-06       3.385e-04       7.934e-04       8.815e-04       2.221e-05       
  3.17      5.443e-09       3.565e-09       2.657e-09       3.750e-09       3.601e-09       1.962e-09       4.093e-08       1.447e-06       2.285e-04       5.727e-04       6.540e-04       1.381e-05       
  3.27      2.234e-09       1.463e-09       1.090e-09       1.539e-09       1.478e-09       8.052e-10       1.955e-08       7.632e-07       1.544e-04       4.143e-04       4.861e-04       8.593e-06       
  3.37      9.155e-10       5.996e-10       4.469e-10       6.307e-10       6.056e-10       3.300e-10       9.332e-09       4.029e-07       1.046e-04       3.004e-04       3.619e-04       5.351e-06       
  3.47      3.747e-10       2.454e-10       1.829e-10       2.581e-10       2.479e-10       1.351e-10       4.455e-09       2.128e-07       7.090e-05       2.183e-04       2.699e-04       3.334e-06       
  3.57      1.532e-10       1.003e-10       7.477e-11       1.055e-10       1.013e-10       5.521e-11       2.126e-09       1.124e-07       4.814e-05       1.589e-04       2.016e-04       2.079e-06       
  3.67      6.253e-11       4.095e-11       3.052e-11       4.308e-11       4.136e-11       2.254e-11       1.014e-09       5.945e-08       3.274e-05       1.159e-04       1.508e-04       1.297e-06       
  3.77      2.550e-11       1.670e-11       1.245e-11       1.756e-11       1.687e-11       9.190e-12       4.839e-10       3.145e-08       2.229e-05       8.473e-05       1.130e-04       8.099e-07       
  3.87      1.038e-11       6.801e-12       5.069e-12       7.153e-12       6.869e-12       3.743e-12       2.308e-10       1.665e-08       1.520e-05       6.204e-05       8.477e-05       5.060e-07       
  3.97      4.224e-12       2.767e-12       2.062e-12       2.910e-12       2.794e-12       1.523e-12       1.101e-10       8.814e-09       1.038e-05       4.550e-05       6.369e-05       3.163e-07       
  4.07      1.716e-12       1.124e-12       8.378e-13       1.182e-12       1.135e-12       6.186e-13       5.247e-11       4.670e-09       7.093e-06       3.343e-05       4.792e-05       1.978e-07       
  4.17      6.966e-13       4.563e-13       3.401e-13       4.799e-13       4.608e-13       2.511e-13       2.501e-11       2.475e-09       4.854e-06       2.461e-05       3.610e-05       1.238e-07       
  4.27      2.824e-13       1.850e-13       1.379e-13       1.946e-13       1.868e-13       1.018e-13       1.192e-11       1.312e-09       3.326e-06       1.814e-05       2.723e-05       7.754e-08       
  4.37      1.144e-13       7.492e-14       5.584e-14       7.881e-14       7.567e-14       4.123e-14       5.681e-12       6.963e-10       2.282e-06       1.339e-05       2.057e-05       4.858e-08       
  4.47      4.628e-14       3.031e-14       2.259e-14       3.188e-14       3.061e-14       1.668e-14       2.706e-12       3.696e-10       1.567e-06       9.902e-06       1.556e-05       3.045e-08       
  4.57      1.871e-14       1.225e-14       9.132e-15       1.289e-14       1.237e-14       6.743e-15       1.289e-12       1.962e-10       1.077e-06       7.333e-06       1.178e-05       1.910e-08       
  4.67      7.553e-15       4.947e-15       3.687e-15       5.204e-15       4.996e-15       2.723e-15       6.140e-13       1.042e-10       7.414e-07       5.438e-06       8.927e-06       1.199e-08       
  4.77      3.047e-15       1.996e-15       1.487e-15       2.099e-15       2.016e-15       1.098e-15       2.924e-13       5.539e-11       5.108e-07       4.038e-06       6.775e-06       7.526e-09       
  4.87      1.228e-15       8.043e-16       5.994e-16       8.460e-16       8.123e-16       4.426e-16       1.392e-13       2.945e-11       3.523e-07       3.003e-06       5.146e-06       4.727e-09       
  4.97      4.944e-16       3.238e-16       2.413e-16       3.406e-16       3.270e-16       1.782e-16       6.628e-14       1.566e-11       2.432e-07       2.236e-06       3.914e-06       2.971e-09       
  5.07      1.989e-16       1.303e-16       9.708e-17       1.370e-16       1.316e-16       7.169e-17       3.155e-14       8.332e-12       1.680e-07       1.667e-06       2.980e-06       1.868e-09       
  5.17      7.993e-17       5.235e-17       3.902e-17       5.507e-17       5.287e-17       2.881e-17       1.501e-14       4.434e-12       1.162e-07       1.245e-06       2.271e-06       1.175e-09       
  5.27      3.210e-17       2.102e-17       1.567e-17       2.211e-17       2.123e-17       1.157e-17       7.144e-15       2.361e-12       8.046e-08       9.305e-07       1.732e-06       7.395e-10       
  5.37      1.288e-17       8.434e-18       6.286e-18       8.871e-18       8.518e-18       4.641e-18       3.399e-15       1.258e-12       5.575e-08       6.964e-07       1.323e-06       4.656e-10       
  5.47      5.162e-18       3.381e-18       2.520e-18       3.556e-18       3.414e-18       1.861e-18       1.617e-15       6.700e-13       3.866e-08       5.218e-07       1.011e-06       2.932e-10       
  5.57      2.067e-18       1.354e-18       1.009e-18       1.424e-18       1.368e-18       7.452e-19       7.692e-16       3.571e-13       2.684e-08       3.914e-07       7.733e-07       1.848e-10       
  5.67      8.274e-19       5.419e-19       4.039e-19       5.700e-19       5.473e-19       2.982e-19       3.658e-16       1.904e-13       1.865e-08       2.940e-07       5.921e-07       1.165e-10       
  5.77      3.308e-19       2.167e-19       1.615e-19       2.279e-19       2.188e-19       1.193e-19       1.739e-16       1.015e-13       1.296e-08       2.210e-07       4.538e-07       7.346e-11       
  5.87      1.322e-19       8.658e-20       6.453e-20       9.107e-20       8.744e-20       4.765e-20       8.271e-17       5.418e-14       9.021e-09       1.664e-07       3.481e-07       4.634e-11       
  5.97      5.277e-20       3.457e-20       2.576e-20       3.636e-20       3.491e-20       1.902e-20       3.932e-17       2.891e-14       6.283e-09       1.253e-07       2.672e-07       2.925e-11       
  6.07      2.105e-20       1.379e-20       1.028e-20       1.450e-20       1.393e-20       7.589e-21       1.869e-17       1.544e-14       4.379e-09       9.454e-08       2.053e-07       1.847e-11       
  6.17      8.393e-21       5.497e-21       4.097e-21       5.782e-21       5.552e-21       3.025e-21       8.883e-18       8.243e-15       3.054e-09       7.138e-08       1.579e-07       1.167e-11       
  6.27      3.343e-21       2.190e-21       1.632e-21       2.303e-21       2.211e-21       1.205e-21       4.221e-18       4.403e-15       2.132e-09       5.395e-08       1.215e-07       7.371e-12       
  6.37      1.331e-21       8.716e-22       6.496e-22       9.168e-22       8.803e-22       4.797e-22       2.006e-18       2.353e-15       1.489e-09       4.081e-08       9.360e-08       4.659e-12       
  6.47      5.293e-22       3.467e-22       2.584e-22       3.646e-22       3.501e-22       1.908e-22       9.531e-19       1.258e-15       1.041e-09       3.090e-08       7.215e-08       2.946e-12       
  6.57      2.104e-22       1.378e-22       1.027e-22       1.449e-22       1.392e-22       7.583e-23       4.528e-19       6.724e-16       7.285e-10       2.342e-08       5.566e-08       1.863e-12       
  6.67      8.356e-23       5.473e-23       4.079e-23       5.757e-23       5.528e-23       3.012e-23       2.151e-19       3.596e-16       5.100e-10       1.777e-08       4.297e-08       1.179e-12       
  6.77      3.317e-23       2.172e-23       1.619e-23       2.285e-23       2.194e-23       1.196e-23       1.021e-19       1.924e-16       3.573e-10       1.349e-08       3.320e-08       7.464e-13       
  6.87      1.316e-23       8.617e-24       6.422e-24       9.063e-24       8.702e-24       4.742e-24       4.851e-20       1.029e-16       2.505e-10       1.026e-08       2.566e-08       4.726e-13       
  6.97      5.215e-24       3.415e-24       2.546e-24       3.592e-24       3.449e-24       1.880e-24       2.304e-20       5.510e-17       1.757e-10       7.801e-09       1.986e-08       2.994e-13       
  7.07      2.066e-24       1.353e-24       1.008e-24       1.423e-24       1.366e-24       7.445e-25       1.094e-20       2.950e-17       1.233e-10       5.940e-09       1.537e-08       1.897e-13       
  7.17      8.177e-25       5.356e-25       3.992e-25       5.633e-25       5.409e-25       2.947e-25       5.192e-21       1.580e-17       8.664e-11       4.526e-09       1.191e-08       1.202e-13       
  7.27      3.235e-25       2.119e-25       1.579e-25       2.229e-25       2.140e-25       1.166e-25       2.465e-21       8.463e-18       6.090e-11       3.452e-09       9.234e-09       7.622e-14       
  7.37      1.279e-25       8.376e-26       6.243e-26       8.810e-26       8.460e-26       4.610e-26       1.170e-21       4.535e-18       4.283e-11       2.634e-09       7.163e-09       4.834e-14       
  7.47      5.053e-26       3.309e-26       2.467e-26       3.481e-26       3.342e-26       1.821e-26       5.553e-22       2.430e-18       3.014e-11       2.012e-09       5.561e-09       3.067e-14       
  7.57      1.995e-26       1.307e-26       9.739e-27       1.374e-26       1.320e-26       7.191e-27       2.635e-22       1.303e-18       2.123e-11       1.538e-09       4.320e-09       1.946e-14       
  7.67      7.873e-27       5.157e-27       3.843e-27       5.424e-27       5.208e-27       2.838e-27       1.250e-22       6.987e-19       1.496e-11       1.177e-09       3.358e-09       1.235e-14       
  7.77      3.105e-27       2.034e-27       1.516e-27       2.139e-27       2.054e-27       1.119e-27       5.933e-23       3.747e-19       1.054e-11       9.012e-10       2.611e-09       7.845e-15       
  7.87      1.224e-27       8.015e-28       5.974e-28       8.431e-28       8.095e-28       4.411e-28       2.815e-23       2.010e-19       7.439e-12       6.905e-10       2.032e-09       4.983e-15       
  8.00      3.645e-28       2.387e-28       1.779e-28       2.511e-28       2.411e-28       1.314e-28       1.067e-23       8.951e-20       4.730e-12       4.890e-10       1.468e-09       2.763e-15       