* De conditionele overschrijdingskans van de zeewaterstand zonder statistische onzekerheid gegeven de windrichting
* voor een 12-uursperiode te IJmuiden - Additional, gelegen op locatie: 
* 108133, 495081
* 
* Deze statistiek is afgeleid met dezelfde methode als gebruikt in 3280.20.03.
* De door Deltares op 10 november 2016 aangeleverde statistiek is gebruikt als bron.
*
* Het waterstandsbereik waarvoor de overschrijdingskansen zijn gegeven is het hoogwater 2017 tot 8.00 m + NAP
* met een stapgrootte van 0.1 m. De laatste stapgrootte kan afwijken om op 8.00 m uit te komen. Hierbij wordt
* een stapgrootte van minimaal 6 en maximaal 15 cm gekozen.
* 
* Door: G.W.F. Rongen van HKV lijn in water
* Project: PR3510.10
*
* m (m+NAP) 30              60              90              120             150             180             210             240             270             300             330             360
  1.04      1.000e+00       1.000e+00       1.000e+00       1.000e+00       1.000e+00       1.000e+00       1.000e+00       1.000e+00       1.000e+00       1.000e+00       1.000e+00       1.000e+00       
  1.14      4.410e-01       3.830e-01       3.472e-01       3.895e-01       3.842e-01       3.138e-01       3.628e-01       6.787e-01       8.304e-01       7.775e-01       6.575e-01       5.124e-01       
  1.24      1.945e-01       1.467e-01       1.206e-01       1.517e-01       1.476e-01       9.849e-02       1.317e-01       4.606e-01       6.896e-01       6.046e-01       4.324e-01       2.625e-01       
  1.34      8.575e-02       5.617e-02       4.186e-02       5.908e-02       5.673e-02       3.091e-02       4.777e-02       3.126e-01       5.727e-01       4.701e-01       2.843e-01       1.345e-01       
  1.44      3.656e-02       2.395e-02       1.785e-02       2.519e-02       2.419e-02       1.318e-02       2.297e-02       1.621e-01       3.694e-01       3.177e-01       2.004e-01       8.193e-02       
  1.54      1.554e-02       1.018e-02       7.588e-03       1.071e-02       1.028e-02       5.603e-03       1.104e-02       8.422e-02       2.392e-01       2.160e-01       1.419e-01       4.999e-02       
  1.64      6.590e-03       4.316e-03       3.217e-03       4.540e-03       4.359e-03       2.375e-03       5.301e-03       4.380e-02       1.555e-01       1.476e-01       1.009e-01       3.055e-02       
  1.74      2.786e-03       1.825e-03       1.360e-03       1.919e-03       1.843e-03       1.004e-03       2.545e-03       2.281e-02       1.014e-01       1.015e-01       7.201e-02       1.870e-02       
  1.84      1.175e-03       7.696e-04       5.736e-04       8.095e-04       7.773e-04       4.236e-04       1.221e-03       1.189e-02       6.635e-02       7.004e-02       5.159e-02       1.146e-02       
  1.94      4.944e-04       3.238e-04       2.414e-04       3.406e-04       3.271e-04       1.782e-04       5.859e-04       6.204e-03       4.354e-02       4.857e-02       3.709e-02       7.034e-03       
  2.04      2.076e-04       1.360e-04       1.013e-04       1.430e-04       1.373e-04       7.482e-05       2.810e-04       3.241e-03       2.866e-02       3.382e-02       2.676e-02       4.322e-03       
  2.14      8.695e-05       5.695e-05       4.245e-05       5.991e-05       5.752e-05       3.134e-05       1.347e-04       1.695e-03       1.891e-02       2.364e-02       1.936e-02       2.659e-03       
  2.24      3.635e-05       2.381e-05       1.775e-05       2.504e-05       2.405e-05       1.310e-05       6.453e-05       8.868e-04       1.251e-02       1.659e-02       1.405e-02       1.638e-03       
  2.34      1.517e-05       9.935e-06       7.404e-06       1.045e-05       1.003e-05       5.467e-06       3.091e-05       4.645e-04       8.296e-03       1.168e-02       1.022e-02       1.010e-03       
  2.44      6.317e-06       4.137e-06       3.084e-06       4.352e-06       4.179e-06       2.277e-06       1.480e-05       2.435e-04       5.514e-03       8.251e-03       7.455e-03       6.234e-04       
  2.54      2.626e-06       1.720e-06       1.282e-06       1.809e-06       1.737e-06       9.466e-07       7.087e-06       1.278e-04       3.673e-03       5.847e-03       5.451e-03       3.852e-04       
  2.64      1.090e-06       7.138e-07       5.320e-07       7.508e-07       7.209e-07       3.928e-07       3.392e-06       6.709e-05       2.452e-03       4.155e-03       3.995e-03       2.382e-04       
  2.74      4.515e-07       2.957e-07       2.204e-07       3.110e-07       2.987e-07       1.627e-07       1.623e-06       3.525e-05       1.640e-03       2.962e-03       2.935e-03       1.475e-04       
  2.84      1.867e-07       1.223e-07       9.116e-08       1.287e-07       1.235e-07       6.731e-08       7.762e-07       1.854e-05       1.099e-03       2.117e-03       2.161e-03       9.137e-05       
  2.94      7.712e-08       5.051e-08       3.765e-08       5.313e-08       5.102e-08       2.780e-08       3.712e-07       9.753e-06       7.377e-04       1.517e-03       1.594e-03       5.666e-05       
  3.04      3.180e-08       2.083e-08       1.552e-08       2.191e-08       2.104e-08       1.146e-08       1.775e-07       5.135e-06       4.961e-04       1.090e-03       1.178e-03       3.516e-05       
  3.14      1.309e-08       8.577e-09       6.392e-09       9.022e-09       8.662e-09       4.720e-09       8.482e-08       2.706e-06       3.342e-04       7.847e-04       8.724e-04       2.184e-05       
  3.24      5.384e-09       3.527e-09       2.628e-09       3.709e-09       3.562e-09       1.941e-09       4.053e-08       1.426e-06       2.255e-04       5.663e-04       6.472e-04       1.357e-05       
  3.34      2.211e-09       1.448e-09       1.079e-09       1.523e-09       1.462e-09       7.969e-10       1.936e-08       7.524e-07       1.524e-04       4.096e-04       4.810e-04       8.443e-06       
  3.44      9.066e-10       5.938e-10       4.425e-10       6.246e-10       5.997e-10       3.268e-10       9.249e-09       3.971e-07       1.032e-04       2.969e-04       3.581e-04       5.255e-06       
  3.54      3.713e-10       2.432e-10       1.812e-10       2.558e-10       2.456e-10       1.338e-10       4.417e-09       2.097e-07       6.994e-05       2.157e-04       2.670e-04       3.273e-06       
  3.64      1.518e-10       9.946e-11       7.413e-11       1.046e-10       1.004e-10       5.473e-11       2.109e-09       1.108e-07       4.748e-05       1.570e-04       1.994e-04       2.040e-06       
  3.74      6.203e-11       4.063e-11       3.028e-11       4.273e-11       4.103e-11       2.236e-11       1.007e-09       5.858e-08       3.227e-05       1.145e-04       1.492e-04       1.273e-06       
  3.84      2.531e-11       1.658e-11       1.235e-11       1.744e-11       1.674e-11       9.123e-12       4.804e-10       3.098e-08       2.197e-05       8.363e-05       1.117e-04       7.942e-07       
  3.94      1.031e-11       6.756e-12       5.035e-12       7.106e-12       6.823e-12       3.718e-12       2.292e-10       1.640e-08       1.497e-05       6.121e-05       8.381e-05       4.960e-07       
  4.04      4.199e-12       2.750e-12       2.050e-12       2.893e-12       2.777e-12       1.513e-12       1.093e-10       8.681e-09       1.022e-05       4.488e-05       6.296e-05       3.099e-07       
  4.14      1.707e-12       1.118e-12       8.334e-13       1.176e-12       1.129e-12       6.154e-13       5.215e-11       4.598e-09       6.983e-06       3.296e-05       4.736e-05       1.938e-07       
  4.24      6.934e-13       4.542e-13       3.385e-13       4.777e-13       4.587e-13       2.500e-13       2.487e-11       2.437e-09       4.777e-06       2.424e-05       3.567e-05       1.212e-07       
  4.34      2.813e-13       1.843e-13       1.373e-13       1.938e-13       1.861e-13       1.014e-13       1.186e-11       1.292e-09       3.272e-06       1.786e-05       2.690e-05       7.588e-08       
  4.44      1.140e-13       7.469e-14       5.567e-14       7.856e-14       7.544e-14       4.111e-14       5.653e-12       6.853e-10       2.243e-06       1.318e-05       2.031e-05       4.752e-08       
  4.54      4.617e-14       3.024e-14       2.254e-14       3.181e-14       3.054e-14       1.664e-14       2.695e-12       3.637e-10       1.540e-06       9.742e-06       1.535e-05       2.978e-08       
  4.64      1.868e-14       1.223e-14       9.117e-15       1.287e-14       1.236e-14       6.732e-15       1.284e-12       1.931e-10       1.058e-06       7.210e-06       1.162e-05       1.867e-08       
  4.74      7.548e-15       4.943e-15       3.684e-15       5.200e-15       4.993e-15       2.721e-15       6.119e-13       1.025e-10       7.280e-07       5.344e-06       8.806e-06       1.171e-08       
  4.84      3.047e-15       1.996e-15       1.487e-15       2.099e-15       2.016e-15       1.098e-15       2.915e-13       5.447e-11       5.013e-07       3.966e-06       6.680e-06       7.348e-09       
  4.94      1.229e-15       8.050e-16       6.000e-16       8.467e-16       8.130e-16       4.430e-16       1.389e-13       2.895e-11       3.455e-07       2.948e-06       5.072e-06       4.613e-09       
  5.04      4.952e-16       3.244e-16       2.418e-16       3.412e-16       3.276e-16       1.785e-16       6.614e-14       1.539e-11       2.384e-07       2.194e-06       3.856e-06       2.898e-09       
  5.14      1.994e-16       1.306e-16       9.733e-17       1.374e-16       1.319e-16       7.187e-17       3.149e-14       8.189e-12       1.647e-07       1.635e-06       2.934e-06       1.821e-09       
  5.24      8.020e-17       5.253e-17       3.915e-17       5.525e-17       5.305e-17       2.891e-17       1.499e-14       4.357e-12       1.138e-07       1.220e-06       2.235e-06       1.145e-09       
  5.34      3.223e-17       2.111e-17       1.573e-17       2.221e-17       2.132e-17       1.162e-17       7.139e-15       2.319e-12       7.876e-08       9.111e-07       1.704e-06       7.202e-10       
  5.44      1.294e-17       8.478e-18       6.318e-18       8.917e-18       8.562e-18       4.665e-18       3.398e-15       1.235e-12       5.455e-08       6.814e-07       1.301e-06       4.532e-10       
  5.54      5.193e-18       3.401e-18       2.535e-18       3.578e-18       3.435e-18       1.872e-18       1.617e-15       6.579e-13       3.781e-08       5.103e-07       9.938e-07       2.853e-10       
  5.64      2.082e-18       1.364e-18       1.016e-18       1.434e-18       1.377e-18       7.504e-19       7.696e-16       3.506e-13       2.623e-08       3.825e-07       7.600e-07       1.797e-10       
  5.74      8.339e-19       5.462e-19       4.071e-19       5.745e-19       5.516e-19       3.006e-19       3.662e-16       1.869e-13       1.821e-08       2.871e-07       5.816e-07       1.132e-10       
  5.84      3.337e-19       2.186e-19       1.629e-19       2.299e-19       2.208e-19       1.203e-19       1.742e-16       9.963e-14       1.266e-08       2.157e-07       4.456e-07       7.136e-11       
  5.94      1.335e-19       8.742e-20       6.516e-20       9.195e-20       8.829e-20       4.811e-20       8.286e-17       5.314e-14       8.802e-09       1.622e-07       3.416e-07       4.500e-11       
  6.04      5.334e-20       3.494e-20       2.604e-20       3.675e-20       3.528e-20       1.923e-20       3.941e-17       2.836e-14       6.126e-09       1.221e-07       2.621e-07       2.839e-11       
  6.14      2.130e-20       1.395e-20       1.040e-20       1.467e-20       1.409e-20       7.677e-21       1.874e-17       1.513e-14       4.267e-09       9.206e-08       2.013e-07       1.791e-11       
  6.24      8.498e-21       5.566e-21       4.149e-21       5.855e-21       5.622e-21       3.063e-21       8.912e-18       8.080e-15       2.975e-09       6.946e-08       1.547e-07       1.131e-11       
  6.34      3.388e-21       2.219e-21       1.654e-21       2.334e-21       2.241e-21       1.221e-21       4.237e-18       4.315e-15       2.075e-09       5.245e-08       1.190e-07       7.141e-12       
  6.44      1.350e-21       8.842e-22       6.590e-22       9.301e-22       8.930e-22       4.866e-22       2.014e-18       2.305e-15       1.449e-09       3.965e-08       9.164e-08       4.512e-12       
  6.54      5.375e-22       3.521e-22       2.624e-22       3.703e-22       3.556e-22       1.937e-22       9.575e-19       1.232e-15       1.012e-09       3.000e-08       7.060e-08       2.851e-12       
  6.64      2.139e-22       1.401e-22       1.044e-22       1.473e-22       1.415e-22       7.708e-23       4.551e-19       6.584e-16       7.077e-10       2.273e-08       5.443e-08       1.803e-12       
  6.74      8.502e-23       5.569e-23       4.151e-23       5.858e-23       5.624e-23       3.065e-23       2.163e-19       3.520e-16       4.952e-10       1.723e-08       4.200e-08       1.140e-12       
  6.84      3.378e-23       2.213e-23       1.649e-23       2.327e-23       2.235e-23       1.218e-23       1.028e-19       1.883e-16       3.467e-10       1.307e-08       3.243e-08       7.212e-13       
  6.94      1.341e-23       8.785e-24       6.548e-24       9.240e-24       8.872e-24       4.835e-24       4.883e-20       1.007e-16       2.429e-10       9.927e-09       2.506e-08       4.564e-13       
  7.04      5.322e-24       3.486e-24       2.598e-24       3.666e-24       3.520e-24       1.918e-24       2.320e-20       5.389e-17       1.703e-10       7.546e-09       1.938e-08       2.889e-13       
  7.14      2.110e-24       1.382e-24       1.030e-24       1.454e-24       1.396e-24       7.606e-25       1.102e-20       2.885e-17       1.194e-10       5.741e-09       1.500e-08       1.830e-13       
  7.24      8.362e-25       5.477e-25       4.082e-25       5.761e-25       5.531e-25       3.014e-25       5.234e-21       1.544e-17       8.385e-11       4.371e-09       1.161e-08       1.159e-13       
  7.34      3.311e-25       2.169e-25       1.616e-25       2.281e-25       2.190e-25       1.194e-25       2.486e-21       8.271e-18       5.890e-11       3.331e-09       8.997e-09       7.344e-14       
  7.44      1.310e-25       8.584e-26       6.397e-26       9.029e-26       8.669e-26       4.724e-26       1.180e-21       4.430e-18       4.140e-11       2.540e-09       6.976e-09       4.655e-14       
  7.54      5.183e-26       3.395e-26       2.530e-26       3.571e-26       3.429e-26       1.868e-26       5.605e-22       2.374e-18       2.912e-11       1.939e-09       5.412e-09       2.952e-14       
  7.64      2.049e-26       1.342e-26       1.000e-26       1.411e-26       1.355e-26       7.385e-27       2.661e-22       1.272e-18       2.049e-11       1.481e-09       4.202e-09       1.872e-14       
  7.74      8.093e-27       5.301e-27       3.951e-27       5.576e-27       5.354e-27       2.917e-27       1.263e-22       6.820e-19       1.443e-11       1.132e-09       3.264e-09       1.188e-14       
  7.84      3.195e-27       2.093e-27       1.560e-27       2.201e-27       2.114e-27       1.152e-27       5.997e-23       3.657e-19       1.016e-11       8.661e-10       2.537e-09       7.538e-15       
  7.94      1.261e-27       8.257e-28       6.154e-28       8.685e-28       8.339e-28       4.544e-28       2.846e-23       1.961e-19       7.166e-12       6.631e-10       1.974e-09       4.785e-15       
  8.00      7.213e-28       4.724e-28       3.521e-28       4.969e-28       4.772e-28       2.600e-28       1.820e-23       1.350e-19       5.812e-12       5.651e-10       1.698e-09       3.644e-15       