* De conditionele overschrijdingskans van de zeewaterstand gegeven de windrichting
* voor een 12-uursperiode te IJmuiden. Voor IJmuiden is hier sprake van een virtuele locatie, gelegen op: 
* 108133, 495081 
*
* De getallen zijn afkomstig uit het spreadsheet Afleiding_zeewaterstandstatistiek.xls,               
* tabblad OvKans_Zeewaterstand.
* Speadsheet gemaakt door Matthijs Duits van HKV lijn in water op 29 april 2013
*
* De parameters voor de Weibullverdelingen (geldig voor een winterhalfjaar), die de basis vormen van 
* onderstaande conditionele overschrijdingskansen, zijn ontleend aan:
* Hydra-K, versie 3.6.5. Bestand: ymb.e30
*
* Onderstaand is m de zeewaterstand en r de windrichting
*
*m \ r   30            60            90            120           150           180           210           240           270           300           330           360
1.03     1.000E+00     1.000E+00     1.000E+00     1.000E+00     1.000E+00     1.000E+00     1.000E+00     1.000E+00     1.000E+00     1.000E+00     1.000E+00     1.000E+00
1.13     3.828E-01     3.560E-01     3.658E-01     4.017E-01     3.733E-01     3.333E-01     3.991E-01     7.172E-01     8.289E-01     7.697E-01     5.933E-01     4.461E-01
1.23     1.466E-01     1.267E-01     1.338E-01     1.614E-01     1.393E-01     1.111E-01     1.593E-01     5.143E-01     6.871E-01     5.925E-01     3.520E-01     1.990E-01
1.33     5.611E-02     4.511E-02     4.894E-02     6.481E-02     5.200E-02     3.704E-02     6.357E-02     3.689E-01     5.695E-01     4.560E-01     2.088E-01     8.878E-02
1.43     2.392E-02     1.924E-02     2.087E-02     2.764E-02     2.217E-02     1.579E-02     3.056E-02     1.913E-01     3.673E-01     3.082E-01     1.472E-01     5.407E-02
1.53     1.017E-02     8.177E-03     8.871E-03     1.175E-02     9.426E-03     6.714E-03     1.469E-02     9.937E-02     2.379E-01     2.095E-01     1.042E-01     3.299E-02
1.63     4.312E-03     3.467E-03     3.761E-03     4.980E-03     3.996E-03     2.846E-03     7.055E-03     5.168E-02     1.546E-01     1.432E-01     7.410E-02     2.016E-02
1.73     1.823E-03     1.466E-03     1.590E-03     2.106E-03     1.690E-03     1.203E-03     3.387E-03     2.691E-02     1.008E-01     9.842E-02     5.290E-02     1.234E-02
1.83     7.688E-04     6.182E-04     6.706E-04     8.881E-04     7.126E-04     5.075E-04     1.625E-03     1.403E-02     6.598E-02     6.795E-02     3.790E-02     7.564E-03
1.93     3.235E-04     2.601E-04     2.822E-04     3.737E-04     2.998E-04     2.136E-04     7.797E-04     7.320E-03     4.330E-02     4.712E-02     2.725E-02     4.642E-03
2.03     1.358E-04     1.092E-04     1.185E-04     1.569E-04     1.259E-04     8.965E-05     3.739E-04     3.824E-03     2.850E-02     3.281E-02     1.966E-02     2.853E-03
2.13     5.689E-05     4.575E-05     4.962E-05     6.572E-05     5.273E-05     3.756E-05     1.792E-04     1.999E-03     1.880E-02     2.294E-02     1.422E-02     1.755E-03
2.23     2.379E-05     1.912E-05     2.075E-05     2.748E-05     2.204E-05     1.570E-05     8.588E-05     1.046E-03     1.244E-02     1.609E-02     1.032E-02     1.081E-03
2.33     9.924E-06     7.980E-06     8.656E-06     1.146E-05     9.198E-06     6.551E-06     4.114E-05     5.481E-04     8.250E-03     1.133E-02     7.507E-03     6.666E-04
2.43     4.133E-06     3.323E-06     3.605E-06     4.774E-06     3.831E-06     2.728E-06     1.970E-05     2.873E-04     5.483E-03     8.004E-03     5.476E-03     4.115E-04
2.53     1.718E-06     1.381E-06     1.499E-06     1.985E-06     1.592E-06     1.134E-06     9.431E-06     1.508E-04     3.652E-03     5.672E-03     4.005E-03     2.542E-04
2.63     7.130E-07     5.733E-07     6.219E-07     8.236E-07     6.609E-07     4.707E-07     4.514E-06     7.916E-05     2.438E-03     4.031E-03     2.935E-03     1.572E-04
2.73     2.954E-07     2.375E-07     2.577E-07     3.412E-07     2.738E-07     1.950E-07     2.160E-06     4.159E-05     1.631E-03     2.873E-03     2.156E-03     9.733E-05
2.83     1.222E-07     9.824E-08     1.066E-07     1.411E-07     1.132E-07     8.066E-08     1.033E-06     2.187E-05     1.093E-03     2.054E-03     1.587E-03     6.030E-05
2.93     5.046E-08     4.057E-08     4.401E-08     5.829E-08     4.677E-08     3.331E-08     4.940E-07     1.151E-05     7.336E-04     1.472E-03     1.171E-03     3.739E-05
3.03     2.081E-08     1.673E-08     1.815E-08     2.404E-08     1.929E-08     1.374E-08     2.362E-07     6.059E-06     4.934E-04     1.057E-03     8.655E-04     2.321E-05
3.13     8.568E-09     6.889E-09     7.473E-09     9.897E-09     7.941E-09     5.656E-09     1.129E-07     3.192E-06     3.324E-04     7.612E-04     6.409E-04     1.441E-05
3.23     3.523E-09     2.833E-09     3.073E-09     4.069E-09     3.265E-09     2.326E-09     5.394E-08     1.683E-06     2.243E-04     5.494E-04     4.755E-04     8.958E-06
3.33     1.447E-09     1.163E-09     1.262E-09     1.671E-09     1.341E-09     9.549E-10     2.577E-08     8.878E-07     1.516E-04     3.974E-04     3.534E-04     5.572E-06
3.43     5.932E-10     4.769E-10     5.174E-10     6.852E-10     5.498E-10     3.916E-10     1.231E-08     4.686E-07     1.026E-04     2.881E-04     2.631E-04     3.468E-06
3.53     2.429E-10     1.953E-10     2.119E-10     2.806E-10     2.251E-10     1.604E-10     5.877E-09     2.474E-07     6.955E-05     2.093E-04     1.962E-04     2.160E-06
3.63     9.935E-11     7.988E-11     8.666E-11     1.148E-10     9.208E-11     6.559E-11     2.806E-09     1.307E-07     4.721E-05     1.523E-04     1.465E-04     1.347E-06
3.73     4.059E-11     3.263E-11     3.540E-11     4.688E-11     3.762E-11     2.679E-11     1.339E-09     6.912E-08     3.209E-05     1.111E-04     1.096E-04     8.399E-07
3.83     1.656E-11     1.331E-11     1.444E-11     1.913E-11     1.535E-11     1.093E-11     6.392E-10     3.656E-08     2.185E-05     8.114E-05     8.208E-05     5.242E-07
3.93     6.749E-12     5.426E-12     5.886E-12     7.796E-12     6.255E-12     4.455E-12     3.050E-10     1.935E-08     1.489E-05     5.938E-05     6.157E-05     3.273E-07
4.03     2.747E-12     2.209E-12     2.396E-12     3.173E-12     2.546E-12     1.813E-12     1.455E-10     1.024E-08     1.016E-05     4.354E-05     4.625E-05     2.045E-07
4.13     1.117E-12     8.981E-13     9.743E-13     1.290E-12     1.035E-12     7.374E-13     6.941E-11     5.426E-09     6.944E-06     3.197E-05     3.479E-05     1.279E-07
4.23     4.537E-13     3.648E-13     3.957E-13     5.241E-13     4.205E-13     2.995E-13     3.310E-11     2.875E-09     4.750E-06     2.352E-05     2.620E-05     8.001E-08
4.33     1.841E-13     1.480E-13     1.606E-13     2.126E-13     1.706E-13     1.215E-13     1.578E-11     1.524E-09     3.253E-06     1.733E-05     1.976E-05     5.008E-08
4.43     7.461E-14     5.999E-14     6.508E-14     8.619E-14     6.915E-14     4.925E-14     7.523E-12     8.086E-10     2.231E-06     1.279E-05     1.492E-05     3.136E-08
4.53     3.021E-14     2.429E-14     2.635E-14     3.490E-14     2.800E-14     1.994E-14     3.586E-12     4.291E-10     1.531E-06     9.451E-06     1.128E-05     1.965E-08
4.63     1.222E-14     9.826E-15     1.066E-14     1.412E-14     1.133E-14     8.067E-15     1.709E-12     2.278E-10     1.052E-06     6.995E-06     8.537E-06     1.232E-08
4.73     4.938E-15     3.971E-15     4.307E-15     5.704E-15     4.577E-15     3.260E-15     8.143E-13     1.210E-10     7.239E-07     5.184E-06     6.469E-06     7.728E-09
4.83     1.994E-15     1.603E-15     1.739E-15     2.303E-15     1.848E-15     1.316E-15     3.879E-13     6.427E-11     4.985E-07     3.848E-06     4.907E-06     4.849E-09
4.93     8.041E-16     6.466E-16     7.014E-16     9.289E-16     7.453E-16     5.308E-16     1.848E-13     3.416E-11     3.436E-07     2.860E-06     3.726E-06     3.045E-09
5.03     3.240E-16     2.605E-16     2.826E-16     3.743E-16     3.003E-16     2.139E-16     8.801E-14     1.816E-11     2.371E-07     2.128E-06     2.833E-06     1.913E-09
5.13     1.305E-16     1.049E-16     1.138E-16     1.507E-16     1.209E-16     8.612E-17     4.191E-14     9.662E-12     1.637E-07     1.586E-06     2.156E-06     1.202E-09
5.23     5.248E-17     4.219E-17     4.577E-17     6.062E-17     4.864E-17     3.464E-17     1.995E-14     5.141E-12     1.132E-07     1.183E-06     1.642E-06     7.557E-10
5.33     2.109E-17     1.696E-17     1.840E-17     2.436E-17     1.955E-17     1.392E-17     9.500E-15     2.737E-12     7.832E-08     8.839E-07     1.252E-06     4.753E-10
5.43     8.469E-18     6.809E-18     7.387E-18     9.782E-18     7.849E-18     5.590E-18     4.522E-15     1.457E-12     5.424E-08     6.611E-07     9.557E-07     2.991E-10
5.53     3.398E-18     2.732E-18     2.964E-18     3.925E-18     3.149E-18     2.243E-18     2.152E-15     7.763E-13     3.760E-08     4.950E-07     7.301E-07     1.883E-10
5.63     1.362E-18     1.095E-18     1.188E-18     1.573E-18     1.262E-18     8.992E-19     1.024E-15     4.136E-13     2.608E-08     3.711E-07     5.583E-07     1.186E-10
5.73     5.456E-19     4.387E-19     4.759E-19     6.302E-19     5.057E-19     3.602E-19     4.873E-16     2.205E-13     1.811E-08     2.785E-07     4.273E-07     7.472E-11
5.83     2.184E-19     1.756E-19     1.905E-19     2.522E-19     2.024E-19     1.442E-19     2.318E-16     1.176E-13     1.259E-08     2.092E-07     3.273E-07     4.710E-11
5.93     8.733E-20     7.022E-20     7.617E-20     1.009E-19     8.094E-20     5.765E-20     1.103E-16     6.271E-14     8.753E-09     1.574E-07     2.510E-07     2.970E-11
6.03     3.490E-20     2.806E-20     3.044E-20     4.031E-20     3.234E-20     2.304E-20     5.245E-17     3.346E-14     6.092E-09     1.185E-07     1.926E-07     1.873E-11
6.13     1.394E-20     1.120E-20     1.215E-20     1.610E-20     1.292E-20     9.199E-21     2.494E-17     1.786E-14     4.244E-09     8.931E-08     1.479E-07     1.182E-11
6.23     5.560E-21     4.471E-21     4.850E-21     6.423E-21     5.153E-21     3.671E-21     1.186E-17     9.534E-15     2.958E-09     6.738E-08     1.137E-07     7.463E-12
6.33     2.217E-21     1.783E-21     1.934E-21     2.561E-21     2.055E-21     1.464E-21     5.639E-18     5.091E-15     2.064E-09     5.089E-08     8.744E-08     4.713E-12
6.43     8.833E-22     7.102E-22     7.705E-22     1.020E-21     8.187E-22     5.831E-22     2.681E-18     2.720E-15     1.441E-09     3.847E-08     6.732E-08     2.978E-12
6.53     3.517E-22     2.828E-22     3.068E-22     4.062E-22     3.260E-22     2.322E-22     1.274E-18     1.453E-15     1.007E-09     2.911E-08     5.186E-08     1.882E-12