* Conditionele overschrijdingskans zeewaterstand Maasmond 1985, per windrichting, voor 12-uursperioden.
*
* Door:    C.P.M. Geerse van HKV lijn in water
* Datum:   18 december 2015 
* Project: PR3216.10
*
* Zie voor beschrijving het rapport:
* Werkwijze uitintegreren onzekerheden basisstochasten voor Hydra-NL.
* Afvoeren, meerpeilen, zeewaterstanden en windsnelheden. 
* Chris Geerse. HKV Lijn in Water, december 2015.
* 
* Tijdsperiode: 12 uur.
*
* Richt.NNO         NO          ONO         O           OZO         ZO          ZZO         Z           ZZW         ZW          WZW         W           WNW         NW          NNW         N
* P(r)  0.025466    0.037003    0.060781    0.052691    0.045304    0.051706    0.066690    0.091593    0.123320    0.112768    0.100106    0.075202    0.050088    0.039606    0.036933    0.030742
* m+NAP
0.80    1.000E+00   1.000E+00   1.000E+00   1.000E+00   1.000E+00   1.000E+00   1.000E+00   1.000E+00   1.000E+00   1.000E+00   1.000E+00   1.000E+00   1.000E+00   1.000E+00   1.000E+00   1.000E+00
0.90    1.000E+00   1.000E+00   1.000E+00   1.000E+00   1.000E+00   1.000E+00   1.000E+00   1.000E+00   1.000E+00   1.000E+00   1.000E+00   1.000E+00   1.000E+00   1.000E+00   1.000E+00   1.000E+00
1.00    1.000E+00   1.000E+00   1.000E+00   1.000E+00   1.000E+00   1.000E+00   1.000E+00   1.000E+00   1.000E+00   1.000E+00   1.000E+00   1.000E+00   1.000E+00   1.000E+00   1.000E+00   1.000E+00
1.10    1.000E+00   1.000E+00   1.000E+00   1.000E+00   1.000E+00   1.000E+00   1.000E+00   1.000E+00   1.000E+00   1.000E+00   1.000E+00   1.000E+00   1.000E+00   1.000E+00   1.000E+00   9.938E-01
1.20    1.000E+00   1.000E+00   9.603E-01   1.000E+00   1.000E+00   1.000E+00   8.752E-01   6.373E-01   4.733E-01   1.000E+00   1.000E+00   1.000E+00   1.000E+00   1.000E+00   1.000E+00   5.998E-01
1.30    7.814E-01   5.377E-01   3.274E-01   3.776E-01   4.392E-01   3.848E-01   2.984E-01   2.172E-01   1.614E-01   6.424E-01   8.811E-01   1.000E+00   1.000E+00   7.721E-01   6.528E-01   3.644E-01
1.40    2.661E-01   1.831E-01   1.115E-01   1.286E-01   1.496E-01   1.311E-01   1.016E-01   7.399E-02   5.495E-02   2.761E-01   4.532E-01   8.010E-01   9.153E-01   5.198E-01   4.264E-01   2.228E-01
1.50    9.064E-02   6.238E-02   3.798E-02   4.381E-02   5.095E-02   4.464E-02   3.461E-02   2.520E-02   1.872E-02   1.189E-01   2.344E-01   4.768E-01   5.797E-01   3.524E-01   2.805E-01   1.370E-01
1.60    3.094E-02   2.129E-02   1.296E-02   1.495E-02   1.739E-02   1.524E-02   1.181E-02   8.601E-03   6.389E-03   5.129E-02   1.219E-01   2.856E-01   3.693E-01   2.405E-01   1.856E-01   8.471E-02
1.70    1.061E-02   7.303E-03   4.446E-03   5.129E-03   5.965E-03   5.227E-03   4.052E-03   2.950E-03   2.191E-03   2.217E-02   6.375E-02   1.721E-01   2.366E-01   1.650E-01   1.236E-01   5.266E-02
1.80    3.676E-03   2.530E-03   1.540E-03   1.777E-03   2.066E-03   1.810E-03   1.404E-03   1.022E-03   7.590E-04   9.605E-03   3.350E-02   1.043E-01   1.524E-01   1.139E-01   8.270E-02   3.291E-02
1.90    1.295E-03   8.914E-04   5.427E-04   6.260E-04   7.280E-04   6.379E-04   4.946E-04   3.601E-04   2.675E-04   4.170E-03   1.770E-02   6.358E-02   9.862E-02   7.902E-02   5.564E-02   2.067E-02
2.00    4.694E-04   3.230E-04   1.967E-04   2.268E-04   2.638E-04   2.312E-04   1.792E-04   1.305E-04   9.692E-05   1.815E-03   9.397E-03   3.895E-02   6.412E-02   5.508E-02   3.761E-02   1.304E-02
2.10    1.775E-04   1.221E-04   7.435E-05   8.577E-05   9.975E-05   8.740E-05   6.776E-05   4.934E-05   3.664E-05   7.922E-04   5.014E-03   2.399E-02   4.187E-02   3.857E-02   2.554E-02   8.264E-03
2.20    7.112E-05   4.894E-05   2.980E-05   3.437E-05   3.998E-05   3.503E-05   2.716E-05   1.977E-05   1.469E-05   3.468E-04   2.688E-03   1.484E-02   2.746E-02   2.712E-02   1.742E-02   5.261E-03
2.30    3.060E-05   2.106E-05   1.282E-05   1.479E-05   1.720E-05   1.507E-05   1.168E-05   8.507E-06   6.318E-06   1.523E-04   1.448E-03   9.224E-03   1.807E-02   1.915E-02   1.192E-02   3.363E-03
2.40    1.419E-05   9.767E-06   5.946E-06   6.859E-06   7.978E-06   6.990E-06   5.420E-06   3.946E-06   2.931E-06   6.711E-05   7.833E-04   5.759E-03   1.194E-02   1.357E-02   8.197E-03   2.158E-03
2.50    7.052E-06   4.853E-06   2.955E-06   3.408E-06   3.964E-06   3.473E-06   2.693E-06   1.961E-06   1.456E-06   2.969E-05   4.257E-04   3.610E-03   7.921E-03   9.657E-03   5.655E-03   1.391E-03
2.60    3.703E-06   2.548E-06   1.551E-06   1.790E-06   2.082E-06   1.824E-06   1.414E-06   1.030E-06   7.647E-07   1.319E-05   2.323E-04   2.272E-03   5.271E-03   6.894E-03   3.916E-03   8.996E-04
2.70    2.023E-06   1.392E-06   8.477E-07   9.778E-07   1.137E-06   9.964E-07   7.726E-07   5.625E-07   4.178E-07   5.889E-06   1.273E-04   1.436E-03   3.519E-03   4.938E-03   2.720E-03   5.840E-04
2.80    1.135E-06   7.812E-07   4.756E-07   5.486E-07   6.380E-07   5.591E-07   4.334E-07   3.156E-07   2.344E-07   2.641E-06   7.005E-05   9.107E-04   2.357E-03   3.548E-03   1.896E-03   3.804E-04
2.90    6.477E-07   4.458E-07   2.714E-07   3.130E-07   3.641E-07   3.190E-07   2.473E-07   1.801E-07   1.338E-07   1.191E-06   3.869E-05   5.796E-04   1.584E-03   2.557E-03   1.325E-03   2.486E-04
3.00    3.735E-07   2.571E-07   1.565E-07   1.805E-07   2.100E-07   1.840E-07   1.426E-07   1.039E-07   7.714E-08   5.398E-07   2.145E-05   3.701E-04   1.067E-03   1.848E-03   9.294E-04   1.630E-04
3.10    2.169E-07   1.492E-07   9.086E-08   1.048E-07   1.219E-07   1.068E-07   8.281E-08   6.029E-08   4.478E-08   2.461E-07   1.194E-05   2.371E-04   7.211E-04   1.340E-03   6.536E-04   1.073E-04
3.20    1.264E-07   8.701E-08   5.297E-08   6.110E-08   7.107E-08   6.227E-08   4.828E-08   3.515E-08   2.611E-08   1.129E-07   6.665E-06   1.524E-04   4.886E-04   9.735E-04   4.609E-04   7.077E-05
3.30    7.392E-08   5.087E-08   3.097E-08   3.573E-08   4.155E-08   3.641E-08   2.823E-08   2.055E-08   1.526E-08   5.207E-08   3.734E-06   9.824E-05   3.320E-04   7.093E-04   3.259E-04   4.683E-05
3.40    4.331E-08   2.980E-08   1.814E-08   2.093E-08   2.434E-08   2.133E-08   1.654E-08   1.204E-08   8.943E-09   2.417E-08   2.099E-06   6.351E-05   2.261E-04   5.181E-04   2.310E-04   3.108E-05
3.50    2.541E-08   1.749E-08   1.065E-08   1.228E-08   1.428E-08   1.252E-08   9.703E-09   7.065E-09   5.247E-09   1.129E-08   1.183E-06   4.117E-05   1.544E-04   3.794E-04   1.641E-04   2.068E-05
3.60    1.493E-08   1.027E-08   6.255E-09   7.215E-09   8.391E-09   7.352E-09   5.700E-09   4.151E-09   3.083E-09   5.302E-09   6.690E-07   2.676E-05   1.057E-04   2.784E-04   1.169E-04   1.380E-05
3.70    8.780E-09   6.042E-09   3.678E-09   4.243E-09   4.935E-09   4.324E-09   3.353E-09   2.441E-09   1.813E-09   2.505E-09   3.794E-07   1.744E-05   7.253E-05   2.048E-04   8.349E-05   9.227E-06
3.80    5.168E-09   3.557E-09   2.165E-09   2.498E-09   2.905E-09   2.546E-09   1.974E-09   1.437E-09   1.067E-09   1.190E-09   2.157E-07   1.139E-05   4.988E-05   1.509E-04   5.974E-05   6.187E-06
3.90    3.045E-09   2.096E-09   1.276E-09   1.472E-09   1.712E-09   1.500E-09   1.163E-09   8.467E-10   6.289E-10   5.688E-10   1.230E-07   7.459E-06   3.438E-05   1.115E-04   4.284E-05   4.158E-06
4.00    1.796E-09   1.236E-09   7.524E-10   8.679E-10   1.009E-09   8.845E-10   6.857E-10   4.993E-10   3.708E-10   2.731E-10   7.029E-08   4.896E-06   2.375E-05   8.252E-05   3.079E-05   2.801E-06
4.10    1.060E-09   7.294E-10   4.441E-10   5.122E-10   5.957E-10   5.220E-10   4.047E-10   2.947E-10   2.189E-10   1.318E-10   4.027E-08   3.220E-06   1.644E-05   6.119E-05   2.217E-05   1.891E-06
4.20    6.260E-10   4.308E-10   2.623E-10   3.025E-10   3.519E-10   3.083E-10   2.390E-10   1.740E-10   1.293E-10   6.389E-11   2.313E-08   2.123E-06   1.140E-05   4.547E-05   1.600E-05   1.279E-06
4.30    3.700E-10   2.546E-10   1.550E-10   1.788E-10   2.080E-10   1.822E-10   1.413E-10   1.029E-10   7.641E-11   3.110E-11   1.331E-08   1.402E-06   7.927E-06   3.384E-05   1.157E-05   8.673E-07
4.40    2.189E-10   1.506E-10   9.170E-11   1.058E-10   1.230E-10   1.078E-10   8.358E-11   6.085E-11   4.520E-11   1.520E-11   7.679E-09   9.282E-07   5.521E-06   2.524E-05   8.379E-06   5.892E-07
4.50    1.296E-10   8.916E-11   5.428E-11   6.262E-11   7.283E-11   6.381E-11   4.947E-11   3.602E-11   2.675E-11   7.451E-12   4.438E-09   6.156E-07   3.852E-06   1.885E-05   6.080E-06   4.010E-07
4.60    7.674E-11   5.282E-11   3.215E-11   3.709E-11   4.314E-11   3.780E-11   2.930E-11   2.134E-11   1.585E-11   3.666E-12   2.571E-09   4.091E-07   2.693E-06   1.411E-05   4.420E-06   2.735E-07
4.70    4.549E-11   3.131E-11   1.906E-11   2.199E-11   2.557E-11   2.240E-11   1.737E-11   1.265E-11   9.394E-12   1.809E-12   1.492E-09   2.723E-07   1.886E-06   1.057E-05   3.219E-06   1.868E-07
4.80    2.698E-11   1.857E-11   1.131E-11   1.304E-11   1.517E-11   1.329E-11   1.030E-11   7.502E-12   5.572E-12   8.946E-13   8.673E-10   1.816E-07   1.323E-06   7.938E-06   2.348E-06   1.278E-07
4.90    1.601E-11   1.102E-11   6.710E-12   7.740E-12   9.002E-12   7.888E-12   6.115E-12   4.453E-12   3.307E-12   4.436E-13   5.051E-10   1.213E-07   9.301E-07   5.968E-06   1.716E-06   8.764E-08
5.00    9.512E-12   6.546E-12   3.985E-12   4.597E-12   5.347E-12   4.685E-12   3.632E-12   2.645E-12   1.964E-12   2.205E-13   2.947E-10   8.120E-08   6.549E-07   4.494E-06   1.255E-06   6.018E-08
5.10    5.653E-12   3.890E-12   2.368E-12   2.732E-12   3.177E-12   2.784E-12   2.158E-12   1.572E-12   1.167E-12   1.098E-13   1.722E-10   5.443E-08   4.618E-07   3.389E-06   9.202E-07   4.139E-08
5.20    3.361E-12   2.313E-12   1.408E-12   1.625E-12   1.889E-12   1.655E-12   1.284E-12   9.346E-13   6.941E-13   5.473E-14   1.008E-10   3.655E-08   3.262E-07   2.560E-06   6.755E-07   2.851E-08
5.30    2.000E-12   1.376E-12   8.380E-13   9.666E-13   1.124E-12   9.850E-13   7.637E-13   5.560E-13   4.130E-13   2.731E-14   5.910E-11   2.458E-08   2.308E-07   1.936E-06   4.966E-07   1.967E-08
5.40    1.191E-12   8.195E-13   4.988E-13   5.754E-13   6.692E-13   5.864E-13   4.546E-13   3.311E-13   2.459E-13   1.366E-14   3.470E-11   1.655E-08   1.636E-07   1.466E-06   3.656E-07   1.359E-08
5.50    7.093E-13   4.882E-13   2.972E-13   3.428E-13   3.987E-13   3.493E-13   2.709E-13   1.972E-13   1.464E-13   6.883E-15   2.040E-11   1.117E-08   1.161E-07   1.112E-06   2.696E-07   9.400E-09
5.60    4.228E-13   2.910E-13   1.771E-13   2.043E-13   2.376E-13   2.082E-13   1.614E-13   1.176E-13   8.726E-14   3.442E-15   1.201E-11   7.544E-09   8.253E-08   8.445E-07   1.990E-07   6.513E-09
5.70    2.521E-13   1.735E-13   1.056E-13   1.218E-13   1.417E-13   1.241E-13   9.626E-14   7.006E-14   5.207E-14   1.776E-15   7.081E-12   5.104E-09   5.875E-08   6.421E-07   1.472E-07   4.518E-09
5.80    1.504E-13   1.035E-13   6.306E-14   7.272E-14   8.460E-14   7.405E-14   5.740E-14   4.186E-14   3.109E-14   8.882E-16   4.180E-12   3.458E-09   4.188E-08   4.889E-07   1.089E-07   3.139E-09
5.90    8.982E-14   6.184E-14   3.764E-14   4.341E-14   5.052E-14   4.419E-14   3.431E-14   2.498E-14   1.854E-14   4.441E-16   2.471E-12   2.346E-09   2.990E-08   3.727E-07   8.076E-08   2.183E-09
6.00    5.362E-14   3.697E-14   2.243E-14   2.598E-14   3.020E-14   2.642E-14   2.043E-14   1.488E-14   1.110E-14   2.220E-16   1.462E-12   1.594E-09   2.138E-08   2.844E-07   5.994E-08   1.520E-09
6.10    3.209E-14   2.209E-14   1.343E-14   1.554E-14   1.799E-14   1.577E-14   1.221E-14   8.882E-15   6.661E-15   1.110E-16   8.664E-13   1.084E-09   1.531E-08   2.173E-07   4.455E-08   1.060E-09
6.20    1.921E-14   1.321E-14   7.994E-15   9.215E-15   1.077E-14   9.437E-15   7.327E-15   5.329E-15   3.997E-15   1.110E-16   5.139E-13   7.386E-10   1.097E-08   1.662E-07   3.314E-08   7.400E-10
6.30    1.144E-14   7.883E-15   4.774E-15   5.551E-15   6.439E-15   5.662E-15   4.330E-15   3.220E-15   2.331E-15   0.000E+00   3.052E-13   5.037E-10   7.876E-09   1.273E-07   2.469E-08   5.172E-10
6.40    6.883E-15   4.774E-15   2.887E-15   3.331E-15   3.886E-15   3.331E-15   2.665E-15   1.887E-15   1.443E-15   0.000E+00   1.814E-13   3.440E-10   5.661E-09   9.762E-08   1.841E-08   3.619E-10
6.50    4.108E-15   2.776E-15   1.776E-15   1.998E-15   2.331E-15   1.998E-15   1.554E-15   1.110E-15   8.882E-16   0.000E+00   1.079E-13   2.352E-10   4.074E-09   7.492E-08   1.375E-08   2.535E-10
6.60    2.442E-15   1.665E-15   9.992E-16   1.221E-15   1.332E-15   1.221E-15   8.882E-16   6.661E-16   5.551E-16   0.000E+00   6.428E-14   1.610E-10   2.936E-09   5.757E-08   1.028E-08   1.777E-10
6.70    1.443E-15   9.992E-16   6.661E-16   6.661E-16   7.772E-16   7.772E-16   5.551E-16   4.441E-16   3.331E-16   0.000E+00   3.830E-14   1.104E-10   2.118E-09   4.428E-08   7.692E-09   1.248E-10
6.80    8.882E-16   5.551E-16   3.331E-16   4.441E-16   4.441E-16   4.441E-16   3.331E-16   2.220E-16   2.220E-16   0.000E+00   2.287E-14   7.573E-11   1.530E-09   3.410E-08   5.762E-09   8.767E-11
6.90    5.551E-16   3.331E-16   2.220E-16   2.220E-16   3.331E-16   2.220E-16   2.220E-16   1.110E-16   1.110E-16   0.000E+00   1.366E-14   5.202E-11   1.107E-09   2.628E-08   4.322E-09   6.166E-11
7.00    3.331E-16   2.220E-16   1.110E-16   1.110E-16   2.220E-16   1.110E-16   1.110E-16   1.110E-16   1.110E-16   0.000E+00   8.216E-15   3.578E-11   8.012E-10   2.027E-08   3.244E-09   4.341E-11
7.10    2.220E-16   1.110E-16   1.110E-16   1.110E-16   1.110E-16   1.110E-16   1.110E-16   0.000E+00   0.000E+00   0.000E+00   4.885E-15   2.463E-11   5.808E-10   1.566E-08   2.438E-09   3.059E-11
7.20    1.110E-16   1.110E-16   0.000E+00   1.110E-16   1.110E-16   1.110E-16   0.000E+00   0.000E+00   0.000E+00   0.000E+00   2.887E-15   1.698E-11   4.215E-10   1.210E-08   1.834E-09   2.158E-11
7.30    1.110E-16   0.000E+00   0.000E+00   0.000E+00   0.000E+00   0.000E+00   0.000E+00   0.000E+00   0.000E+00   0.000E+00   1.776E-15   1.171E-11   3.062E-10   9.365E-09   1.381E-09   1.524E-11
7.40    0.000E+00   0.000E+00   0.000E+00   0.000E+00   0.000E+00   0.000E+00   0.000E+00   0.000E+00   0.000E+00   0.000E+00   9.992E-16   8.092E-12   2.227E-10   7.253E-09   1.041E-09   1.077E-11
7.50    0.000E+00   0.000E+00   0.000E+00   0.000E+00   0.000E+00   0.000E+00   0.000E+00   0.000E+00   0.000E+00   0.000E+00   6.661E-16   5.595E-12   1.621E-10   5.622E-09   7.854E-10   7.615E-12
7.60    0.000E+00   0.000E+00   0.000E+00   0.000E+00   0.000E+00   0.000E+00   0.000E+00   0.000E+00   0.000E+00   0.000E+00   3.331E-16   3.872E-12   1.182E-10   4.362E-09   5.931E-10   5.390E-12
7.70    0.000E+00   0.000E+00   0.000E+00   0.000E+00   0.000E+00   0.000E+00   0.000E+00   0.000E+00   0.000E+00   0.000E+00   2.220E-16   2.683E-12   8.622E-11   3.387E-09   4.483E-10   3.819E-12
7.80    0.000E+00   0.000E+00   0.000E+00   0.000E+00   0.000E+00   0.000E+00   0.000E+00   0.000E+00   0.000E+00   0.000E+00   1.110E-16   1.860E-12   6.297E-11   2.633E-09   3.392E-10   2.708E-12
7.90    0.000E+00   0.000E+00   0.000E+00   0.000E+00   0.000E+00   0.000E+00   0.000E+00   0.000E+00   0.000E+00   0.000E+00   1.110E-16   1.291E-12   4.604E-11   2.048E-09   2.569E-10   1.922E-12
8.00    0.000E+00   0.000E+00   0.000E+00   0.000E+00   0.000E+00   0.000E+00   0.000E+00   0.000E+00   0.000E+00   0.000E+00   0.000E+00   8.973E-13   3.369E-11   1.594E-09   1.947E-10   1.365E-12