* De conditionele overschrijdingskans van de potentiële windsnelheid, gegeven de windrichting
* voor een 12-uursperiode te Hoek van Holland. Zonder onzekerheid.
* 
* Het waterstandsbereik waarvoor de overschrijdingskansen zijn 0.0 m/s en 2.0 m/s tot 42.00 m/s
* met een stapgrootte van 0.5 m/s.
*
* Door: G.W.F. Rongen van HKV lijn in water
* Project: PR3280.14
*
* u (m/s)   30              60              90              120             150             180             210             240             270             300             330             360
  0.00      1.000e+00       1.000e+00       1.000e+00       1.000e+00       1.000e+00       1.000e+00       1.000e+00       1.000e+00       1.000e+00       1.000e+00       1.000e+00       1.000e+00       
  2.00      9.900e-01       9.929e-01       9.967e-01       9.896e-01       9.923e-01       9.988e-01       9.987e-01       9.995e-01       9.996e-01       9.970e-01       9.883e-01       9.889e-01       
  2.50      9.838e-01       9.832e-01       9.861e-01       9.827e-01       9.834e-01       9.962e-01       9.948e-01       9.959e-01       9.968e-01       9.955e-01       9.854e-01       9.839e-01       
  3.00      9.615e-01       9.666e-01       9.584e-01       9.389e-01       9.513e-01       9.837e-01       9.852e-01       9.916e-01       9.871e-01       9.899e-01       9.729e-01       9.672e-01       
  3.50      9.365e-01       9.496e-01       9.306e-01       9.090e-01       9.303e-01       9.723e-01       9.793e-01       9.880e-01       9.814e-01       9.839e-01       9.671e-01       9.516e-01       
  4.00      8.880e-01       9.047e-01       8.604e-01       8.226e-01       8.838e-01       9.391e-01       9.647e-01       9.730e-01       9.656e-01       9.607e-01       9.414e-01       9.119e-01       
  4.50      8.512e-01       8.708e-01       8.057e-01       7.753e-01       8.485e-01       9.108e-01       9.498e-01       9.651e-01       9.491e-01       9.536e-01       9.297e-01       8.826e-01       
  5.00      7.943e-01       8.039e-01       6.996e-01       6.809e-01       7.710e-01       8.529e-01       9.180e-01       9.533e-01       9.197e-01       9.315e-01       9.078e-01       8.480e-01       
  5.50      7.492e-01       7.579e-01       6.343e-01       6.221e-01       7.035e-01       8.174e-01       9.018e-01       9.420e-01       9.047e-01       9.123e-01       8.902e-01       8.117e-01       
  6.00      7.107e-01       7.010e-01       5.298e-01       5.081e-01       6.040e-01       7.384e-01       8.530e-01       9.135e-01       8.760e-01       8.619e-01       8.463e-01       7.781e-01       
  6.50      6.355e-01       6.375e-01       4.686e-01       4.401e-01       5.442e-01       6.835e-01       8.303e-01       8.929e-01       8.538e-01       8.266e-01       7.965e-01       7.323e-01       
  7.00      5.903e-01       5.696e-01       3.739e-01       3.537e-01       4.635e-01       6.028e-01       7.762e-01       8.477e-01       8.079e-01       7.984e-01       7.643e-01       7.047e-01       
  7.50      4.950e-01       4.754e-01       3.020e-01       2.961e-01       3.838e-01       5.443e-01       7.435e-01       8.167e-01       7.656e-01       7.510e-01       6.984e-01       6.339e-01       
  8.00      4.666e-01       4.447e-01       2.490e-01       2.316e-01       3.352e-01       4.834e-01       6.850e-01       7.695e-01       7.297e-01       7.177e-01       6.589e-01       6.045e-01       
  8.50      3.930e-01       3.604e-01       1.976e-01       1.786e-01       2.611e-01       4.057e-01       6.475e-01       7.396e-01       6.875e-01       6.562e-01       5.857e-01       5.579e-01       
  9.00      3.378e-01       3.187e-01       1.543e-01       1.336e-01       2.235e-01       3.574e-01       5.707e-01       6.821e-01       6.394e-01       6.310e-01       5.461e-01       5.147e-01       
  9.50      2.843e-01       2.508e-01       1.200e-01       8.756e-02       1.593e-01       2.936e-01       5.205e-01       6.369e-01       5.706e-01       5.565e-01       4.744e-01       4.404e-01       
  10.00     2.592e-01       2.103e-01       9.143e-02       6.912e-02       1.372e-01       2.556e-01       4.712e-01       5.872e-01       5.247e-01       5.242e-01       4.348e-01       4.024e-01       
  10.50     2.216e-01       1.676e-01       5.878e-02       4.718e-02       9.624e-02       1.977e-01       4.066e-01       5.366e-01       4.724e-01       4.617e-01       3.836e-01       3.489e-01       
  11.00     1.923e-01       1.238e-01       3.781e-02       3.221e-02       7.633e-02       1.688e-01       3.530e-01       4.688e-01       4.251e-01       4.234e-01       3.338e-01       3.126e-01       
  11.50     1.672e-01       8.653e-02       2.432e-02       2.198e-02       5.362e-02       1.230e-01       3.063e-01       4.167e-01       3.735e-01       3.740e-01       2.855e-01       2.781e-01       
  12.00     1.304e-01       6.462e-02       1.564e-02       1.501e-02       3.767e-02       1.007e-01       2.605e-01       3.553e-01       3.319e-01       3.226e-01       2.504e-01       2.280e-01       
  12.50     1.070e-01       4.471e-02       1.006e-02       1.024e-02       2.646e-02       6.932e-02       2.120e-01       3.150e-01       3.025e-01       2.802e-01       2.057e-01       2.003e-01       
  13.00     8.209e-02       3.094e-02       6.473e-03       6.992e-03       1.859e-02       6.269e-02       1.688e-01       2.555e-01       2.631e-01       2.389e-01       1.742e-01       1.520e-01       
  13.50     6.296e-02       2.141e-02       4.164e-03       4.772e-03       1.306e-02       4.461e-02       1.296e-01       2.103e-01       2.172e-01       2.137e-01       1.449e-01       1.209e-01       
  14.00     4.829e-02       1.481e-02       2.679e-03       3.258e-03       9.173e-03       3.617e-02       9.468e-02       1.548e-01       1.864e-01       1.764e-01       1.215e-01       9.159e-02       
  14.50     3.704e-02       1.025e-02       1.801e-03       2.162e-03       6.444e-03       2.631e-02       7.286e-02       1.214e-01       1.563e-01       1.472e-01       1.069e-01       6.938e-02       
  15.00     2.841e-02       7.092e-03       1.211e-03       1.435e-03       4.527e-03       1.914e-02       6.108e-02       9.975e-02       1.384e-01       1.190e-01       8.170e-02       5.256e-02       
  15.50     2.179e-02       4.907e-03       8.145e-04       9.526e-04       3.180e-03       1.392e-02       4.538e-02       7.764e-02       1.147e-01       1.038e-01       6.245e-02       3.982e-02       
  16.00     1.671e-02       3.395e-03       5.477e-04       6.323e-04       2.190e-03       1.013e-02       3.534e-02       6.290e-02       9.104e-02       7.661e-02       4.774e-02       3.017e-02       
  16.50     1.282e-02       2.344e-03       3.683e-04       4.197e-04       1.508e-03       7.368e-03       2.382e-02       3.882e-02       7.240e-02       6.351e-02       3.649e-02       2.285e-02       
  17.00     9.831e-03       1.619e-03       2.477e-04       2.786e-04       1.038e-03       5.360e-03       1.605e-02       3.145e-02       5.806e-02       4.905e-02       2.789e-02       1.731e-02       
  17.50     7.540e-03       1.118e-03       1.665e-04       1.849e-04       7.149e-04       3.899e-03       1.082e-02       2.397e-02       4.516e-02       3.788e-02       2.132e-02       1.311e-02       
  18.00     5.783e-03       7.717e-04       1.120e-04       1.227e-04       4.923e-04       2.837e-03       7.289e-03       1.827e-02       3.379e-02       2.926e-02       1.630e-02       9.935e-03       
  18.50     4.180e-03       5.329e-04       7.531e-05       8.147e-05       3.390e-04       2.063e-03       4.912e-03       1.393e-02       2.528e-02       2.260e-02       1.246e-02       7.526e-03       
  19.00     3.021e-03       3.679e-04       5.064e-05       5.407e-05       2.334e-04       1.440e-03       3.310e-03       1.062e-02       1.892e-02       1.745e-02       9.523e-03       5.702e-03       
  19.50     2.184e-03       2.540e-04       3.405e-05       3.589e-05       1.607e-04       1.005e-03       2.231e-03       8.091e-03       1.415e-02       1.348e-02       7.280e-03       4.029e-03       
  20.00     1.578e-03       1.754e-04       2.290e-05       2.382e-05       1.107e-04       7.014e-04       1.503e-03       6.167e-03       1.059e-02       1.041e-02       5.565e-03       2.847e-03       
  20.50     1.141e-03       1.211e-04       1.540e-05       1.581e-05       7.620e-05       4.895e-04       1.004e-03       4.701e-03       7.925e-03       8.041e-03       4.254e-03       2.012e-03       
  21.00     8.244e-04       8.363e-05       1.035e-05       1.050e-05       5.247e-05       3.416e-04       6.711e-04       3.583e-03       5.929e-03       6.211e-03       2.991e-03       1.422e-03       
  21.50     5.958e-04       5.775e-05       6.963e-06       6.967e-06       3.613e-05       2.384e-04       4.484e-04       2.731e-03       4.437e-03       4.797e-03       2.103e-03       1.005e-03       
  22.00     4.307e-04       3.987e-05       4.682e-06       4.624e-06       2.488e-05       1.664e-04       2.996e-04       2.082e-03       3.320e-03       3.705e-03       1.479e-03       7.099e-04       
  22.50     3.113e-04       2.753e-05       3.149e-06       3.069e-06       1.713e-05       1.161e-04       2.002e-04       1.587e-03       2.484e-03       2.823e-03       1.040e-03       5.017e-04       
  23.00     2.250e-04       1.901e-05       2.117e-06       2.037e-06       1.179e-05       8.102e-05       1.338e-04       1.180e-03       1.881e-03       2.151e-03       7.314e-04       3.545e-04       
  23.50     1.626e-04       1.313e-05       1.424e-06       1.352e-06       8.122e-06       5.654e-05       8.937e-05       8.780e-04       1.425e-03       1.639e-03       5.143e-04       2.505e-04       
  24.00     1.175e-04       9.063e-06       9.574e-07       8.976e-07       5.592e-06       3.946e-05       5.972e-05       6.531e-04       1.079e-03       1.249e-03       3.617e-04       1.770e-04       
  24.50     8.494e-05       6.258e-06       6.438e-07       5.958e-07       3.851e-06       2.754e-05       3.990e-05       4.858e-04       8.177e-04       9.521e-04       2.543e-04       1.251e-04       
  25.00     6.139e-05       4.321e-06       4.329e-07       3.955e-07       2.651e-06       1.922e-05       2.666e-05       3.614e-04       6.193e-04       7.255e-04       1.788e-04       8.840e-05       
  25.50     4.437e-05       2.983e-06       2.911e-07       2.625e-07       1.826e-06       1.341e-05       1.781e-05       2.689e-04       4.691e-04       5.529e-04       1.258e-04       6.247e-05       
  26.00     3.207e-05       2.060e-06       1.958e-07       1.742e-07       1.257e-06       9.360e-06       1.190e-05       2.000e-04       3.554e-04       4.213e-04       8.844e-05       4.414e-05       
  26.50     2.318e-05       1.422e-06       1.316e-07       1.157e-07       8.656e-07       6.532e-06       7.952e-06       1.488e-04       2.692e-04       3.211e-04       6.219e-05       3.119e-05       
  27.00     1.675e-05       9.821e-07       8.853e-08       7.676e-08       5.961e-07       4.559e-06       5.313e-06       1.107e-04       2.039e-04       2.447e-04       4.373e-05       2.204e-05       
  27.50     1.211e-05       6.781e-07       5.953e-08       5.095e-08       4.104e-07       3.181e-06       3.550e-06       8.233e-05       1.544e-04       1.865e-04       3.075e-05       1.558e-05       
  28.00     8.751e-06       4.682e-07       4.003e-08       3.382e-08       2.826e-07       2.220e-06       2.372e-06       6.125e-05       1.170e-04       1.421e-04       2.162e-05       1.101e-05       
  28.50     6.325e-06       3.233e-07       2.692e-08       2.245e-08       1.946e-07       1.549e-06       1.585e-06       4.556e-05       8.861e-05       1.083e-04       1.521e-05       7.778e-06       
  29.00     4.572e-06       2.232e-07       1.810e-08       1.490e-08       1.340e-07       1.081e-06       1.059e-06       3.389e-05       6.712e-05       8.252e-05       1.069e-05       5.496e-06       
  29.50     3.304e-06       1.541e-07       1.217e-08       9.890e-09       9.227e-08       7.546e-07       7.076e-07       2.521e-05       5.084e-05       6.288e-05       7.520e-06       3.884e-06       
  30.00     2.388e-06       1.064e-07       8.185e-09       6.565e-09       6.353e-08       5.266e-07       4.728e-07       1.875e-05       3.851e-05       4.792e-05       5.288e-06       2.745e-06       
  30.50     1.726e-06       7.349e-08       5.504e-09       4.357e-09       4.375e-08       3.675e-07       3.159e-07       1.395e-05       2.917e-05       3.652e-05       3.718e-06       1.939e-06       
  31.00     1.248e-06       5.074e-08       3.701e-09       2.892e-09       3.012e-08       2.565e-07       2.111e-07       1.038e-05       2.209e-05       2.783e-05       2.615e-06       1.371e-06       
  31.50     9.017e-07       3.504e-08       2.489e-09       1.920e-09       2.074e-08       1.790e-07       1.410e-07       7.720e-06       1.674e-05       2.121e-05       1.839e-06       9.685e-07       
  32.00     6.517e-07       2.419e-08       1.674e-09       1.274e-09       1.428e-08       1.249e-07       9.423e-08       5.743e-06       1.268e-05       1.616e-05       1.293e-06       6.844e-07       
  32.50     4.710e-07       1.670e-08       1.126e-09       8.458e-10       9.834e-09       8.718e-08       6.296e-08       4.272e-06       9.602e-06       1.232e-05       9.092e-07       4.836e-07       
  33.00     3.404e-07       1.153e-08       7.568e-10       5.614e-10       6.772e-09       6.084e-08       4.207e-08       3.178e-06       7.273e-06       9.385e-06       6.394e-07       3.417e-07       
  33.50     2.460e-07       7.964e-09       5.089e-10       3.726e-10       4.663e-09       4.246e-08       2.811e-08       2.364e-06       5.509e-06       7.152e-06       4.496e-07       2.415e-07       
  34.00     1.778e-07       5.499e-09       3.422e-10       2.473e-10       3.211e-09       2.963e-08       1.878e-08       1.759e-06       4.173e-06       5.450e-06       3.162e-07       1.706e-07       
  34.50     1.285e-07       3.797e-09       2.301e-10       1.642e-10       2.211e-09       2.068e-08       1.255e-08       1.308e-06       3.161e-06       4.153e-06       2.223e-07       1.206e-07       
  35.00     9.290e-08       2.622e-09       1.548e-10       1.090e-10       1.522e-09       1.443e-08       8.384e-09       9.732e-07       2.394e-06       3.165e-06       1.563e-07       8.521e-08       
  35.50     6.714e-08       1.810e-09       1.041e-10       7.233e-11       1.048e-09       1.007e-08       5.602e-09       7.240e-07       1.814e-06       2.412e-06       1.099e-07       6.022e-08       
  36.00     4.853e-08       1.250e-09       6.998e-11       4.801e-11       7.217e-10       7.029e-09       3.743e-09       5.386e-07       1.374e-06       1.838e-06       7.731e-08       4.255e-08       
  36.50     3.507e-08       8.630e-10       4.706e-11       3.187e-11       4.970e-10       4.905e-09       2.501e-09       4.006e-07       1.041e-06       1.401e-06       5.436e-08       3.007e-08       
  37.00     2.535e-08       5.959e-10       3.164e-11       2.115e-11       3.422e-10       3.423e-09       1.671e-09       2.980e-07       7.882e-07       1.067e-06       3.823e-08       2.125e-08       
  37.50     1.832e-08       4.115e-10       2.128e-11       1.404e-11       2.356e-10       2.389e-09       1.117e-09       2.217e-07       5.970e-07       8.134e-07       2.688e-08       1.502e-08       
  38.00     1.324e-08       2.841e-10       1.431e-11       9.319e-12       1.623e-10       1.667e-09       7.460e-10       1.649e-07       4.522e-07       6.198e-07       1.890e-08       1.061e-08       
  38.50     9.571e-09       1.962e-10       9.622e-12       6.186e-12       1.117e-10       1.163e-09       4.985e-10       1.227e-07       3.426e-07       4.723e-07       1.329e-08       7.498e-09       
  39.00     6.918e-09       1.354e-10       6.471e-12       4.106e-12       7.693e-11       8.120e-10       3.331e-10       9.126e-08       2.595e-07       3.600e-07       9.348e-09       5.298e-09       
  39.50     5.000e-09       9.352e-11       4.351e-12       2.725e-12       5.297e-11       5.667e-10       2.225e-10       6.789e-08       1.965e-07       2.743e-07       6.573e-09       3.744e-09       
  40.00     3.614e-09       6.458e-11       2.926e-12       1.809e-12       3.647e-11       3.955e-10       1.487e-10       5.050e-08       1.489e-07       2.090e-07       4.622e-09       2.646e-09       
  40.50     2.612e-09       4.459e-11       1.968e-12       1.201e-12       2.512e-11       2.760e-10       9.935e-11       3.757e-08       1.128e-07       1.593e-07       3.250e-09       1.870e-09       
  41.00     1.888e-09       3.079e-11       1.323e-12       7.969e-13       1.729e-11       1.926e-10       6.638e-11       2.795e-08       8.542e-08       1.214e-07       2.286e-09       1.321e-09       
  41.50     1.364e-09       2.126e-11       8.897e-13       5.290e-13       1.191e-11       1.344e-10       4.435e-11       2.079e-08       6.470e-08       9.251e-08       1.607e-09       9.336e-10       
  42.00     9.861e-10       1.468e-11       5.983e-13       3.512e-13       8.199e-12       9.380e-11       2.964e-11       1.547e-08       4.901e-08       7.049e-08       1.130e-09       6.597e-10       