0 1.8 0.01
0 3.6 0.01
0 5.4 0.01
0 7.2 0.01
0 9.0 0.01
0 10.8 0.01
0 12.6 0.01
0 14.4 0.01
0 16.2 0.01
0 18.0 0.01
0 19.8 0.01
0 21.6 0.01
0 23.4 0.01
0 25.2 0.01
0 27.0 0.01
0 28.8 0.01
0 30.6 0.01
0 32.4 0.01
0 34.2 0.01
0 36.0 0.01
0 37.8 0.01
0 39.6 0.01
0 41.4 0.01
0 43.2 0.01
0 45.0 0.01
0 46.8 0.01
0 48.6 0.01
0 50.4 0.01
0 52.2 0.01
0 54.0 0.01
0 55.8 0.01
0 57.6 0.01
0 59.4 0.01
0 61.2 0.01
0 63.0 0.01
0 64.8 0.01
0 66.6 0.01
0 68.4 0.01
0 70.2 0.01
0 72.0 0.01
0 73.8 0.01
0 75.6 0.01
0 77.4 0.01
0 79.2 0.01
0 81.0 0.01
0 82.8 0.01
0 84.6 0.01
0 86.4 0.01
0 88.2 0.01
0 90.0 0.01
0 91.8 0.01
0 93.6 0.01
0 95.4 0.01
0 97.2 0.01
0 99.0 0.01
0 100.8 0.01
0 102.6 0.01
0 104.4 0.01
0 106.2 0.01
0 108.0 0.01
0 109.8 0.01
0 111.6 0.01
0 113.4 0.01
0 115.2 0.01
0 117.0 0.01
0 118.8 0.01
0 120.6 0.01
0 122.4 0.01
0 124.2 0.01
0 126.0 0.01
0 127.8 0.01
0 129.6 0.01
0 131.4 0.01
0 133.2 0.01
0 135.0 0.01
0 136.8 0.01
0 138.6 0.01
0 140.4 0.01
0 142.2 0.01
0 144.0 0.01
0 145.8 0.01
0 147.6 0.01
0 149.4 0.01
0 151.2 0.01
0 153.0 0.01
0 154.8 0.01
0 156.6 0.01
0 158.4 0.01
0 160.2 0.01
0 162.0 0.01
0 163.8 0.01
0 165.6 0.01
0 167.4 0.01
0 169.2 0.01
0 171.0 0.01
0 172.8 0.01
0 174.6 0.01
0 176.4 0.01
0 178.2 0.01
0 180.0 0.01
