0 6.0 0.0333333333333
0 12.0 0.0333333333333
0 18.0 0.0333333333333
0 24.0 0.0333333333333
0 30.0 0.0333333333333
0 36.0 0.0333333333333
0 42.0 0.0333333333333
0 48.0 0.0333333333333
0 54.0 0.0333333333333
0 60.0 0.0333333333333
0 66.0 0.0333333333333
0 72.0 0.0333333333333
0 78.0 0.0333333333333
0 84.0 0.0333333333333
0 90.0 0.0333333333333
0 96.0 0.0333333333333
0 102.0 0.0333333333333
0 108.0 0.0333333333333
0 114.0 0.0333333333333
0 120.0 0.0333333333333
0 126.0 0.0333333333333
0 132.0 0.0333333333333
0 138.0 0.0333333333333
0 144.0 0.0333333333333
0 150.0 0.0333333333333
0 156.0 0.0333333333333
0 162.0 0.0333333333333
0 168.0 0.0333333333333
0 174.0 0.0333333333333
0 180.0 0.0333333333333
