0 0.45 0.0025
0 0.9 0.0025
0 1.35 0.0025
0 1.8 0.0025
0 2.25 0.0025
0 2.7 0.0025
0 3.15 0.0025
0 3.6 0.0025
0 4.05 0.0025
0 4.5 0.0025
0 4.95 0.0025
0 5.4 0.0025
0 5.85 0.0025
0 6.3 0.0025
0 6.75 0.0025
0 7.2 0.0025
0 7.65 0.0025
0 8.1 0.0025
0 8.55 0.0025
0 9.0 0.0025
0 9.45 0.0025
0 9.9 0.0025
0 10.35 0.0025
0 10.8 0.0025
0 11.25 0.0025
0 11.7 0.0025
0 12.15 0.0025
0 12.6 0.0025
0 13.05 0.0025
0 13.5 0.0025
0 13.95 0.0025
0 14.4 0.0025
0 14.85 0.0025
0 15.3 0.0025
0 15.75 0.0025
0 16.2 0.0025
0 16.65 0.0025
0 17.1 0.0025
0 17.55 0.0025
0 18.0 0.0025
0 18.45 0.0025
0 18.9 0.0025
0 19.35 0.0025
0 19.8 0.0025
0 20.25 0.0025
0 20.7 0.0025
0 21.15 0.0025
0 21.6 0.0025
0 22.05 0.0025
0 22.5 0.0025
0 22.95 0.0025
0 23.4 0.0025
0 23.85 0.0025
0 24.3 0.0025
0 24.75 0.0025
0 25.2 0.0025
0 25.65 0.0025
0 26.1 0.0025
0 26.55 0.0025
0 27.0 0.0025
0 27.45 0.0025
0 27.9 0.0025
0 28.35 0.0025
0 28.8 0.0025
0 29.25 0.0025
0 29.7 0.0025
0 30.15 0.0025
0 30.6 0.0025
0 31.05 0.0025
0 31.5 0.0025
0 31.95 0.0025
0 32.4 0.0025
0 32.85 0.0025
0 33.3 0.0025
0 33.75 0.0025
0 34.2 0.0025
0 34.65 0.0025
0 35.1 0.0025
0 35.55 0.0025
0 36.0 0.0025
0 36.45 0.0025
0 36.9 0.0025
0 37.35 0.0025
0 37.8 0.0025
0 38.25 0.0025
0 38.7 0.0025
0 39.15 0.0025
0 39.6 0.0025
0 40.05 0.0025
0 40.5 0.0025
0 40.95 0.0025
0 41.4 0.0025
0 41.85 0.0025
0 42.3 0.0025
0 42.75 0.0025
0 43.2 0.0025
0 43.65 0.0025
0 44.1 0.0025
0 44.55 0.0025
0 45.0 0.0025
0 45.45 0.0025
0 45.9 0.0025
0 46.35 0.0025
0 46.8 0.0025
0 47.25 0.0025
0 47.7 0.0025
0 48.15 0.0025
0 48.6 0.0025
0 49.05 0.0025
0 49.5 0.0025
0 49.95 0.0025
0 50.4 0.0025
0 50.85 0.0025
0 51.3 0.0025
0 51.75 0.0025
0 52.2 0.0025
0 52.65 0.0025
0 53.1 0.0025
0 53.55 0.0025
0 54.0 0.0025
0 54.45 0.0025
0 54.9 0.0025
0 55.35 0.0025
0 55.8 0.0025
0 56.25 0.0025
0 56.7 0.0025
0 57.15 0.0025
0 57.6 0.0025
0 58.05 0.0025
0 58.5 0.0025
0 58.95 0.0025
0 59.4 0.0025
0 59.85 0.0025
0 60.3 0.0025
0 60.75 0.0025
0 61.2 0.0025
0 61.65 0.0025
0 62.1 0.0025
0 62.55 0.0025
0 63.0 0.0025
0 63.45 0.0025
0 63.9 0.0025
0 64.35 0.0025
0 64.8 0.0025
0 65.25 0.0025
0 65.7 0.0025
0 66.15 0.0025
0 66.6 0.0025
0 67.05 0.0025
0 67.5 0.0025
0 67.95 0.0025
0 68.4 0.0025
0 68.85 0.0025
0 69.3 0.0025
0 69.75 0.0025
0 70.2 0.0025
0 70.65 0.0025
0 71.1 0.0025
0 71.55 0.0025
0 72.0 0.0025
0 72.45 0.0025
0 72.9 0.0025
0 73.35 0.0025
0 73.8 0.0025
0 74.25 0.0025
0 74.7 0.0025
0 75.15 0.0025
0 75.6 0.0025
0 76.05 0.0025
0 76.5 0.0025
0 76.95 0.0025
0 77.4 0.0025
0 77.85 0.0025
0 78.3 0.0025
0 78.75 0.0025
0 79.2 0.0025
0 79.65 0.0025
0 80.1 0.0025
0 80.55 0.0025
0 81.0 0.0025
0 81.45 0.0025
0 81.9 0.0025
0 82.35 0.0025
0 82.8 0.0025
0 83.25 0.0025
0 83.7 0.0025
0 84.15 0.0025
0 84.6 0.0025
0 85.05 0.0025
0 85.5 0.0025
0 85.95 0.0025
0 86.4 0.0025
0 86.85 0.0025
0 87.3 0.0025
0 87.75 0.0025
0 88.2 0.0025
0 88.65 0.0025
0 89.1 0.0025
0 89.55 0.0025
0 90.0 0.0025
0 90.45 0.0025
0 90.9 0.0025
0 91.35 0.0025
0 91.8 0.0025
0 92.25 0.0025
0 92.7 0.0025
0 93.15 0.0025
0 93.6 0.0025
0 94.05 0.0025
0 94.5 0.0025
0 94.95 0.0025
0 95.4 0.0025
0 95.85 0.0025
0 96.3 0.0025
0 96.75 0.0025
0 97.2 0.0025
0 97.65 0.0025
0 98.1 0.0025
0 98.55 0.0025
0 99.0 0.0025
0 99.45 0.0025
0 99.9 0.0025
0 100.35 0.0025
0 100.8 0.0025
0 101.25 0.0025
0 101.7 0.0025
0 102.15 0.0025
0 102.6 0.0025
0 103.05 0.0025
0 103.5 0.0025
0 103.95 0.0025
0 104.4 0.0025
0 104.85 0.0025
0 105.3 0.0025
0 105.75 0.0025
0 106.2 0.0025
0 106.65 0.0025
0 107.1 0.0025
0 107.55 0.0025
0 108.0 0.0025
0 108.45 0.0025
0 108.9 0.0025
0 109.35 0.0025
0 109.8 0.0025
0 110.25 0.0025
0 110.7 0.0025
0 111.15 0.0025
0 111.6 0.0025
0 112.05 0.0025
0 112.5 0.0025
0 112.95 0.0025
0 113.4 0.0025
0 113.85 0.0025
0 114.3 0.0025
0 114.75 0.0025
0 115.2 0.0025
0 115.65 0.0025
0 116.1 0.0025
0 116.55 0.0025
0 117.0 0.0025
0 117.45 0.0025
0 117.9 0.0025
0 118.35 0.0025
0 118.8 0.0025
0 119.25 0.0025
0 119.7 0.0025
0 120.15 0.0025
0 120.6 0.0025
0 121.05 0.0025
0 121.5 0.0025
0 121.95 0.0025
0 122.4 0.0025
0 122.85 0.0025
0 123.3 0.0025
0 123.75 0.0025
0 124.2 0.0025
0 124.65 0.0025
0 125.1 0.0025
0 125.55 0.0025
0 126.0 0.0025
0 126.45 0.0025
0 126.9 0.0025
0 127.35 0.0025
0 127.8 0.0025
0 128.25 0.0025
0 128.7 0.0025
0 129.15 0.0025
0 129.6 0.0025
0 130.05 0.0025
0 130.5 0.0025
0 130.95 0.0025
0 131.4 0.0025
0 131.85 0.0025
0 132.3 0.0025
0 132.75 0.0025
0 133.2 0.0025
0 133.65 0.0025
0 134.1 0.0025
0 134.55 0.0025
0 135.0 0.0025
0 135.45 0.0025
0 135.9 0.0025
0 136.35 0.0025
0 136.8 0.0025
0 137.25 0.0025
0 137.7 0.0025
0 138.15 0.0025
0 138.6 0.0025
0 139.05 0.0025
0 139.5 0.0025
0 139.95 0.0025
0 140.4 0.0025
0 140.85 0.0025
0 141.3 0.0025
0 141.75 0.0025
0 142.2 0.0025
0 142.65 0.0025
0 143.1 0.0025
0 143.55 0.0025
0 144.0 0.0025
0 144.45 0.0025
0 144.9 0.0025
0 145.35 0.0025
0 145.8 0.0025
0 146.25 0.0025
0 146.7 0.0025
0 147.15 0.0025
0 147.6 0.0025
0 148.05 0.0025
0 148.5 0.0025
0 148.95 0.0025
0 149.4 0.0025
0 149.85 0.0025
0 150.3 0.0025
0 150.75 0.0025
0 151.2 0.0025
0 151.65 0.0025
0 152.1 0.0025
0 152.55 0.0025
0 153.0 0.0025
0 153.45 0.0025
0 153.9 0.0025
0 154.35 0.0025
0 154.8 0.0025
0 155.25 0.0025
0 155.7 0.0025
0 156.15 0.0025
0 156.6 0.0025
0 157.05 0.0025
0 157.5 0.0025
0 157.95 0.0025
0 158.4 0.0025
0 158.85 0.0025
0 159.3 0.0025
0 159.75 0.0025
0 160.2 0.0025
0 160.65 0.0025
0 161.1 0.0025
0 161.55 0.0025
0 162.0 0.0025
0 162.45 0.0025
0 162.9 0.0025
0 163.35 0.0025
0 163.8 0.0025
0 164.25 0.0025
0 164.7 0.0025
0 165.15 0.0025
0 165.6 0.0025
0 166.05 0.0025
0 166.5 0.0025
0 166.95 0.0025
0 167.4 0.0025
0 167.85 0.0025
0 168.3 0.0025
0 168.75 0.0025
0 169.2 0.0025
0 169.65 0.0025
0 170.1 0.0025
0 170.55 0.0025
0 171.0 0.0025
0 171.45 0.0025
0 171.9 0.0025
0 172.35 0.0025
0 172.8 0.0025
0 173.25 0.0025
0 173.7 0.0025
0 174.15 0.0025
0 174.6 0.0025
0 175.05 0.0025
0 175.5 0.0025
0 175.95 0.0025
0 176.4 0.0025
0 176.85 0.0025
0 177.3 0.0025
0 177.75 0.0025
0 178.2 0.0025
0 178.65 0.0025
0 179.1 0.0025
0 179.55 0.0025
0 180.0 0.0025
