0 4.5 0.025
0 9.0 0.025
0 13.5 0.025
0 18.0 0.025
0 22.5 0.025
0 27.0 0.025
0 31.5 0.025
0 36.0 0.025
0 40.5 0.025
0 45.0 0.025
0 49.5 0.025
0 54.0 0.025
0 58.5 0.025
0 63.0 0.025
0 67.5 0.025
0 72.0 0.025
0 76.5 0.025
0 81.0 0.025
0 85.5 0.025
0 90.0 0.025
0 94.5 0.025
0 99.0 0.025
0 103.5 0.025
0 108.0 0.025
0 112.5 0.025
0 117.0 0.025
0 121.5 0.025
0 126.0 0.025
0 130.5 0.025
0 135.0 0.025
0 139.5 0.025
0 144.0 0.025
0 148.5 0.025
0 153.0 0.025
0 157.5 0.025
0 162.0 0.025
0 166.5 0.025
0 171.0 0.025
0 175.5 0.025
0 180.0 0.025
