0 3.6 0.02
0 7.2 0.02
0 10.8 0.02
0 14.4 0.02
0 18.0 0.02
0 21.6 0.02
0 25.2 0.02
0 28.8 0.02
0 32.4 0.02
0 36.0 0.02
0 39.6 0.02
0 43.2 0.02
0 46.8 0.02
0 50.4 0.02
0 54.0 0.02
0 57.6 0.02
0 61.2 0.02
0 64.8 0.02
0 68.4 0.02
0 72.0 0.02
0 75.6 0.02
0 79.2 0.02
0 82.8 0.02
0 86.4 0.02
0 90.0 0.02
0 93.6 0.02
0 97.2 0.02
0 100.8 0.02
0 104.4 0.02
0 108.0 0.02
0 111.6 0.02
0 115.2 0.02
0 118.8 0.02
0 122.4 0.02
0 126.0 0.02
0 129.6 0.02
0 133.2 0.02
0 136.8 0.02
0 140.4 0.02
0 144.0 0.02
0 147.6 0.02
0 151.2 0.02
0 154.8 0.02
0 158.4 0.02
0 162.0 0.02
0 165.6 0.02
0 169.2 0.02
0 172.8 0.02
0 176.4 0.02
0 180.0 0.02
