0 2.25 0.0125
0 4.5 0.0125
0 6.75 0.0125
0 9.0 0.0125
0 11.25 0.0125
0 13.5 0.0125
0 15.75 0.0125
0 18.0 0.0125
0 20.25 0.0125
0 22.5 0.0125
0 24.75 0.0125
0 27.0 0.0125
0 29.25 0.0125
0 31.5 0.0125
0 33.75 0.0125
0 36.0 0.0125
0 38.25 0.0125
0 40.5 0.0125
0 42.75 0.0125
0 45.0 0.0125
0 47.25 0.0125
0 49.5 0.0125
0 51.75 0.0125
0 54.0 0.0125
0 56.25 0.0125
0 58.5 0.0125
0 60.75 0.0125
0 63.0 0.0125
0 65.25 0.0125
0 67.5 0.0125
0 69.75 0.0125
0 72.0 0.0125
0 74.25 0.0125
0 76.5 0.0125
0 78.75 0.0125
0 81.0 0.0125
0 83.25 0.0125
0 85.5 0.0125
0 87.75 0.0125
0 90.0 0.0125
0 92.25 0.0125
0 94.5 0.0125
0 96.75 0.0125
0 99.0 0.0125
0 101.25 0.0125
0 103.5 0.0125
0 105.75 0.0125
0 108.0 0.0125
0 110.25 0.0125
0 112.5 0.0125
0 114.75 0.0125
0 117.0 0.0125
0 119.25 0.0125
0 121.5 0.0125
0 123.75 0.0125
0 126.0 0.0125
0 128.25 0.0125
0 130.5 0.0125
0 132.75 0.0125
0 135.0 0.0125
0 137.25 0.0125
0 139.5 0.0125
0 141.75 0.0125
0 144.0 0.0125
0 146.25 0.0125
0 148.5 0.0125
0 150.75 0.0125
0 153.0 0.0125
0 155.25 0.0125
0 157.5 0.0125
0 159.75 0.0125
0 162.0 0.0125
0 164.25 0.0125
0 166.5 0.0125
0 168.75 0.0125
0 171.0 0.0125
0 173.25 0.0125
0 175.5 0.0125
0 177.75 0.0125
0 180.0 0.0125
