0.00000000 0.00000000 0.003564681
0.00000000 20.2288199 0.020207384
0.00000000 45.0000000 0.022867624
0.00000000 69.7711801 0.020207384
0.00000000 90.0000000 0.003564681
7.52995108 82.5342479 0.032854216
10.7708560 58.3237741 0.044241991
16.8498911 33.2761302 0.044241991
17.5875412 73.1871458 0.041265902
20.2288199 90.0000000 0.020207384
25.0816830 47.8327264 0.044869633
29.7677350 63.5962810 0.044150172
32.1331436 80.8487219 0.044241991
45.0000000 10.5884838 0.032854216
45.0000000 24.1455738 0.041265902
45.0000000 38.9683735 0.044150172
45.0000000 54.7356103 0.044587065
45.0000000 71.6876561 0.044869633
45.0000000 90.0000000 0.022867624
57.8668563 80.8487219 0.044241991
60.2322650 63.596281 0.044150172
64.9183170 47.8327264 0.044869633
69.7711801 90.0000000 0.020207384
72.4124588 73.1871458 0.041265902
73.1501089 33.2761302 0.044241991
79.2291440 58.3237741 0.044241991
82.4700489 82.5342479 0.032854216
90.0000000 20.2288199 0.020207384
90.0000000 45.0000000 0.022867624
90.0000000 69.7711801 0.020207384
90.0000000 90.0000000 0.003564681
