252.674000 50.908000 0.0069773
195.044000 59.700000 0.0067354
299.248000 73.578000 0.0069544
89.267000 101.814000 0.0070072
241.336000 136.183000 0.0069650
62.461000 21.924000 0.0066962
353.545000 86.705000 0.0069059
342.671000 118.088000 0.0069887
270.375000 144.265000 0.0069117
199.676000 155.024000 0.0069647
17.418000 107.121000 0.0069141
80.620000 83.501000 0.0069820
274.577000 95.500000 0.0069524
298.884000 139.955000 0.0069524
194.923000 106.532000 0.0070837
215.165000 107.974000 0.0070242
200.643000 42.663000 0.0069505
214.763000 58.604000 0.0068995
109.067000 72.666000 0.0068311
250.600000 70.471000 0.0069310
30.345000 70.405000 0.0070397
43.169000 84.038000 0.0069758
103.985000 151.626000 0.0069998
305.262000 122.177000 0.0069764
142.695000 110.875000 0.0069762
252.475000 14.026000 0.0070141
114.368000 134.590000 0.0068946
268.016000 64.058000 0.0070301
204.297000 122.645000 0.0070677
161.272000 114.605000 0.0068972
326.006000 16.724000 0.0069277
74.723000 166.810000 0.0069848
122.848000 119.108000 0.0069479
328.874000 48.779000 0.0069335
180.099000 71.507000 0.0069085
347.214000 167.955000 0.0069057
34.904000 153.852000 0.0069240
307.058000 104.970000 0.0069385
288.353000 159.352000 0.0069938
215.303000 75.843000 0.0068625
312.134000 60.098000 0.0070256
176.639000 51.637000 0.0069663
189.655000 136.444000 0.0069606
166.793000 147.718000 0.0067125
250.668000 32.688000 0.0070127
44.339000 37.323000 0.0069763
284.276000 126.121000 0.0068949
143.410000 62.470000 0.0069706
9.483000 92.074000 0.0066677
240.651000 153.976000 0.0070352
105.623000 37.564000 0.0069921
171.633000 15.549000 0.0070116
168.950000 84.792000 0.0070296
176.185000 33.526000 0.0070324
262.433000 128.273000 0.0066660
262.303000 83.282000 0.0070592
63.539000 112.813000 0.0066879
288.943000 108.857000 0.0070242
26.279000 88.090000 0.0069387
317.477000 33.459000 0.0066734
320.590000 75.219000 0.0069296
324.271000 94.960000 0.0069281
353.164000 51.807000 0.0070669
324.224000 130.994000 0.0070645
71.804000 97.987000 0.0068900
151.472000 79.314000 0.0070312
226.581000 122.263000 0.0070981
56.671000 4.273000 0.0069021
157.009000 97.501000 0.0069681
227.418000 42.716000 0.0069457
13.748000 58.351000 0.0070022
59.570000 51.730000 0.0070608
213.368000 26.274000 0.0070050
101.763000 119.082000 0.0070014
224.052000 92.018000 0.0069235
154.474000 47.291000 0.0069995
141.660000 128.098000 0.0070368
335.938000 64.409000 0.0069548
323.455000 149.067000 0.0069096
175.337000 102.721000 0.0070223
11.845000 75.174000 0.0069108
340.625000 100.378000 0.0069473
26.522000 121.925000 0.0068865
16.982000 23.256000 0.0069434
61.507000 82.877000 0.0070463
82.941000 53.264000 0.0068815
235.067000 104.959000 0.0069921
247.230000 117.229000 0.0069331
337.229000 81.972000 0.0069279
45.711000 118.104000 0.0069385
98.523000 87.028000 0.0070048
42.516000 136.389000 0.0070252
142.967000 30.872000 0.0069049
16.012000 137.484000 0.0069126
291.798000 91.412000 0.0069480
244.258000 89.081000 0.0069896
89.185000 134.756000 0.0070144
129.125000 45.961000 0.0069767
52.451000 98.827000 0.0069678
162.859000 65.355000 0.0069696
35.866000 53.824000 0.0070424
104.594000 54.541000 0.0069708
269.750000 112.207000 0.0068812
215.857000 139.091000 0.0070399
132.017000 77.629000 0.0069592
145.038000 163.084000 0.0069710
324.193000 112.902000 0.0070567
255.870000 101.179000 0.0070080
348.832000 34.659000 0.0069258
225.164000 172.012000 0.0070112
123.571000 62.291000 0.0067427
182.107000 119.632000 0.0070552
357.397000 151.104000 0.0066516
50.253000 67.565000 0.0070891
90.772000 69.357000 0.0069401
139.845000 92.832000 0.0068551
117.683000 87.503000 0.0069393
347.731000 134.867000 0.0069382
110.622000 20.745000 0.0068627
308.720000 87.851000 0.0066707
186.821000 89.932000 0.0069986
232.808000 76.476000 0.0067407
280.165000 77.733000 0.0070664
4.276000 122.007000 0.0070249
16.375000 41.391000 0.0069997
107.638000 103.074000 0.0069812
299.708000 46.063000 0.0068877
65.013000 130.249000 0.0069427
35.237000 103.149000 0.0070420
205.888000 92.601000 0.0069810
354.462000 69.258000 0.0070457
68.919000 147.848000 0.0069669
287.657000 60.508000 0.0069096
284.272000 28.551000 0.0069561
70.416000 67.622000 0.0070581
234.647000 59.521000 0.0067530
125.716000 102.628000 0.0067541
136.301000 144.740000 0.0068782
274.477000 45.512000 0.0069896
357.709000 105.692000 0.0069386
81.929000 117.481000 0.0069323
164.175000 131.077000 0.0068749
76.657000 37.208000 0.0068944
197.992000 76.610000 0.0067484
