170.813000 81.833000 0.0039532
100.539000 111.667000 0.0039321
186.016000 101.418000 0.0039414
80.937000 59.286000 0.0038896
48.168000 105.983000 0.0038520
87.908000 48.135000 0.0038645
338.239000 125.949000 0.0039311
35.964000 100.072000 0.0039070
322.649000 94.164000 0.0038945
24.443000 136.069000 0.0038980
129.438000 118.460000 0.0039433
300.415000 128.683000 0.0038767
284.078000 76.614000 0.0039666
326.647000 117.346000 0.0039397
9.940000 101.786000 0.0039470
273.699000 27.295000 0.0039575
97.719000 12.257000 0.0039157
195.540000 25.386000 0.0038770
213.508000 149.289000 0.0039334
342.488000 113.212000 0.0039504
34.228000 113.102000 0.0038991
247.312000 102.663000 0.0038441
309.738000 95.608000 0.0038811
109.253000 88.841000 0.0038964
25.016000 80.781000 0.0039528
151.663000 163.558000 0.0038512
307.745000 140.081000 0.0038837
232.748000 83.426000 0.0039391
74.721000 110.498000 0.0039015
221.915000 103.852000 0.0039008
148.755000 96.544000 0.0038774
38.235000 14.181000 0.0039392
292.864000 49.560000 0.0039471
137.810000 59.010000 0.0039142
245.337000 90.141000 0.0038790
288.682000 63.636000 0.0039547
117.422000 78.434000 0.0039561
1.254000 83.896000 0.0037804
84.902000 91.913000 0.0038947
198.189000 107.385000 0.0039435
131.231000 81.896000 0.0039395
321.093000 149.962000 0.0037725
23.013000 53.424000 0.0039550
331.730000 138.215000 0.0038891
145.169000 84.390000 0.0039109
8.215000 143.692000 0.0039049
96.631000 24.920000 0.0039137
208.267000 85.164000 0.0039618
217.950000 32.343000 0.0039381
171.203000 137.283000 0.0039456
348.694000 48.431000 0.0038488
319.297000 129.151000 0.0039226
163.078000 40.838000 0.0038798
21.391000 39.436000 0.0039008
122.081000 56.749000 0.0038225
44.611000 162.143000 0.0039001
87.379000 145.154000 0.0038594
224.928000 117.265000 0.0037795
219.080000 48.657000 0.0039338
138.021000 107.449000 0.0038781
55.373000 38.862000 0.0039383
7.390000 158.203000 0.0039172
200.671000 122.176000 0.0039446
233.547000 161.863000 0.0038805
207.308000 71.668000 0.0039475
283.797000 129.233000 0.0039049
110.570000 153.459000 0.0039904
73.512000 83.995000 0.0039229
86.284000 77.853000 0.0038761
328.515000 68.970000 0.0038953
1.399000 36.106000 0.0038719
31.105000 149.329000 0.0039525
164.169000 55.937000 0.0038927
22.019000 121.657000 0.0039362
64.614000 61.488000 0.0039245
87.757000 118.377000 0.0039375
80.467000 157.353000 0.0037544
143.766000 35.069000 0.0038995
167.569000 69.122000 0.0039510
182.229000 74.659000 0.0039355
219.827000 63.977000 0.0038945
165.979000 14.109000 0.0039007
102.586000 124.990000 0.0039557
340.504000 24.444000 0.0038732
294.660000 154.136000 0.0038882
305.408000 22.618000 0.0039486
273.262000 104.029000 0.0038787
86.945000 104.942000 0.0039077
262.797000 48.277000 0.0037430
69.795000 137.876000 0.0039134
114.621000 115.478000 0.0039482
245.975000 64.152000 0.0039345
358.126000 95.852000 0.0038571
220.761000 90.606000 0.0039403
8.307000 129.420000 0.0039586
36.803000 127.141000 0.0038358
151.563000 108.960000 0.0037459
188.405000 130.984000 0.0039314
165.053000 27.320000 0.0039295
52.515000 52.825000 0.0039331
317.420000 106.853000 0.0039266
233.526000 96.587000 0.0039165
209.225000 98.744000 0.0039469
8.923000 115.441000 0.0039520
87.809000 131.788000 0.0039234
149.158000 49.515000 0.0039395
122.017000 91.914000 0.0039402
257.703000 86.416000 0.0039475
254.339000 36.645000 0.0038970
118.798000 128.620000 0.0039308
69.472000 48.639000 0.0039531
210.937000 112.672000 0.0039139
100.828000 56.255000 0.0039223
36.766000 86.669000 0.0039419
61.112000 88.409000 0.0039412
58.332000 149.038000 0.0038921
173.737000 94.809000 0.0039188
166.686000 150.694000 0.0038989
358.661000 72.011000 0.0038385
49.139000 79.918000 0.0039329
356.595000 108.915000 0.0039093
302.455000 107.453000 0.0038982
6.704000 49.245000 0.0039449
335.242000 79.894000 0.0038124
159.778000 88.989000 0.0039404
47.817000 118.591000 0.0037539
241.830000 25.742000 0.0039316
124.718000 105.122000 0.0039235
61.865000 75.047000 0.0039365
236.119000 126.054000 0.0040324
266.795000 138.952000 0.0039955
304.055000 59.396000 0.0039288
318.829000 34.635000 0.0038537
120.049000 34.016000 0.0038910
179.791000 61.846000 0.0039038
239.580000 149.674000 0.0037928
138.343000 152.103000 0.0037937
174.729000 123.836000 0.0039117
111.855000 46.897000 0.0038706
48.696000 93.067000 0.0039052
296.486000 95.868000 0.0038250
259.514000 99.849000 0.0039066
157.350000 128.631000 0.0039218
156.158000 76.543000 0.0039472
73.409000 124.248000 0.0039418
232.840000 70.264000 0.0039332
13.054000 89.046000 0.0039008
135.205000 94.596000 0.0039356
205.190000 136.692000 0.0038878
63.959000 24.215000 0.0039560
189.127000 145.145000 0.0039097
195.673000 79.663000 0.0039526
37.549000 59.323000 0.0039586
196.999000 93.295000 0.0039534
345.693000 99.894000 0.0039278
294.876000 83.750000 0.0038117
234.015000 40.864000 0.0039444
194.096000 66.266000 0.0039500
76.450000 35.823000 0.0039140
310.513000 46.770000 0.0039298
219.485000 15.629000 0.0038600
235.542000 109.724000 0.0038297
283.008000 90.870000 0.0040343
265.767000 152.313000 0.0040169
201.726000 173.598000 0.0038953
253.327000 126.960000 0.0037752
310.235000 118.379000 0.0039065
262.100000 112.924000 0.0040202
203.690000 42.047000 0.0039265
38.079000 45.492000 0.0039120
247.891000 115.612000 0.0038504
21.801000 107.563000 0.0039428
131.573000 45.700000 0.0039142
162.765000 116.313000 0.0038553
258.689000 73.402000 0.0039256
337.894000 11.916000 0.0038948
286.819000 104.390000 0.0039571
260.428000 60.763000 0.0038748
101.707000 168.405000 0.0039252
279.500000 166.301000 0.0039539
338.214000 59.370000 0.0039698
273.470000 67.088000 0.0038999
313.713000 70.608000 0.0039280
271.011000 79.658000 0.0038694
45.506000 138.606000 0.0039095
185.105000 36.874000 0.0038938
57.322000 128.758000 0.0038851
10.181000 62.274000 0.0039506
220.142000 77.395000 0.0039448
286.753000 141.926000 0.0039331
105.479000 138.670000 0.0039410
329.200000 48.075000 0.0039020
340.035000 37.217000 0.0037192
293.065000 116.994000 0.0039376
308.422000 83.175000 0.0039375
24.469000 66.957000 0.0039601
98.599000 98.552000 0.0038786
103.480000 75.267000 0.0038875
162.949000 101.853000 0.0038854
61.716000 114.879000 0.0038860
132.086000 22.166000 0.0039392
268.375000 125.377000 0.0038213
98.343000 37.807000 0.0037846
245.480000 77.272000 0.0039245
299.507000 71.926000 0.0038773
184.595000 87.609000 0.0039258
24.389000 94.552000 0.0039179
321.807000 81.615000 0.0039386
175.001000 109.126000 0.0039408
354.643000 59.962000 0.0038690
6.975000 173.254000 0.0039372
206.997000 57.758000 0.0038932
226.398000 137.643000 0.0039723
145.111000 120.343000 0.0038766
193.045000 52.575000 0.0038585
216.038000 126.928000 0.0038506
177.632000 48.722000 0.0037614
192.774000 159.249000 0.0039551
37.151000 73.022000 0.0039627
271.616000 14.271000 0.0039141
246.344000 50.664000 0.0038717
127.047000 69.144000 0.0039106
278.391000 115.865000 0.0038768
345.035000 71.309000 0.0039586
351.527000 135.299000 0.0039374
125.231000 141.480000 0.0038782
354.462000 122.031000 0.0039400
296.512000 35.740000 0.0038928
50.324000 66.451000 0.0039539
187.318000 116.066000 0.0039553
213.345000 1.370000 0.0038830
60.923000 101.723000 0.0039138
270.322000 91.867000 0.0037900
346.575000 148.845000 0.0038615
149.990000 140.539000 0.0039241
111.560000 65.382000 0.0039079
328.937000 162.473000 0.0039008
335.595000 92.153000 0.0038379
73.129000 97.457000 0.0039098
319.942000 58.473000 0.0038904
348.089000 85.209000 0.0040512
141.310000 72.098000 0.0039116
92.950000 66.777000 0.0039256
111.629000 102.155000 0.0039249
277.444000 40.447000 0.0038604
12.759000 75.318000 0.0039233
75.176000 70.799000 0.0038419
232.222000 56.458000 0.0038997
277.413000 54.602000 0.0038621
12.801000 24.244000 0.0039326
38.092000 30.175000 0.0039466
246.775000 138.292000 0.0038285
152.477000 63.788000 0.0039157
96.441000 85.767000 0.0037772
331.674000 104.919000 0.0039182
136.795000 131.142000 0.0039083
