281.776000 133.251000 0.0031437
76.970000 86.833000 0.0030647
100.476000 75.626000 0.0031699
132.650000 136.873000 0.0031526
110.565000 67.466000 0.0031206
244.328000 50.675000 0.0031571
30.811000 128.045000 0.0031142
62.417000 139.483000 0.0031577
323.885000 103.335000 0.0031135
303.170000 90.928000 0.0031543
95.097000 150.701000 0.0031514
14.603000 108.329000 0.0031587
302.410000 105.404000 0.0031160
227.455000 27.960000 0.0031014
80.482000 76.765000 0.0030079
28.013000 139.547000 0.0031385
190.300000 92.178000 0.0031423
78.652000 118.210000 0.0031328
244.267000 118.131000 0.0031595
236.472000 92.903000 0.0031681
119.753000 12.239000 0.0031705
108.764000 97.189000 0.0031363
191.049000 166.262000 0.0031055
297.920000 67.154000 0.0031147
332.638000 93.922000 0.0031217
78.333000 63.859000 0.0031423
72.817000 129.404000 0.0031339
186.813000 104.010000 0.0031418
314.390000 134.386000 0.0031445
328.086000 27.662000 0.0031217
184.315000 60.389000 0.0031283
326.754000 82.103000 0.0031148
287.640000 74.258000 0.0031473
286.424000 50.182000 0.0031251
70.600000 96.181000 0.0031238
182.610000 155.395000 0.0030822
219.497000 106.536000 0.0031149
309.527000 19.115000 0.0030272
159.632000 82.748000 0.0031844
299.632000 55.252000 0.0031401
144.994000 51.890000 0.0031033
301.989000 30.391000 0.0031885
263.424000 133.112000 0.0031307
219.237000 40.422000 0.0031448
116.477000 145.361000 0.0031445
133.732000 104.141000 0.0031347
151.997000 159.593000 0.0031474
339.847000 117.228000 0.0031527
232.710000 125.690000 0.0031386
202.816000 44.645000 0.0030899
143.843000 126.816000 0.0031425
260.557000 153.639000 0.0031575
259.868000 99.268000 0.0031575
39.895000 84.563000 0.0031424
15.501000 162.186000 0.0030937
165.829000 96.822000 0.0030853
7.831000 78.163000 0.0030779
255.207000 41.266000 0.0031382
52.492000 114.869000 0.0031624
7.664000 119.148000 0.0031584
59.211000 28.089000 0.0031477
121.703000 100.623000 0.0031192
230.620000 102.447000 0.0030130
34.537000 96.915000 0.0031542
167.344000 116.806000 0.0031464
154.601000 96.048000 0.0031262
76.423000 106.721000 0.0031377
125.526000 112.988000 0.0031376
216.790000 73.469000 0.0031454
299.945000 129.696000 0.0031567
359.989000 150.173000 0.0030975
33.149000 74.985000 0.0031284
205.727000 31.235000 0.0030831
87.769000 129.377000 0.0031306
283.616000 103.422000 0.0030214
289.786000 86.415000 0.0031112
349.756000 139.699000 0.0031574
271.526000 45.478000 0.0031139
234.414000 137.581000 0.0031337
201.684000 88.747000 0.0031421
176.162000 125.772000 0.0031428
167.579000 135.683000 0.0030836
181.010000 26.702000 0.0031036
159.924000 107.235000 0.0031308
235.451000 81.705000 0.0030183
312.969000 84.046000 0.0031636
348.521000 107.756000 0.0031540
328.013000 169.571000 0.0030850
182.784000 71.855000 0.0031402
330.117000 49.347000 0.0031494
170.207000 86.668000 0.0030263
102.709000 127.642000 0.0030984
253.455000 109.165000 0.0031355
359.870000 129.754000 0.0031578
287.755000 151.648000 0.0031247
1.486000 108.677000 0.0031600
228.667000 50.375000 0.0031623
195.265000 68.081000 0.0031607
108.504000 55.787000 0.0030021
350.336000 62.586000 0.0031203
212.919000 85.596000 0.0031270
171.311000 63.725000 0.0031428
8.303000 98.286000 0.0031523
121.710000 57.118000 0.0030873
171.317000 39.640000 0.0030784
334.097000 148.036000 0.0030914
136.520000 24.473000 0.0031392
338.629000 83.587000 0.0031575
278.353000 113.843000 0.0031021
48.661000 39.582000 0.0031414
222.017000 61.783000 0.0031297
311.807000 98.597000 0.0031037
142.480000 38.332000 0.0031530
337.647000 60.537000 0.0031164
287.406000 38.302000 0.0030387
58.128000 127.662000 0.0031068
308.574000 73.515000 0.0030072
277.730000 81.140000 0.0031216
353.632000 118.849000 0.0031633
252.039000 142.254000 0.0031481
46.520000 147.347000 0.0031430
159.487000 70.225000 0.0031861
134.431000 60.050000 0.0030976
42.837000 51.057000 0.0031572
321.039000 91.911000 0.0030179
299.130000 79.982000 0.0030935
41.547000 106.655000 0.0031432
158.907000 57.849000 0.0031603
311.044000 62.101000 0.0031017
242.391000 71.811000 0.0031240
163.120000 17.367000 0.0031144
254.339000 74.639000 0.0031525
181.981000 115.125000 0.0031520
152.154000 116.553000 0.0031212
84.044000 42.377000 0.0031167
146.845000 105.697000 0.0031591
199.150000 144.817000 0.0030965
312.632000 145.708000 0.0031419
102.125000 35.899000 0.0031396
204.701000 76.461000 0.0031527
275.461000 69.362000 0.0031440
116.033000 121.381000 0.0031139
83.794000 95.735000 0.0031607
356.170000 75.575000 0.0031283
141.264000 95.206000 0.0031036
237.289000 162.670000 0.0031580
271.454000 101.987000 0.0031227
170.770000 75.272000 0.0031143
208.322000 64.555000 0.0031564
286.208000 62.009000 0.0031305
173.472000 106.369000 0.0031514
90.558000 83.832000 0.0032691
150.086000 137.647000 0.0031424
91.431000 117.866000 0.0030918
302.738000 43.504000 0.0031046
135.751000 71.584000 0.0031468
87.377000 55.549000 0.0031268
65.262000 83.590000 0.0031791
42.299000 5.699000 0.0032064
345.718000 50.351000 0.0031431
27.713000 106.986000 0.0031219
311.076000 157.309000 0.0030997
9.506000 140.090000 0.0031262
115.132000 44.843000 0.0031069
79.823000 18.073000 0.0031167
129.151000 169.872000 0.0031538
195.670000 112.394000 0.0031191
123.178000 68.888000 0.0031566
99.692000 139.079000 0.0031303
320.318000 72.406000 0.0031093
192.140000 123.478000 0.0031165
265.998000 77.805000 0.0031545
157.796000 30.822000 0.0031377
45.344000 73.201000 0.0031490
179.153000 144.179000 0.0029808
287.896000 8.753000 0.0031253
237.362000 39.221000 0.0031543
123.777000 34.451000 0.0031459
207.960000 109.807000 0.0031334
231.437000 114.092000 0.0031193
262.953000 65.612000 0.0031610
268.660000 89.991000 0.0031250
26.251000 65.150000 0.0030852
328.992000 125.978000 0.0031060
42.246000 17.201000 0.0030966
250.046000 62.328000 0.0031461
52.503000 83.414000 0.0031768
279.179000 163.779000 0.0031501
293.675000 97.533000 0.0031251
295.067000 140.678000 0.0031488
30.577000 41.672000 0.0031450
235.594000 150.121000 0.0031562
116.658000 133.447000 0.0031465
313.784000 110.910000 0.0031523
218.075000 142.417000 0.0031308
259.326000 53.412000 0.0031436
338.504000 38.939000 0.0031427
272.840000 143.248000 0.0031308
148.153000 75.187000 0.0031045
85.635000 162.188000 0.0031553
28.078000 87.443000 0.0031388
49.729000 159.153000 0.0031223
113.216000 78.521000 0.0031329
14.646000 88.013000 0.0031330
347.075000 14.854000 0.0031945
157.084000 45.286000 0.0031019
241.891000 105.901000 0.0031137
336.133000 105.710000 0.0031532
171.563000 51.887000 0.0031387
88.334000 106.610000 0.0031188
100.090000 105.118000 0.0030886
28.065000 53.305000 0.0031423
198.378000 56.379000 0.0031470
98.100000 62.684000 0.0030684
186.193000 48.994000 0.0030917
205.530000 18.756000 0.0031664
247.438000 130.155000 0.0031482
357.080000 41.075000 0.0031606
137.464000 83.048000 0.0031102
66.961000 39.583000 0.0031399
117.249000 89.317000 0.0031322
213.402000 52.860000 0.0031211
265.528000 112.066000 0.0031266
51.684000 61.545000 0.0031469
118.732000 157.644000 0.0031612
138.641000 115.429000 0.0031604
229.378000 71.257000 0.0031063
222.689000 94.073000 0.0031460
210.912000 97.548000 0.0031752
98.306000 47.707000 0.0030680
58.092000 50.267000 0.0031566
257.649000 121.474000 0.0031479
53.000000 103.417000 0.0030196
1.768000 87.944000 0.0031203
244.829000 16.701000 0.0031911
211.786000 155.002000 0.0031476
82.915000 30.262000 0.0031475
240.272000 175.228000 0.0031068
137.237000 148.512000 0.0031335
270.969000 33.149000 0.0030413
181.604000 83.509000 0.0031150
70.251000 150.934000 0.0031474
272.121000 123.809000 0.0031288
2.531000 65.310000 0.0031026
193.028000 79.961000 0.0031455
13.884000 45.826000 0.0031144
342.018000 158.728000 0.0029845
287.966000 122.848000 0.0031482
250.846000 28.766000 0.0030956
344.061000 95.971000 0.0031407
21.426000 78.144000 0.0030945
44.948000 135.711000 0.0031306
21.185000 97.511000 0.0031403
65.675000 117.725000 0.0031379
302.621000 118.188000 0.0031354
0.294000 53.124000 0.0031509
107.941000 24.361000 0.0031404
57.551000 72.569000 0.0031331
178.555000 95.503000 0.0031125
129.487000 91.937000 0.0031325
35.245000 116.257000 0.0030691
64.931000 61.418000 0.0031406
125.595000 80.248000 0.0031477
350.116000 85.786000 0.0031522
95.351000 94.490000 0.0031413
344.123000 128.558000 0.0031529
38.724000 62.753000 0.0031260
159.360000 148.068000 0.0030976
326.494000 114.693000 0.0031230
21.669000 118.212000 0.0031403
273.285000 57.401000 0.0031361
159.156000 126.402000 0.0031107
351.514000 29.081000 0.0031215
46.219000 94.052000 0.0031167
344.628000 73.200000 0.0031307
73.351000 51.587000 0.0031558
89.622000 70.401000 0.0030576
129.441000 125.046000 0.0031460
69.486000 72.814000 0.0030726
113.333000 108.584000 0.0031021
236.197000 60.765000 0.0031520
148.923000 86.446000 0.0030053
147.325000 63.866000 0.0031104
278.001000 22.226000 0.0031790
103.868000 86.510000 0.0031577
14.487000 68.764000 0.0029900
219.019000 130.336000 0.0031561
224.391000 83.030000 0.0030703
15.748000 129.317000 0.0031266
44.759000 123.852000 0.0030323
35.391000 29.859000 0.0031262
203.802000 133.216000 0.0031457
12.953000 22.494000 0.0030234
292.006000 111.632000 0.0030831
331.034000 137.085000 0.0031065
24.335000 150.898000 0.0031371
332.803000 71.542000 0.0031243
315.138000 50.807000 0.0031180
130.919000 47.161000 0.0031381
187.223000 134.106000 0.0030836
280.167000 92.659000 0.0030627
103.868000 116.049000 0.0030212
13.758000 34.301000 0.0031081
199.166000 100.693000 0.0031574
315.044000 122.886000 0.0031380
14.154000 57.234000 0.0030905
59.132000 93.475000 0.0031246
81.173000 140.582000 0.0031520
246.575000 84.281000 0.0031025
355.749000 97.921000 0.0031316
248.345000 96.200000 0.0031765
257.570000 87.124000 0.0031242
206.244000 121.633000 0.0031527
324.423000 60.922000 0.0031345
188.870000 37.603000 0.0029837
64.271000 106.396000 0.0031008
319.249000 38.608000 0.0031785
49.762000 171.894000 0.0031429
219.247000 118.484000 0.0031548
194.792000 7.044000 0.0031408
