86.448000 100.838000 0.0015016
112.247000 88.508000 0.0014770
234.523000 94.913000 0.0014786
328.923000 138.871000 0.0014842
214.406000 31.069000 0.0014762
150.788000 133.104000 0.0014779
10.550000 94.905000 0.0014827
20.093000 66.702000 0.0014915
305.397000 83.121000 0.0014759
217.915000 69.175000 0.0014827
91.339000 109.302000 0.0014617
358.066000 130.443000 0.0014864
273.573000 39.993000 0.0014801
138.691000 74.269000 0.0014638
282.522000 126.920000 0.0014637
329.003000 73.578000 0.0014711
58.659000 74.103000 0.0014573
296.442000 28.767000 0.0014683
126.732000 27.960000 0.0014131
322.320000 68.055000 0.0014737
219.360000 60.927000 0.0014790
277.395000 68.826000 0.0014288
214.324000 85.911000 0.0014770
20.447000 75.195000 0.0014852
287.296000 96.215000 0.0014740
308.044000 57.058000 0.0014810
252.574000 138.268000 0.0014827
167.491000 141.806000 0.0014811
125.556000 63.340000 0.0014837
97.271000 124.945000 0.0014820
264.099000 126.893000 0.0014704
204.652000 127.259000 0.0014480
310.198000 96.531000 0.0014849
60.664000 121.944000 0.0014805
324.637000 59.617000 0.0014711
210.840000 55.664000 0.0014833
283.868000 135.532000 0.0014676
240.495000 139.950000 0.0014823
342.637000 76.214000 0.0014395
87.423000 123.976000 0.0014787
13.517000 109.145000 0.0014728
212.995000 131.310000 0.0014261
174.251000 97.288000 0.0014713
204.712000 97.787000 0.0014890
146.669000 155.283000 0.0014808
148.588000 38.327000 0.0014651
69.529000 126.330000 0.0014810
212.687000 168.332000 0.0014786
254.783000 129.736000 0.0014740
139.105000 52.872000 0.0014762
3.007000 91.902000 0.0014768
37.391000 58.839000 0.0015037
143.881000 147.284000 0.0014777
75.788000 64.291000 0.0014908
6.079000 84.756000 0.0014675
98.309000 22.192000 0.0014791
118.146000 110.739000 0.0014928
332.522000 95.467000 0.0014811
132.488000 116.799000 0.0014732
347.033000 97.255000 0.0014613
291.503000 129.539000 0.0014420
85.102000 146.139000 0.0014858
167.384000 156.561000 0.0014853
344.553000 65.143000 0.0014968
57.430000 82.434000 0.0014744
254.487000 47.349000 0.0014793
133.752000 39.965000 0.0014812
61.105000 113.310000 0.0014807
307.395000 112.999000 0.0014802
112.891000 117.375000 0.0014715
340.219000 92.262000 0.0014706
299.587000 60.929000 0.0014786
190.841000 94.824000 0.0014690
81.990000 34.154000 0.0014794
4.745000 38.159000 0.0014801
192.766000 86.352000 0.0014584
17.525000 24.999000 0.0014846
218.664000 147.165000 0.0014777
238.644000 78.545000 0.0014818
302.735000 144.116000 0.0014812
337.805000 50.564000 0.0014747
72.839000 77.071000 0.0014286
242.331000 48.424000 0.0014782
51.713000 125.335000 0.0014828
242.248000 23.270000 0.0014770
119.638000 50.323000 0.0014666
104.495000 88.479000 0.0014654
281.030000 90.421000 0.0014851
260.071000 54.119000 0.0014871
71.210000 143.256000 0.0014880
18.263000 58.838000 0.0014695
348.082000 89.087000 0.0014733
280.461000 156.481000 0.0014849
315.627000 110.292000 0.0014823
228.631000 0.385000 0.0014786
162.378000 37.309000 0.0014786
4.637000 123.923000 0.0014699
76.954000 8.049000 0.0014754
109.044000 61.665000 0.0014832
142.032000 66.623000 0.0014794
60.447000 130.396000 0.0014815
259.159000 67.521000 0.0014624
54.101000 162.920000 0.0014258
177.769000 89.741000 0.0014375
121.298000 103.387000 0.0014745
235.474000 64.142000 0.0014861
201.903000 59.063000 0.0014798
236.490000 86.750000 0.0014819
288.646000 49.237000 0.0014831
260.832000 160.495000 0.0014812
55.258000 99.416000 0.0014830
157.384000 111.559000 0.0014860
200.271000 114.397000 0.0014878
100.631000 147.315000 0.0014797
161.159000 51.767000 0.0014828
244.722000 131.773000 0.0014741
110.014000 28.767000 0.0014597
47.673000 102.801000 0.0014830
50.304000 133.683000 0.0014831
201.637000 75.632000 0.0014635
118.092000 58.209000 0.0014703
226.493000 96.489000 0.0014636
264.333000 95.618000 0.0014812
109.863000 53.135000 0.0014831
144.289000 7.993000 0.0014793
52.984000 116.857000 0.0014820
128.211000 124.964000 0.0014852
184.634000 110.585000 0.0014801
226.501000 66.541000 0.0014835
183.194000 23.085000 0.0014771
63.994000 87.585000 0.0014855
306.707000 74.545000 0.0014747
151.107000 66.216000 0.0014846
273.545000 131.708000 0.0014841
203.503000 135.890000 0.0014637
157.187000 126.311000 0.0014786
13.373000 87.718000 0.0014473
41.371000 97.359000 0.0014761
108.573000 174.842000 0.0014232
230.558000 80.473000 0.0014808
129.036000 88.043000 0.0014884
311.725000 88.332000 0.0014800
177.913000 67.355000 0.0014691
8.988000 131.471000 0.0014769
159.364000 149.063000 0.0014841
194.732000 130.481000 0.0014770
48.138000 142.135000 0.0014674
291.843000 110.066000 0.0014857
13.284000 79.526000 0.0014686
268.004000 32.662000 0.0014701
182.307000 53.730000 0.0014916
348.644000 14.609000 0.0014768
289.533000 118.497000 0.0014751
198.768000 92.166000 0.0014815
234.098000 42.916000 0.0014665
76.947000 168.419000 0.0014951
151.120000 81.249000 0.0014854
319.548000 45.801000 0.0014878
180.393000 141.019000 0.0014799
21.914000 109.121000 0.0014693
9.245000 102.734000 0.0014310
247.877000 123.384000 0.0014864
256.972000 120.990000 0.0014844
100.992000 57.140000 0.0014833
319.476000 85.174000 0.0014812
9.827000 116.167000 0.0014698
260.535000 82.105000 0.0014651
176.057000 82.141000 0.0014929
307.785000 171.382000 0.0014834
121.929000 35.236000 0.0014584
76.174000 104.678000 0.0014484
354.673000 96.502000 0.0014712
244.105000 154.683000 0.0014849
315.796000 62.265000 0.0014753
287.788000 143.372000 0.0014789
317.321000 53.837000 0.0014801
240.200000 101.607000 0.0014745
170.061000 89.408000 0.0014615
252.370000 83.500000 0.0014781
354.572000 65.998000 0.0014717
129.598000 103.156000 0.0014512
48.393000 58.322000 0.0014639
146.487000 88.704000 0.0014734
190.753000 147.237000 0.0014812
338.649000 108.522000 0.0014713
44.178000 119.677000 0.0014807
288.895000 88.311000 0.0014732
14.745000 138.692000 0.0014776
79.319000 16.858000 0.0014838
91.835000 54.243000 0.0014702
95.454000 102.503000 0.0014825
26.933000 137.332000 0.0014680
312.310000 127.730000 0.0014722
127.208000 159.506000 0.0014746
283.143000 33.369000 0.0014907
70.436000 134.737000 0.0014817
262.660000 144.022000 0.0014801
162.113000 104.423000 0.0014823
27.008000 94.607000 0.0014384
123.317000 71.508000 0.0014695
184.959000 81.001000 0.0014686
95.217000 87.723000 0.0014979
181.127000 118.317000 0.0014849
31.256000 129.679000 0.0014769
298.285000 44.619000 0.0014802
14.347000 123.898000 0.0014773
18.908000 116.669000 0.0014650
238.196000 124.953000 0.0014868
170.520000 104.697000 0.0014793
192.360000 78.215000 0.0014874
230.871000 50.575000 0.0014770
49.858000 85.304000 0.0014824
56.264000 90.800000 0.0014759
54.909000 51.467000 0.0014673
79.403000 129.747000 0.0014799
64.685000 53.378000 0.0014841
74.337000 55.881000 0.0014703
273.957000 61.309000 0.0014709
48.861000 94.061000 0.0014804
223.315000 132.425000 0.0014610
67.045000 30.598000 0.0014859
129.298000 151.546000 0.0014807
302.453000 129.851000 0.0014598
298.712000 115.178000 0.0014657
270.317000 101.157000 0.0014814
148.012000 111.054000 0.0014820
108.615000 70.499000 0.0014864
290.508000 57.194000 0.0014739
353.910000 145.282000 0.0014810
135.711000 60.274000 0.0014726
106.951000 140.035000 0.0014778
254.905000 75.463000 0.0014681
321.381000 124.775000 0.0014746
348.727000 50.535000 0.0014726
227.864000 111.128000 0.0014712
142.004000 95.901000 0.0014652
330.625000 112.192000 0.0014754
83.493000 59.109000 0.0014852
128.046000 55.454000 0.0014845
227.859000 140.291000 0.0014809
91.127000 46.097000 0.0014251
2.226000 138.453000 0.0014841
340.465000 142.767000 0.0014831
12.577000 71.259000 0.0014823
236.794000 176.140000 0.0014648
171.544000 119.251000 0.0014862
254.437000 60.886000 0.0014742
85.335000 66.978000 0.0014728
27.729000 86.971000 0.0014571
200.531000 43.045000 0.0014811
56.856000 36.690000 0.0014817
147.114000 73.787000 0.0014753
319.593000 133.775000 0.0014809
296.518000 123.078000 0.0014294
131.183000 134.853000 0.0014662
286.545000 13.670000 0.0014325
26.514000 45.863000 0.0014667
19.076000 8.591000 0.0014746
280.882000 119.412000 0.0014172
333.809000 87.046000 0.0014835
152.183000 163.159000 0.0014806
201.198000 51.097000 0.0014816
322.448000 37.740000 0.0014847
142.779000 81.386000 0.0014786
42.859000 36.037000 0.0014772
3.451000 108.614000 0.0015073
327.179000 82.040000 0.0014758
242.360000 93.255000 0.0014813
295.471000 93.956000 0.0014842
50.164000 28.918000 0.0014830
78.461000 71.741000 0.0014559
82.115000 50.736000 0.0014652
249.156000 146.630000 0.0014828
100.898000 48.545000 0.0014719
85.205000 116.084000 0.0014713
65.018000 78.790000 0.0014774
311.118000 32.610000 0.0014814
57.964000 147.372000 0.0014788
116.088000 146.855000 0.0014801
272.687000 123.365000 0.0014599
359.217000 52.256000 0.0014805
208.707000 111.281000 0.0014666
293.784000 101.975000 0.0014854
343.154000 57.673000 0.0014367
344.951000 29.019000 0.0014810
160.083000 66.251000 0.0014865
95.117000 31.101000 0.0014736
267.663000 109.161000 0.0014718
197.184000 122.091000 0.0014700
19.978000 130.862000 0.0014769
297.491000 36.677000 0.0014776
108.620000 79.706000 0.0015156
224.662000 36.973000 0.0014647
186.797000 70.271000 0.0014919
300.044000 69.318000 0.0014630
276.573000 106.437000 0.0014804
49.447000 14.693000 0.0014835
215.273000 139.333000 0.0014678
104.075000 102.969000 0.0014854
43.855000 72.420000 0.0014685
253.442000 106.208000 0.0014842
274.919000 85.154000 0.0014728
335.151000 22.189000 0.0014771
329.330000 130.135000 0.0014820
103.472000 117.642000 0.0014791
201.927000 17.480000 0.0014822
28.159000 115.683000 0.0014787
324.678000 98.728000 0.0014807
137.724000 110.324000 0.0015117
357.700000 22.234000 0.0014831
331.109000 43.825000 0.0014827
338.120000 125.840000 0.0014789
175.439000 111.780000 0.0014831
247.586000 41.036000 0.0014667
342.745000 151.151000 0.0014845
204.170000 144.106000 0.0014772
147.295000 124.878000 0.0014671
294.414000 20.858000 0.0014433
298.975000 78.022000 0.0014664
228.582000 58.454000 0.0014803
228.514000 88.556000 0.0014758
173.382000 14.963000 0.0014762
100.406000 95.296000 0.0014730
339.078000 134.329000 0.0014839
210.933000 103.354000 0.0014922
20.607000 83.831000 0.0014861
109.742000 44.502000 0.0014817
93.414000 70.634000 0.0014846
290.439000 80.567000 0.0014611
335.000000 78.712000 0.0014675
312.156000 150.413000 0.0014835
277.613000 47.546000 0.0014848
117.283000 124.242000 0.0014614
350.247000 80.799000 0.0015281
261.697000 103.654000 0.0014774
328.197000 147.459000 0.0014840
354.944000 122.069000 0.0014811
167.773000 44.623000 0.0014816
192.220000 55.546000 0.0014742
175.123000 59.715000 0.0014785
19.478000 92.761000 0.0014979
175.973000 37.828000 0.0014853
27.862000 70.726000 0.0014748
207.415000 119.956000 0.0014812
217.113000 124.356000 0.0014979
303.528000 157.704000 0.0014823
81.584000 138.042000 0.0014851
202.613000 67.073000 0.0014650
250.132000 68.674000 0.0014823
351.165000 36.397000 0.0014814
123.027000 117.719000 0.0014916
138.122000 88.696000 0.0014642
161.909000 134.179000 0.0014808
137.349000 102.731000 0.0014355
108.713000 110.323000 0.0014776
87.432000 84.689000 0.0014978
92.851000 62.266000 0.0014749
190.626000 116.478000 0.0014783
266.693000 87.660000 0.0014806
234.554000 162.221000 0.0014825
37.404000 113.931000 0.0014797
3.583000 68.504000 0.0014814
173.182000 134.052000 0.0014825
169.021000 66.703000 0.0014839
46.101000 111.374000 0.0014809
140.017000 130.978000 0.0014469
263.617000 135.458000 0.0014843
270.314000 53.805000 0.0014830
346.193000 120.845000 0.0014542
55.461000 155.021000 0.0014713
280.775000 55.325000 0.0014870
345.417000 159.226000 0.0014809
188.782000 39.643000 0.0014825
116.530000 66.214000 0.0014653
162.289000 89.124000 0.0014717
251.258000 32.152000 0.0014934
327.624000 51.891000 0.0014862
210.723000 63.764000 0.0014755
211.140000 47.612000 0.0014832
258.317000 89.907000 0.0014750
220.462000 52.890000 0.0014816
227.838000 125.256000 0.0014923
142.702000 16.017000 0.0014736
265.794000 46.456000 0.0014892
138.996000 32.756000 0.0014543
10.791000 63.427000 0.0014728
303.662000 91.208000 0.0014821
31.047000 108.062000 0.0014752
180.390000 74.999000 0.0014348
155.641000 58.831000 0.0014883
61.340000 22.393000 0.0014844
127.493000 110.429000 0.0014882
347.231000 105.113000 0.0014869
299.035000 52.673000 0.0014793
236.796000 110.054000 0.0014871
111.650000 132.297000 0.0014635
184.227000 132.783000 0.0014818
155.722000 44.758000 0.0014759
196.496000 100.528000 0.0014749
308.644000 48.753000 0.0014827
224.165000 104.292000 0.0014212
44.553000 51.113000 0.0014619
7.076000 46.546000 0.0014818
86.094000 75.536000 0.0014764
16.819000 33.126000 0.0014829
232.303000 103.115000 0.0014637
331.453000 103.752000 0.0014772
107.242000 124.990000 0.0014785
305.798000 121.336000 0.0014691
185.252000 88.715000 0.0014350
108.081000 36.899000 0.0014835
322.715000 115.760000 0.0014776
40.181000 150.743000 0.0015089
39.168000 135.707000 0.0014701
83.325000 107.948000 0.0014356
222.395000 83.006000 0.0014822
206.191000 88.820000 0.0014787
155.479000 73.717000 0.0014790
211.906000 39.464000 0.0014780
341.842000 84.089000 0.0014724
293.782000 150.816000 0.0014816
207.582000 160.285000 0.0014823
182.558000 163.213000 0.0014771
18.666000 16.901000 0.0014827
325.906000 155.656000 0.0014839
32.427000 29.786000 0.0014834
334.518000 58.885000 0.0014746
94.245000 117.230000 0.0014804
320.511000 163.582000 0.0014805
313.173000 79.828000 0.0014818
67.258000 61.420000 0.0014702
108.684000 96.087000 0.0014710
120.981000 88.826000 0.0014684
34.908000 91.863000 0.0014706
320.915000 76.578000 0.0014835
259.843000 39.240000 0.0014928
337.726000 117.152000 0.0014643
108.559000 13.560000 0.0014682
77.791000 121.601000 0.0014791
347.869000 128.988000 0.0014760
175.481000 149.015000 0.0014848
125.216000 95.907000 0.0014725
255.982000 97.841000 0.0014749
325.993000 90.391000 0.0014833
232.565000 15.565000 0.0015008
35.692000 67.215000 0.0014703
85.371000 92.320000 0.0014537
50.903000 76.637000 0.0014911
219.524000 22.713000 0.0014708
121.153000 42.724000 0.0014525
142.626000 117.097000 0.0014769
233.271000 117.982000 0.0014737
42.416000 88.805000 0.0014759
16.539000 41.448000 0.0014774
154.473000 141.185000 0.0014795
329.801000 121.210000 0.0014741
187.995000 155.324000 0.0014816
193.907000 108.784000 0.0014846
133.336000 95.256000 0.0014737
217.979000 99.418000 0.0014610
89.931000 131.896000 0.0014776
318.158000 93.552000 0.0014832
230.921000 29.066000 0.0014505
349.024000 72.084000 0.0014478
200.822000 26.227000 0.0014767
300.507000 107.227000 0.0014769
248.029000 99.814000 0.0014777
167.891000 170.607000 0.0014655
1.979000 30.098000 0.0014833
28.259000 62.324000 0.0014964
264.778000 61.323000 0.0014905
358.656000 81.656000 0.0014507
260.054000 25.646000 0.0014267
99.887000 110.140000 0.0014734
339.429000 100.547000 0.0014742
35.506000 143.614000 0.0014311
170.952000 29.997000 0.0014818
248.968000 54.468000 0.0014785
152.535000 118.324000 0.0014777
274.223000 140.298000 0.0014775
343.451000 43.203000 0.0014812
208.275000 80.590000 0.0014725
296.221000 137.104000 0.0014753
35.772000 75.360000 0.0014855
81.734000 41.909000 0.0014691
132.808000 67.719000 0.0014611
54.142000 108.200000 0.0014821
38.468000 22.127000 0.0014843
142.049000 139.173000 0.0014691
262.129000 17.770000 0.0014954
95.945000 39.229000 0.0015087
28.788000 166.991000 0.0014636
283.489000 63.441000 0.0014726
142.756000 24.105000 0.0014556
122.220000 131.074000 0.0014221
330.980000 65.727000 0.0014411
355.759000 88.613000 0.0014539
8.322000 146.168000 0.0014755
234.126000 147.767000 0.0014840
171.841000 52.125000 0.0014820
244.383000 85.042000 0.0014817
222.062000 44.934000 0.0014779
192.531000 138.983000 0.0014746
93.392000 79.038000 0.0014704
61.757000 104.529000 0.0014806
179.173000 104.300000 0.0014758
34.742000 51.406000 0.0014285
78.526000 97.269000 0.0014990
119.615000 139.044000 0.0014666
100.892000 81.848000 0.0014303
134.150000 81.921000 0.0014573
10.108000 160.532000 0.0014856
9.086000 55.035000 0.0014783
186.560000 31.439000 0.0014820
130.536000 143.396000 0.0014821
212.068000 94.195000 0.0014733
263.252000 74.301000 0.0014263
80.643000 25.683000 0.0014830
259.336000 112.170000 0.0014814
0.507000 153.253000 0.0014900
76.466000 113.375000 0.0014693
145.269000 103.853000 0.0014666
100.171000 161.946000 0.0014926
245.224000 108.347000 0.0014881
167.299000 126.754000 0.0014832
38.109000 43.545000 0.0014681
101.239000 74.034000 0.0014702
60.890000 66.898000 0.0014350
350.294000 137.131000 0.0014819
163.789000 73.949000 0.0014786
162.012000 119.200000 0.0014857
17.186000 100.692000 0.0014944
179.499000 45.753000 0.0014885
71.479000 84.832000 0.0014575
276.520000 148.498000 0.0014834
57.358000 59.690000 0.0014859
43.087000 80.480000 0.0014760
80.103000 80.988000 0.0014789
241.431000 70.296000 0.0014861
282.535000 81.811000 0.0014975
166.372000 112.010000 0.0014863
292.334000 72.975000 0.0014254
184.671000 61.821000 0.0014937
317.851000 16.372000 0.0014652
60.037000 138.838000 0.0014777
272.747000 93.218000 0.0014815
41.918000 127.760000 0.0014784
250.944000 114.756000 0.0014838
262.000000 152.340000 0.0014826
25.002000 101.988000 0.0014440
193.577000 63.310000 0.0014631
120.317000 20.595000 0.0014550
194.946000 70.995000 0.0014212
154.553000 30.405000 0.0014742
355.812000 44.121000 0.0014797
316.792000 101.868000 0.0014840
291.658000 65.342000 0.0014542
242.295000 116.730000 0.0014816
122.817000 167.308000 0.0014623
246.734000 76.863000 0.0014781
1.996000 99.793000 0.0014569
224.466000 74.732000 0.0014840
308.793000 104.742000 0.0014843
254.300000 8.753000 0.0014649
68.761000 109.334000 0.0014749
94.043000 139.783000 0.0014827
215.433000 116.413000 0.0014303
250.219000 91.540000 0.0014799
150.087000 96.480000 0.0014797
352.354000 58.488000 0.0014622
162.519000 22.458000 0.0014677
288.037000 164.225000 0.0014853
130.224000 75.261000 0.0014209
100.804000 132.611000 0.0014744
268.954000 79.510000 0.0014562
28.037000 78.895000 0.0014766
61.562000 44.854000 0.0014780
165.475000 59.117000 0.0014851
69.981000 38.778000 0.0014771
101.081000 65.689000 0.0014803
278.231000 25.235000 0.0014829
323.563000 107.129000 0.0014799
273.946000 114.415000 0.0014635
1.260000 116.191000 0.0014292
238.744000 35.393000 0.0014310
68.660000 70.198000 0.0015108
1.798000 60.452000 0.0014728
327.310000 29.894000 0.0014813
177.475000 126.156000 0.0014848
314.353000 71.113000 0.0014781
276.085000 76.461000 0.0014723
153.680000 104.131000 0.0014799
92.468000 95.037000 0.0014388
286.340000 41.313000 0.0014872
302.098000 99.229000 0.0014819
355.441000 104.829000 0.0014910
284.374000 73.186000 0.0014960
337.868000 69.693000 0.0014879
350.161000 167.174000 0.0014726
35.414000 83.583000 0.0014806
91.152000 153.942000 0.0014764
137.266000 123.657000 0.0014352
33.922000 158.270000 0.0014713
182.634000 96.813000 0.0014664
216.275000 77.506000 0.0014812
26.169000 54.713000 0.0014525
167.577000 81.673000 0.0014913
200.381000 34.736000 0.0014817
159.324000 81.375000 0.0014894
220.292000 91.242000 0.0014775
265.571000 117.933000 0.0014789
150.097000 51.789000 0.0014864
34.627000 121.852000 0.0014816
166.174000 96.995000 0.0014790
283.244000 111.705000 0.0014606
22.782000 145.606000 0.0014552
356.994000 74.105000 0.0014639
172.085000 74.482000 0.0014728
69.333000 100.714000 0.0014610
142.944000 45.400000 0.0014829
313.820000 24.561000 0.0014756
314.485000 118.847000 0.0014754
24.612000 123.410000 0.0014770
43.992000 64.671000 0.0014314
297.125000 85.988000 0.0014809
49.913000 43.622000 0.0014801
17.111000 174.468000 0.0014625
307.693000 65.601000 0.0014734
62.833000 95.791000 0.0014805
39.679000 105.817000 0.0014785
200.020000 83.355000 0.0014731
336.644000 36.235000 0.0014827
28.757000 37.688000 0.0014789
154.446000 88.935000 0.0014766
257.464000 168.513000 0.0014761
317.014000 142.453000 0.0014808
217.796000 108.964000 0.0014937
68.875000 117.950000 0.0014777
72.729000 151.466000 0.0014849
76.323000 159.489000 0.0014665
269.112000 69.070000 0.0014938
158.143000 96.723000 0.0014807
112.900000 103.450000 0.0014805
130.877000 47.732000 0.0014803
52.088000 67.685000 0.0015180
278.936000 98.512000 0.0014849
17.171000 50.139000 0.0014775
223.827000 117.877000 0.0014572
202.399000 105.996000 0.0014742
116.593000 82.049000 0.0014342
238.477000 56.137000 0.0014845
244.757000 62.213000 0.0014853
78.479000 88.800000 0.0014641
110.491000 154.545000 0.0014876
224.191000 154.866000 0.0014825
285.367000 103.987000 0.0014713
33.524000 100.141000 0.0014683
187.475000 124.551000 0.0014823
188.092000 102.971000 0.0014792
205.383000 152.210000 0.0014816
319.754000 7.991000 0.0014694
115.791000 74.565000 0.0014542
190.572000 47.690000 0.0014793
72.305000 47.292000 0.0014850
202.271000 9.244000 0.0014772
309.612000 40.678000 0.0014857
19.888000 153.030000 0.0014854
308.661000 136.492000 0.0014738
5.552000 76.398000 0.0014727
71.079000 93.011000 0.0014864
232.899000 72.284000 0.0014851
209.688000 72.194000 0.0014803
353.939000 112.700000 0.0014756
345.779000 113.023000 0.0014409
116.847000 95.962000 0.0014809
145.769000 59.164000 0.0014830
234.049000 132.682000 0.0014722
124.456000 80.725000 0.0014993
