83.440086 75.068825 0.024390244
62.208975 84.571127 0.024390244
58.841967 62.293635 0.024390244
83.256087 53.711203 0.024390244
27.344475 84.588188 0.024390244
18.637614 62.626899 0.024390244
84.234151 64.597738 0.024390244
44.286258 73.530927 0.024390244
4.606075 85.415656 0.024390244
33.377658 29.504359 0.024390244
69.676757 74.024940 0.024390244
45.098433 40.146701 0.024390244
38.944517 84.545610 0.024390244
15.861147 84.665560 0.024390244
31.825479 73.621105 0.024390244
79.798278 31.807635 0.024390244
45.403553 61.931255 0.024390244
26.230243 40.460601 0.024390244
31.903049 62.110044 0.024390244
8.122384 42.504693 0.024390244
56.801497 73.693417 0.024390244
21.772911 51.493161 0.024390244
45.040891 6.881416 0.024390244
52.983624 51.051545 0.024390244
68.424476 51.814528 0.024390244
6.130531 74.919340 0.024390244
37.297364 50.956200 0.024390244
6.803839 53.448841 0.024390244
10.301269 31.457175 0.024390244
5.935806 64.340807 0.024390244
81.928841 42.807236 0.024390244
14.319941 20.139512 0.024390244
56.927403 29.721120 0.024390244
45.464150 18.053448 0.024390244
63.944750 40.730661 0.024390244
71.905827 63.018806 0.024390244
73.862688 84.636794 0.024390244
50.550010 84.543725 0.024390244
85.399901 85.407779 0.024390244
75.961852 20.530764 0.024390244
19.176986 73.832247 0.024390244
