2.5 68.75 0.010167
5 137.5 0.00736984
7.5 26.25 0.00482481
10 95 0.0108672
12.5 163.75 0.00305258
15 52.5 0.00865449
17.5 121.25 0.00932601
20 10 0.00189428
22.5 78.75 0.0106991
25 147.5 0.00586126
27.5 36.25 0.00645044
30 105 0.010537
32.5 173.75 0.0011876
35 62.5 0.00967617
37.5 131.25 0.00820163
40 20 0.00373101
42.5 88.75 0.0109061
45 157.5 0.00417459
47.5 46.25 0.00788008
50 115 0.00988668
52.5 3.75 0.000713466
55 72.5 0.0104039
57.5 141.25 0.00682804
60 30 0.00545437
62.5 98.75 0.0107818
65 167.5 0.00236108
67.5 56.25 0.00907029
70 125 0.00893592
72.5 13.75 0.00259285
75 82.5 0.0108154
77.5 151.25 0.00524698
80 40 0.007012
82.5 108.75 0.0103298
85 177.5 0.000475833
87.5 66.25 0.0099849
90 135 0.00771364
92.5 23.75 0.00439346
95 92.5 0.0108984
97.5 161.25 0.0035065
100 50 0.00835658
102.5 118.75 0.00956398
105 7.5 0.00142388
107.5 76.25 0.0105961
110 145 0.006257
112.5 33.75 0.00606057
115 102.5 0.0106502
117.5 171.25 0.00165947
120 60 0.00944725
122.5 128.75 0.00850756
125 17.5 0.00328032
127.5 86.25 0.0108854
130 155 0.00461023
132.5 43.75 0.00754354
135 112.5 0.0100784
137.5 1.25 0.000237973
140 70 0.0102509
142.5 138.75 0.00719263
145 27.5 0.0050371
147.5 96.25 0.0108439
150 165 0.00282339
152.5 53.75 0.00879729
155 122.5 0.00920034
157.5 11.25 0.00212819
160 80 0.010743
162.5 148.75 0.00565916
165 37.5 0.00664082
167.5 106.25 0.0104729
170 175 0.000950759
172.5 63.75 0.00978375
175 132.5 0.00804277
177.5 21.25 0.00395374
180 90 0.0109087
182.5 158.75 0.00395374
185 47.5 0.00804277
187.5 116.25 0.00978375
190 5 0.000950759
192.5 73.75 0.0104729
195 142.5 0.00664082
197.5 31.25 0.00565916
200 100 0.010743
202.5 168.75 0.00212819
205 57.5 0.00920034
207.5 126.25 0.00879729
210 15 0.00282339
212.5 83.75 0.0108439
215 152.5 0.0050371
217.5 41.25 0.00719263
220 110 0.0102509
222.5 178.75 0.000237973
225 67.5 0.0100784
227.5 136.25 0.00754354
230 25 0.00461023
232.5 93.75 0.0108854
235 162.5 0.00328032
237.5 51.25 0.00850756
240 120 0.00944725
242.5 8.75 0.00165947
245 77.5 0.0106502
247.5 146.25 0.00606057
250 35 0.006257
252.5 103.75 0.0105961
255 172.5 0.00142388
257.5 61.25 0.00956398
260 130 0.00835658
262.5 18.75 0.0035065
265 87.5 0.0108984
267.5 156.25 0.00439346
270 45 0.00771364
272.5 113.75 0.0099849
275 2.5 0.000475833
277.5 71.25 0.0103298
280 140 0.007012
282.5 28.75 0.00524698
285 97.5 0.0108154
287.5 166.25 0.00259285
290 55 0.00893592
292.5 123.75 0.00907029
295 12.5 0.00236108
297.5 81.25 0.0107818
300 150 0.00545437
302.5 38.75 0.00682804
305 107.5 0.0104039
307.5 176.25 0.000713466
310 65 0.00988668
312.5 133.75 0.00788008
315 22.5 0.00417459
317.5 91.25 0.0109061
320 160 0.00373101
322.5 48.75 0.00820163
325 117.5 0.00967617
327.5 6.25 0.0011876
330 75 0.010537
332.5 143.75 0.00645044
335 32.5 0.00586126
337.5 101.25 0.0106991
340 170 0.00189428
342.5 58.75 0.00932601
345 127.5 0.00865449
347.5 16.25 0.00305258
350 85 0.0108672
352.5 153.75 0.00482481
355 42.5 0.00736984
357.5 111.25 0.010167
