17.1429 68.5714 0.0697593
34.2857 137.143 0.0509719
51.4286 25.7143 0.0325151
68.5714 94.2857 0.0747301
85.7143 162.857 0.0220888
102.857 51.4286 0.0585902
120 120 0.0648996
137.143 8.57143 0.0111692
154.286 77.1429 0.0730607
171.429 145.714 0.042215
188.571 34.2857 0.042215
205.714 102.857 0.0730607
222.857 171.429 0.0111692
240 60 0.0648996
257.143 128.571 0.0585902
274.286 17.1429 0.0220888
291.429 85.7143 0.0747301
308.571 154.286 0.0325151
325.714 42.8571 0.0509719
342.857 111.429 0.0697593
