1.54506 68.7554 0.00628356
3.09013 137.511 0.00455371
4.63519 26.2661 0.00298348
6.18026 95.0215 0.00671584
7.72532 163.777 0.0018835
9.27039 52.5322 0.00535087
10.8155 121.288 0.00576128
12.3605 10.0429 0.00117566
13.9056 78.7983 0.00661328
15.4506 147.554 0.003617
16.9957 36.309 0.00399204
18.5408 105.064 0.00651003
20.0858 173.82 0.000725792
21.6309 62.5751 0.00598405
23.176 131.33 0.00506244
24.721 20.0858 0.00231529
26.2661 88.8412 0.00674034
27.8112 157.597 0.00256944
29.3562 46.3519 0.00487826
30.9013 115.107 0.00610472
32.4464 3.86266 0.000454156
33.9914 72.618 0.00643385
35.5365 141.373 0.00420847
37.0815 30.1288 0.00338397
38.6266 98.8841 0.00666083
40.1717 167.639 0.00144315
41.7167 56.3948 0.00561498
43.2618 125.15 0.00551233
44.8069 13.9056 0.00162019
46.3519 82.6609 0.00668649
47.897 151.416 0.00322552
49.4421 40.1717 0.00434895
50.9871 108.927 0.00637721
52.5322 177.682 0.000272626
54.0773 66.4378 0.00617964
55.6223 135.193 0.00475102
57.1674 23.9485 0.00273657
58.7124 92.7039 0.00673421
60.2575 161.459 0.00214373
61.8026 50.2146 0.00518065
63.3476 118.97 0.00589815
64.8927 7.72532 0.00090625
66.4378 76.4807 0.00655491
67.9828 145.236 0.00384411
69.5279 33.9914 0.00376908
71.073 102.747 0.00657557
72.618 171.502 0.00099624
74.1631 60.2575 0.00585359
75.7082 129.013 0.00523834
77.2532 17.7682 0.00205735
78.7983 86.5236 0.00672931
80.3433 155.279 0.00281939
81.8884 44.0343 0.0046861
83.4335 112.79 0.00621541
84.9785 1.54506 0.000181778
86.5236 70.3004 0.00634715
88.0687 139.056 0.00441801
89.6137 27.8112 0.00314541
91.1588 96.5665 0.00669749
92.7039 165.322 0.00170827
94.2489 54.0773 0.0054595
95.794 122.833 0.00566478
97.3391 11.588 0.00135423
98.8841 80.3433 0.00664619
100.429 149.099 0.00346228
101.974 37.8541 0.00413707
103.519 106.609 0.00646042
105.064 175.365 0.000544806
106.609 64.1202 0.0060656
108.155 132.876 0.00494056
109.7 21.6309 0.00248517
111.245 90.3863 0.00674156
112.79 159.142 0.00240045
114.335 47.897 0.00500195
115.88 116.652 0.00602537
117.425 5.40773 0.000635357
118.97 74.1631 0.00648582
120.515 142.918 0.00406493
122.06 31.6738 0.00353996
123.605 100.429 0.00663034
125.15 169.185 0.00126506
126.695 57.9399 0.00571355
128.24 126.695 0.00540568
129.785 15.4506 0.00179605
131.33 84.206 0.00670728
132.876 152.961 0.00306472
134.421 41.7167 0.00448627
135.966 110.472 0.00631593
137.511 179.227 9.08974e-05
139.056 67.9828 0.00625005
140.601 136.738 0.00462032
142.146 25.4936 0.0029017
143.691 94.2489 0.00672319
145.236 163.004 0.0019706
146.781 51.7597 0.00529509
148.326 120.515 0.00580796
149.871 9.27039 0.00108605
151.416 78.0258 0.00659502
152.961 146.781 0.00369338
154.506 35.5365 0.00391843
156.052 104.292 0.00653307
157.597 173.047 0.000816095
159.142 61.8026 0.00594164
160.687 130.558 0.00512201
162.232 19.3133 0.00222971
163.777 88.0687 0.00673789
165.322 156.824 0.00265325
166.867 45.5794 0.00481508
168.412 114.335 0.00614274
169.957 3.09013 0.000363424
171.502 71.8455 0.00640611
173.047 140.601 0.0042791
174.592 29.3562 0.00330505
176.137 98.1116 0.00667427
177.682 166.867 0.00153181
179.227 55.6223 0.00556417
180.773 124.378 0.00556417
182.318 13.133 0.00153181
183.863 81.8884 0.00667427
185.408 150.644 0.00330505
186.953 39.3991 0.0042791
188.498 108.155 0.00640611
190.043 176.91 0.000363424
191.588 65.6652 0.00614274
193.133 134.421 0.00481508
194.678 23.176 0.00265325
196.223 91.9313 0.00673789
197.768 160.687 0.00222971
199.313 49.4421 0.00512201
200.858 118.197 0.00594164
202.403 6.95279 0.000816095
203.948 75.7082 0.00653307
205.494 144.464 0.00391843
207.039 33.2189 0.00369338
208.584 101.974 0.00659502
210.129 170.73 0.00108605
211.674 59.485 0.00580796
213.219 128.24 0.00529509
214.764 16.9957 0.0019706
216.309 85.7511 0.00672319
217.854 154.506 0.0029017
219.399 43.2618 0.00462032
220.944 112.017 0.00625005
222.489 0.772532 9.08974e-05
224.034 69.5279 0.00631593
225.579 138.283 0.00448627
227.124 27.0386 0.00306472
228.67 95.794 0.00670728
230.215 164.549 0.00179605
231.76 53.3047 0.00540568
233.305 122.06 0.00571355
234.85 10.8155 0.00126506
236.395 79.5708 0.00663034
237.94 148.326 0.00353996
239.485 37.0815 0.00406493
241.03 105.837 0.00648582
242.575 174.592 0.000635357
244.12 63.3476 0.00602537
245.665 132.103 0.00500195
247.21 20.8584 0.00240045
248.755 89.6137 0.00674156
250.3 158.369 0.00248517
251.845 47.1245 0.00494056
253.391 115.88 0.0060656
254.936 4.63519 0.000544806
256.481 73.3906 0.00646042
258.026 142.146 0.00413707
259.571 30.9013 0.00346228
261.116 99.6567 0.00664619
262.661 168.412 0.00135423
264.206 57.1674 0.00566478
265.751 125.923 0.0054595
267.296 14.6781 0.00170827
268.841 83.4335 0.00669749
270.386 152.189 0.00314541
271.931 40.9442 0.00441801
273.476 109.7 0.00634715
275.021 178.455 0.000181778
276.567 67.2103 0.00621541
278.112 135.966 0.0046861
279.657 24.721 0.00281939
281.202 93.4764 0.00672931
282.747 162.232 0.00205735
284.292 50.9871 0.00523834
285.837 119.742 0.00585359
287.382 8.49785 0.00099624
288.927 77.2532 0.00657557
290.472 146.009 0.00376908
292.017 34.7639 0.00384411
293.562 103.519 0.00655491
295.107 172.275 0.00090625
296.652 61.03 0.00589815
298.197 129.785 0.00518065
299.742 18.5408 0.00214373
301.288 87.2961 0.00673421
302.833 156.052 0.00273657
304.378 44.8069 0.00475102
305.923 113.562 0.00617964
307.468 2.3176 0.000272626
309.013 71.073 0.00637721
310.558 139.828 0.00434895
312.103 28.5837 0.00322552
313.648 97.3391 0.00668649
315.193 166.094 0.00162019
316.738 54.8498 0.00551233
318.283 123.605 0.00561498
319.828 12.3605 0.00144315
321.373 81.1159 0.00666083
322.918 149.871 0.00338397
324.464 38.6266 0.00420847
326.009 107.382 0.00643385
327.554 176.137 0.000454156
329.099 64.8927 0.00610472
330.644 133.648 0.00487826
332.189 22.4034 0.00256944
333.734 91.1588 0.00674034
335.279 159.914 0.00231529
336.824 48.6695 0.00506244
338.369 117.425 0.00598405
339.914 6.18026 0.000725792
341.459 74.9356 0.00651003
343.004 143.691 0.00399204
344.549 32.4464 0.003617
346.094 101.202 0.00661328
347.639 169.957 0.00117566
349.185 58.7124 0.00576128
350.73 127.468 0.00535087
352.275 16.2232 0.0018835
353.82 84.9785 0.00671584
355.365 153.734 0.00298348
356.91 42.4893 0.00455371
358.455 111.245 0.00628356
