0.954907 68.7533 0.00388338
1.90981 137.507 0.00281455
2.86472 26.2599 0.00184349
3.81963 95.0133 0.00415065
4.77454 163.767 0.00116478
5.72944 52.5199 0.00330646
6.68435 121.273 0.00356119
7.63926 10.0265 0.000725421
8.59416 78.7798 0.00408696
9.54907 147.533 0.00223667
10.504 36.2865 0.00246588
11.4589 105.04 0.00402387
12.4138 173.793 0.000450488
13.3687 62.5464 0.00369737
14.3236 131.3 0.00313022
15.2785 20.0531 0.00142868
16.2334 88.8064 0.00416569
17.1883 157.56 0.00159048
18.1432 46.313 0.00301296
19.0981 115.066 0.00377417
20.0531 3.81963 0.000277561
21.008 72.5729 0.00397534
21.9629 141.326 0.00260364
22.9178 30.0796 0.00208831
23.8727 98.8329 0.00411718
24.8276 167.586 0.000895694
25.7825 56.3395 0.00346801
26.7374 125.093 0.0034092
27.6923 13.8462 0.000997131
28.6472 82.5995 0.00413188
29.6021 151.353 0.00199753
30.557 40.1061 0.00268414
31.5119 108.859 0.00394291
32.4668 177.613 0.000173554
33.4218 66.366 0.00381712
34.3767 135.119 0.00294008
35.3316 23.8727 0.00168624
36.2865 92.626 0.00416222
37.2414 161.379 0.0013304
38.1963 50.1326 0.00319799
39.1512 118.886 0.0036482
40.1061 7.63926 0.000553888
41.061 76.3926 0.00404964
42.0159 145.146 0.00238116
42.9708 33.8992 0.00232385
43.9257 102.653 0.00406541
44.8806 171.406 0.000622633
45.8355 60.1592 0.00361415
46.7905 128.912 0.00324205
47.7454 17.6658 0.00126441
48.7003 86.4191 0.00415846
49.6552 155.172 0.00174951
50.6101 43.9257 0.00289047
51.565 112.679 0.00384443
52.5199 1.43236 0.000104152
53.4748 70.1857 0.00391991
54.4297 138.939 0.00273688
55.3846 27.6923 0.00193631
56.3395 96.4456 0.00414025
57.2944 165.199 0.00106441
58.2493 53.9523 0.0033688
59.2042 122.706 0.00350601
60.1592 11.4589 0.000827755
61.1141 80.2122 0.00410594
62.069 148.966 0.0021481
63.0239 37.7188 0.00254907
63.9788 106.472 0.00399559
64.9337 175.225 0.000346806
65.8886 63.9788 0.00374423
66.8435 132.732 0.00306051
67.7984 21.4854 0.00152607
68.7533 90.2387 0.00416656
69.7082 158.992 0.00149371
70.6631 47.7454 0.00308396
71.618 116.499 0.00372887
72.5729 5.25199 0.000381394
73.5279 74.0053 0.00400529
74.4828 142.759 0.00252151
75.4377 31.5119 0.00217778
76.3926 100.265 0.0040999
77.3475 169.019 0.000793698
78.3024 57.7719 0.00352465
79.2573 126.525 0.00334825
80.2122 15.2785 0.00109794
81.1671 84.0318 0.00414401
82.122 152.785 0.0019055
83.0769 41.5385 0.00276296
84.0318 110.292 0.00390801
84.9867 179.045 6.94384e-05
85.9416 67.7984 0.00385768
86.8966 136.552 0.00286536
87.8515 25.305 0.00178096
88.8064 94.0584 0.00415614
89.7613 162.812 0.00123128
90.7162 51.565 0.00326375
91.6711 120.318 0.00359675
92.626 9.07162 0.000656942
93.5809 77.8249 0.00407288
94.5358 146.578 0.00229495
95.4907 35.3316 0.00240957
96.4456 104.085 0.00404133
97.4005 172.838 0.000519457
98.3554 61.5915 0.00366484
99.3103 130.345 0.00317562
100.265 19.0981 0.00136326
101.22 87.8515 0.00416366
102.175 156.605 0.00165443
103.13 45.3581 0.00296458
104.085 114.111 0.00380307
105.04 2.86472 0.000208238
105.995 71.618 0.00395399
106.95 140.371 0.00265749
107.905 29.1247 0.00202793
108.859 97.878 0.00412727
109.814 166.631 0.000963385
110.769 55.3846 0.00342904
111.724 124.138 0.00344864
112.679 12.8912 0.000929572
113.634 81.6446 0.00412237
114.589 150.398 0.00205819
115.544 39.1512 0.00263066
116.499 107.905 0.00396481
117.454 176.658 0.000242908
118.408 65.4111 0.00378875
119.363 134.164 0.00298888
120.318 22.9178 0.00162251
121.273 91.6711 0.00416482
122.228 160.424 0.00139602
123.183 49.1777 0.00315303
124.138 117.931 0.00368123
125.093 6.68435 0.000484989
126.048 75.4377 0.00403274
127.003 144.191 0.00243781
127.958 32.9443 0.00226589
128.912 101.698 0.00408006
129.867 170.451 0.000691205
130.822 59.2042 0.00357909
131.777 127.958 0.00328522
132.732 16.7109 0.00119807
133.687 85.4642 0.00415354
134.642 154.218 0.00181228
135.597 42.9708 0.00284006
136.552 111.724 0.00387067
137.507 0.477454 3.47204e-05
138.462 69.2308 0.00389583
139.416 137.984 0.00278885
140.371 26.7374 0.00187456
141.326 95.4907 0.00414748
142.281 164.244 0.0011314
143.236 52.9973 0.00332747
144.191 121.751 0.00354305
145.146 10.504 0.000759586
146.101 79.2573 0.00409357
147.056 148.011 0.0022073
148.011 36.7639 0.00249379
148.966 105.517 0.00401472
149.92 174.271 0.000415955
150.875 63.0239 0.00371325
151.83 131.777 0.0031072
152.785 20.5305 0.00146125
153.74 89.2838 0.00416627
154.695 158.037 0.00155833
155.65 46.7905 0.00303684
156.605 115.544 0.00375933
157.56 4.29708 0.000312194
158.515 73.0504 0.0039856
159.469 141.804 0.00257644
160.424 30.557 0.00211828
161.379 99.3103 0.0041117
162.334 168.064 0.000861755
163.289 56.817 0.00348713
164.244 125.57 0.00338912
165.199 14.3236 0.00103081
166.154 83.0769 0.00413621
167.109 151.83 0.00196699
168.064 40.5836 0.0027106
169.019 109.337 0.00393155
169.973 178.09 0.000138857
170.928 66.8435 0.00383091
171.883 135.597 0.00291538
172.838 24.3501 0.00171793
173.793 93.1034 0.00416048
174.748 161.857 0.00129745
175.703 50.6101 0.00322013
176.658 119.363 0.0036313
177.613 8.11671 0.000588281
178.568 76.87 0.00405767
179.523 145.623 0.00235259
180.477 34.3767 0.00235259
181.432 103.13 0.00405767
182.387 171.883 0.000588281
183.342 60.6366 0.0036313
184.297 129.39 0.00322013
185.252 18.1432 0.00129745
186.207 86.8966 0.00416048
187.162 155.65 0.00171793
188.117 44.4032 0.00291538
189.072 113.156 0.00383091
190.027 1.90981 0.000138857
190.981 70.6631 0.00393155
191.936 139.416 0.0027106
192.891 28.1698 0.00196699
193.846 96.9231 0.00413621
194.801 165.676 0.00103081
195.756 54.4297 0.00338912
196.711 123.183 0.00348713
197.666 11.9363 0.000861755
198.621 80.6897 0.0041117
199.576 149.443 0.00211828
200.531 38.1963 0.00257644
201.485 106.95 0.0039856
202.44 175.703 0.000312194
203.395 64.4562 0.00375933
204.35 133.21 0.00303684
205.305 21.9629 0.00155833
206.26 90.7162 0.00416627
207.215 159.469 0.00146125
208.17 48.2228 0.0031072
209.125 116.976 0.00371325
210.08 5.72944 0.000415955
211.034 74.4828 0.00401472
211.989 143.236 0.00249379
212.944 31.9894 0.0022073
213.899 100.743 0.00409357
214.854 169.496 0.000759586
215.809 58.2493 0.00354305
216.764 127.003 0.00332747
217.719 15.756 0.0011314
218.674 84.5093 0.00414748
219.629 153.263 0.00187456
220.584 42.0159 0.00278885
221.538 110.769 0.00389583
222.493 179.523 3.47204e-05
223.448 68.2759 0.00387067
224.403 137.029 0.00284006
225.358 25.7825 0.00181228
226.313 94.5358 0.00415354
227.268 163.289 0.00119807
228.223 52.0424 0.00328522
229.178 120.796 0.00357909
230.133 9.54907 0.000691205
231.088 78.3024 0.00408006
232.042 147.056 0.00226589
232.997 35.809 0.00243781
233.952 104.562 0.00403274
234.907 173.316 0.000484989
235.862 62.069 0.00368123
236.817 130.822 0.00315303
237.772 19.5756 0.00139602
238.727 88.3289 0.00416482
239.682 157.082 0.00162251
240.637 45.8355 0.00298888
241.592 114.589 0.00378875
242.546 3.34218 0.000242908
243.501 72.0955 0.00396481
244.456 140.849 0.00263066
245.411 29.6021 0.00205819
246.366 98.3554 0.00412237
247.321 167.109 0.000929572
248.276 55.8621 0.00344864
249.231 124.615 0.00342904
250.186 13.3687 0.000963385
251.141 82.122 0.00412727
252.095 150.875 0.00202793
253.05 39.6286 0.00265749
254.005 108.382 0.00395399
254.96 177.135 0.000208238
255.915 65.8886 0.00380307
256.87 134.642 0.00296458
257.825 23.3952 0.00165443
258.78 92.1485 0.00416366
259.735 160.902 0.00136326
260.69 49.6552 0.00317562
261.645 118.408 0.00366484
262.599 7.1618 0.000519457
263.554 75.9151 0.00404133
264.509 144.668 0.00240957
265.464 33.4218 0.00229495
266.419 102.175 0.00407288
267.374 170.928 0.000656942
268.329 59.6817 0.00359675
269.284 128.435 0.00326375
270.239 17.1883 0.00123128
271.194 85.9416 0.00415614
272.149 154.695 0.00178096
273.103 43.4483 0.00286536
274.058 112.202 0.00385768
275.013 0.954907 6.94384e-05
275.968 69.7082 0.00390801
276.923 138.462 0.00276296
277.878 27.2149 0.0019055
278.833 95.9682 0.00414401
279.788 164.721 0.00109794
280.743 53.4748 0.00334825
281.698 122.228 0.00352465
282.653 10.9814 0.000793698
283.607 79.7347 0.0040999
284.562 148.488 0.00217778
285.517 37.2414 0.00252151
286.472 105.995 0.00400529
287.427 174.748 0.000381394
288.382 63.5013 0.00372887
289.337 132.255 0.00308396
290.292 21.008 0.00149371
291.247 89.7613 0.00416656
292.202 158.515 0.00152607
293.156 47.2679 0.00306051
294.111 116.021 0.00374423
295.066 4.77454 0.000346806
296.021 73.5279 0.00399559
296.976 142.281 0.00254907
297.931 31.0345 0.0021481
298.886 99.7878 0.00410594
299.841 168.541 0.000827755
300.796 57.2944 0.00350601
301.751 126.048 0.0033688
302.706 14.8011 0.00106441
303.66 83.5544 0.00414025
304.615 152.308 0.00193631
305.57 41.061 0.00273688
306.525 109.814 0.00391991
307.48 178.568 0.000104152
308.435 67.321 0.00384443
309.39 136.074 0.00289047
310.345 24.8276 0.00174951
311.3 93.5809 0.00415846
312.255 162.334 0.00126441
313.21 51.0875 0.00324205
314.164 119.841 0.00361415
315.119 8.59416 0.000622633
316.074 77.3475 0.00406541
317.029 146.101 0.00232385
317.984 34.8541 0.00238116
318.939 103.607 0.00404964
319.894 172.361 0.000553888
320.849 61.1141 0.0036482
321.804 129.867 0.00319799
322.759 18.6207 0.0013304
323.714 87.374 0.00416222
324.668 156.127 0.00168624
325.623 44.8806 0.00294008
326.578 113.634 0.00381712
327.533 2.38727 0.000173554
328.488 71.1406 0.00394291
329.443 139.894 0.00268414
330.398 28.6472 0.00199753
331.353 97.4005 0.00413188
332.308 166.154 0.000997131
333.263 54.9072 0.0034092
334.218 123.66 0.00346801
335.172 12.4138 0.000895694
336.127 81.1671 0.00411718
337.082 149.92 0.00208831
338.037 38.6737 0.00260364
338.992 107.427 0.00397534
339.947 176.18 0.000277561
340.902 64.9337 0.00377417
341.857 133.687 0.00301296
342.812 22.4403 0.00159048
343.767 91.1936 0.00416569
344.721 159.947 0.00142868
345.676 48.7003 0.00313022
346.631 117.454 0.00369737
347.586 6.2069 0.000450488
348.541 74.9602 0.00402387
349.496 143.714 0.00246588
350.451 32.4668 0.00223667
351.406 101.22 0.00408696
352.361 169.973 0.000725421
353.316 58.7268 0.00356119
354.271 127.48 0.00330646
355.225 16.2334 0.00116478
356.18 84.9867 0.00415065
357.135 153.74 0.00184349
358.09 42.4934 0.00281455
359.045 111.247 0.00388338
