10.5882 68.8235 0.0431108
21.1765 137.647 0.0311468
31.7647 26.4706 0.0206077
42.3529 95.2941 0.0460356
52.9412 164.118 0.0126522
63.5294 52.9412 0.0368946
74.1176 121.765 0.0393079
84.7059 10.5882 0.00849525
95.2941 79.4118 0.0454456
105.882 148.235 0.0243384
116.471 37.0588 0.0278615
127.059 105.882 0.0444679
137.647 174.706 0.00426582
148.235 63.5294 0.0413859
158.824 132.353 0.0341664
169.412 21.1765 0.0167012
180 90 0.0462328
190.588 158.824 0.0167012
201.176 47.6471 0.0341664
211.765 116.471 0.0413859
222.353 5.29412 0.00426582
232.941 74.1176 0.0444679
243.529 142.941 0.0278615
254.118 31.7647 0.0243384
264.706 100.588 0.0454456
275.294 169.412 0.00849525
285.882 58.2353 0.0393079
296.471 127.059 0.0368946
307.059 15.8824 0.0126522
317.647 84.7059 0.0460356
328.235 153.529 0.0206077
338.824 42.3529 0.0311468
349.412 111.176 0.0431108
