6.54545 68.7273 0.0266212
13.0909 137.455 0.0193168
19.6364 26.1818 0.0126047
26.1818 94.9091 0.0284629
32.7273 163.636 0.00804845
39.2727 52.3636 0.0226228
45.8182 121.091 0.0244639
52.3636 9.81818 0.00487143
58.9091 78.5455 0.0279987
65.4545 147.273 0.0154449
72 36 0.0167917
78.5455 104.727 0.0276292
85.0909 173.455 0.00325647
91.6364 62.1818 0.0252662
98.1818 130.909 0.02159
104.727 19.6364 0.00960016
111.273 88.3636 0.0285561
117.818 157.091 0.0111206
124.364 45.8182 0.0204868
130.909 114.545 0.0259861
137.455 3.27273 0.0016309
144 72 0.0271695
150.545 140.727 0.0180837
157.091 29.4545 0.0140477
163.636 98.1818 0.0282769
170.182 166.909 0.00647049
176.727 55.6364 0.0235818
183.273 124.364 0.0235818
189.818 13.0909 0.00647049
196.364 81.8182 0.0282769
202.909 150.545 0.0140477
209.455 39.2727 0.0180837
216 108 0.0271695
222.545 176.727 0.0016309
229.091 65.4545 0.0259861
235.636 134.182 0.0204868
242.182 22.9091 0.0111206
248.727 91.6364 0.0285561
255.273 160.364 0.00960016
261.818 49.0909 0.02159
268.364 117.818 0.0252662
274.909 6.54545 0.00325647
281.455 75.2727 0.0276292
288 144 0.0167917
294.545 32.7273 0.0154449
301.091 101.455 0.0279987
307.636 170.182 0.00487143
314.182 58.9091 0.0244639
320.727 127.636 0.0226228
327.273 16.3636 0.00804845
333.818 85.0909 0.0284629
340.364 153.818 0.0126047
346.909 42.5455 0.0193168
353.455 111.273 0.0266212
