0.584416 68.0844 0.00236572
1.16883 136.169 0.00176597
1.75325 24.2532 0.00104746
2.33766 92.3377 0.00254788
2.92208 160.422 0.000854476
3.50649 48.5065 0.00191003
4.09091 116.591 0.00228027
4.67532 4.67532 0.000207849
5.25974 72.7597 0.00243543
5.84416 140.844 0.00161015
6.42857 28.9286 0.00123348
7.01299 97.013 0.00253092
7.5974 165.097 0.0006558
8.18182 53.1818 0.00204138
8.76623 121.266 0.00217965
9.35065 9.35065 0.000414314
9.93506 77.4351 0.00248893
10.5195 145.519 0.00144362
11.1039 33.6039 0.00141129
11.6883 101.688 0.00249712
12.2727 169.773 0.000452761
12.8571 57.8571 0.00215915
13.4416 125.942 0.00206452
14.026 14.026 0.000618022
14.6104 82.1104 0.00252586
15.1948 150.195 0.00126748
15.7792 38.2792 0.00157971
16.3636 106.364 0.00244671
16.9481 174.448 0.000246708
17.5325 62.5325 0.00226254
18.1169 130.617 0.00193565
18.7013 18.7013 0.000817618
19.2857 86.7857 0.00254599
19.8701 154.87 0.00108291
20.4545 42.9545 0.00173762
21.039 111.039 0.00238001
21.6234 179.123 3.90134e-05
22.2078 67.2078 0.00235089
22.7922 135.292 0.0017939
23.3766 23.3766 0.00101177
23.961 91.461 0.00254917
24.5455 159.545 0.000891134
25.1299 47.6299 0.00188396
25.7143 115.714 0.00229747
26.2987 3.7987 0.000168941
26.8831 71.8831 0.00242358
27.4675 139.968 0.00164021
28.0519 28.0519 0.00119919
28.6364 96.1364 0.00253539
29.2208 164.221 0.000693425
29.8052 52.3052 0.00201776
30.3896 120.39 0.00219964
30.974 8.47403 0.000375771
31.5584 76.5584 0.00248015
32.1429 144.643 0.00147561
32.7273 32.7273 0.00137863
33.3117 100.812 0.00250473
33.8961 168.896 0.000491101
34.4805 56.9805 0.00213814
35.0649 125.065 0.00208718
35.6494 13.1494 0.0005801
36.2338 81.2338 0.00252021
36.8182 149.318 0.00130119
37.4026 37.4026 0.0015489
37.987 105.487 0.00245741
38.5714 173.571 0.000285509
39.1558 61.6558 0.00224428
39.7403 129.74 0.00196082
40.3247 17.8247 0.000780568
40.9091 85.9091 0.0025435
41.4935 153.994 0.00111811
42.0779 42.0779 0.00170886
42.6623 110.162 0.00239374
43.2468 178.247 7.80176e-05
43.8312 66.3312 0.0023355
44.4156 134.416 0.00182142
45 22.5 0.000975843
45.5844 90.5844 0.00254987
46.1688 158.669 0.000927583
46.7532 46.7532 0.00185744
47.3377 114.838 0.00231413
47.9221 2.92208 0.000129993
48.5065 71.0065 0.00241117
49.0909 139.091 0.00166989
49.6753 27.1753 0.00116462
50.2597 95.2597 0.00253926
50.8442 163.344 0.000730887
51.4286 51.4286 0.00199367
52.013 119.513 0.00221912
52.5974 7.5974 0.000337139
53.1818 75.6818 0.00247079
53.7662 143.766 0.00150726
54.3506 31.8506 0.00134565
54.9351 99.9351 0.00251176
55.5195 168.019 0.000529327
56.1039 56.1039 0.00211663
56.6883 124.188 0.00210935
57.2727 12.2727 0.000542041
57.8571 80.3571 0.00251397
58.4416 148.442 0.00133459
59.026 36.526 0.00151773
59.6104 104.61 0.00246754
60.1948 172.695 0.000324244
60.7792 60.7792 0.0022255
61.3636 128.864 0.00198554
61.9481 16.9481 0.000743336
62.5325 85.0325 0.00254042
63.1169 153.117 0.00115304
63.7013 41.2013 0.0016797
64.2857 109.286 0.0024069
64.8701 177.37 0.000117004
65.4545 65.4545 0.00231956
66.039 133.539 0.00184851
66.6234 21.6234 0.000939685
67.2078 89.7078 0.00254997
67.7922 157.792 0.000963815
68.3766 45.8766 0.0018305
68.961 113.961 0.00233025
69.5455 2.04545 9.10154e-05
70.1299 70.1299 0.00239819
70.7143 138.214 0.00169918
71.2987 26.2987 0.00112978
71.8831 94.3831 0.00254254
72.4675 162.468 0.000768178
73.0519 50.5519 0.00196911
73.6364 118.636 0.00223808
74.2208 6.72078 0.000298429
74.8052 74.8052 0.00246085
75.3896 142.89 0.00153855
75.974 30.974 0.00131236
76.5584 99.0584 0.0025182
77.1429 167.143 0.000567428
77.7273 55.2273 0.00209462
78.3117 123.312 0.00213102
78.8961 11.3961 0.000503856
79.4805 79.4805 0.00250714
80.0649 147.565 0.00136768
80.6494 35.6494 0.0014862
81.2338 103.734 0.00247709
81.8182 171.818 0.000362903
82.4026 59.9026 0.00220619
82.987 127.987 0.00200978
83.5714 16.0714 0.00070593
84.1558 84.1558 0.00253675
84.7403 152.24 0.0011877
85.3247 40.3247 0.00165015
85.9091 108.409 0.00241951
86.4935 176.494 0.000155962
87.0779 64.5779 0.00230308
87.6623 132.662 0.00187517
88.2468 20.7468 0.000903307
88.8312 88.8312 0.00254947
89.4156 156.916 0.000999821
90 45 0.00180312
90.5844 113.084 0.00234582
91.1688 1.16883 5.20163e-05
91.7532 69.2532 0.00238465
92.3377 137.338 0.00172807
92.9221 25.4221 0.00109467
93.5065 93.5065 0.00254523
94.0909 161.591 0.000805289
94.6753 49.6753 0.00194409
95.2597 117.76 0.00225652
95.8442 5.84416 0.000259649
96.4286 73.9286 0.00245034
97.013 142.013 0.00156948
97.5974 30.0974 0.00127875
98.1818 98.1818 0.00252404
98.7662 166.266 0.000605397
99.3506 54.3506 0.00207213
99.9351 122.435 0.0021522
100.519 10.5195 0.000465553
101.104 78.6039 0.00249973
101.688 146.688 0.00140044
102.273 34.7727 0.00145432
102.857 102.857 0.00248607
103.442 170.942 0.000401477
104.026 59.026 0.00218637
104.61 127.11 0.00203356
105.195 15.1948 0.000668359
105.779 83.2792 0.00253248
106.364 151.364 0.00122208
106.948 39.4481 0.00162021
107.532 107.532 0.00243154
108.117 175.617 0.000194884
108.701 63.7013 0.00228607
109.286 131.786 0.00190139
109.87 19.8701 0.000866718
110.455 87.9545 0.00254837
111.039 156.039 0.00103559
111.623 44.1234 0.00177532
112.208 112.208 0.00236084
112.792 0.292208 1.30049e-05
113.377 68.3766 0.00237055
113.961 136.461 0.00175656
114.545 24.5455 0.00105931
115.13 92.6299 0.00254731
115.714 160.714 0.000842211
116.299 48.7987 0.00191862
116.883 116.883 0.00227442
117.468 4.96753 0.000220808
118.052 73.0519 0.00243925
118.636 141.136 0.00160005
119.221 29.2208 0.00124485
119.805 97.3052 0.0025293
120.39 165.39 0.000643224
120.974 53.474 0.00204915
121.558 121.558 0.00217287
122.143 9.64286 0.000427141
122.727 77.7273 0.00249172
123.312 145.812 0.00143288
123.896 33.8961 0.00142211
124.481 101.981 0.00249446
125.065 170.065 0.000439956
125.649 58.1494 0.00216604
126.234 126.234 0.00205686
126.818 14.3182 0.000630631
127.403 82.4026 0.00252761
127.987 150.487 0.00125618
128.571 38.5714 0.0015899
129.156 106.656 0.00244301
129.74 174.74 0.000233761
130.325 62.8247 0.00226851
130.909 130.909 0.00192716
131.494 18.9935 0.000829925
132.078 87.0779 0.00254668
132.662 155.162 0.00107112
133.247 43.2468 0.00174711
133.831 111.331 0.00237531
134.416 179.416 2.60095e-05
135 67.5 0.00235589
135.584 135.584 0.00178464
136.169 23.6688 0.0010237
136.753 91.7532 0.00254881
137.338 159.838 0.000878937
137.922 47.9221 0.0018927
138.506 116.006 0.0022918
139.091 4.09091 0.000181915
139.675 72.1753 0.00242759
140.26 140.26 0.00163024
140.844 28.3442 0.00121065
141.429 96.4286 0.00253397
142.013 164.513 0.000680901
142.597 52.5974 0.00202569
143.182 120.682 0.00219304
143.766 8.76623 0.000388629
144.351 76.8506 0.00248314
144.935 144.935 0.00146499
145.519 33.0195 0.00138956
146.104 101.104 0.00250226
146.688 169.188 0.000478333
147.273 57.2727 0.0021452
147.857 125.357 0.00207968
148.442 13.4416 0.000592756
149.026 81.526 0.00252216
149.61 149.61 0.00128999
150.195 37.6948 0.00155921
150.779 105.779 0.00245391
151.364 173.864 0.000272583
151.948 61.9481 0.00225043
152.532 130.032 0.00195248
153.117 18.1169 0.000792939
153.701 86.2013 0.0025444
154.286 154.286 0.0011064
154.87 42.3701 0.00171849
155.455 110.455 0.00238922
156.039 178.539 6.50178e-05
156.623 66.6234 0.00234069
157.208 134.708 0.00181229
157.792 22.7922 0.000987845
158.377 90.8766 0.0025497
158.961 158.961 0.000915457
159.545 47.0455 0.00186633
160.13 115.13 0.00230864
160.714 3.21429 0.00014298
161.299 71.2987 0.00241537
161.883 139.383 0.00166004
162.468 27.4675 0.00117618
163.052 95.5519 0.00253804
163.636 163.636 0.000718418
164.221 51.7208 0.00200175
164.805 119.805 0.00221269
165.39 7.88961 0.000350026
165.974 75.974 0.00247397
166.558 144.058 0.00149675
167.143 32.1429 0.00135668
167.727 100.227 0.00250948
168.312 168.312 0.000516598
168.896 56.3961 0.00212385
169.481 124.481 0.00210201
170.065 12.5649 0.000554742
170.649 80.6494 0.00251612
171.234 148.734 0.00132349
171.818 36.8182 0.00152816
172.403 104.903 0.00246423
172.987 172.987 0.00031134
173.571 61.0714 0.00223182
174.156 129.156 0.00197735
174.74 17.2403 0.000755767
175.325 85.3247 0.00254151
175.909 153.409 0.00114142
176.494 41.4935 0.00168946
177.078 109.578 0.00240258
177.662 177.662 0.000104011
178.247 65.7468 0.00232493
178.831 133.831 0.00183953
179.416 21.9156 0.000951762
180 90 0.00255
180.584 158.084 0.000951762
181.169 46.1688 0.00183953
181.753 114.253 0.00232493
182.338 2.33766 0.000104011
182.922 70.4221 0.00240258
183.506 138.506 0.00168946
184.091 26.5909 0.00114142
184.675 94.6753 0.00254151
185.26 162.76 0.000755767
185.844 50.8442 0.00197735
186.429 118.929 0.00223182
187.013 7.01299 0.00031134
187.597 75.0974 0.00246423
188.182 143.182 0.00152816
188.766 31.2662 0.00132349
189.351 99.3506 0.00251612
189.935 167.435 0.000554742
190.519 55.5195 0.00210201
191.104 123.604 0.00212385
191.688 11.6883 0.000516598
192.273 79.7727 0.00250948
192.857 147.857 0.00135668
193.442 35.9416 0.00149675
194.026 104.026 0.00247397
194.61 172.11 0.000350026
195.195 60.1948 0.00221269
195.779 128.279 0.00200175
196.364 16.3636 0.000718418
196.948 84.4481 0.00253804
197.532 152.532 0.00117618
198.117 40.6169 0.00166004
198.701 108.701 0.00241537
199.286 176.786 0.00014298
199.87 64.8701 0.00230864
200.455 132.955 0.00186633
201.039 21.039 0.000915457
201.623 89.1234 0.0025497
202.208 157.208 0.000987845
202.792 45.2922 0.00181229
203.377 113.377 0.00234069
203.961 1.46104 6.50178e-05
204.545 69.5455 0.00238922
205.13 137.63 0.00171849
205.714 25.7143 0.0011064
206.299 93.7987 0.0025444
206.883 161.883 0.000792939
207.468 49.9675 0.00195248
208.052 118.052 0.00225043
208.636 6.13636 0.000272583
209.221 74.2208 0.00245391
209.805 142.305 0.00155921
210.39 30.3896 0.00128999
210.974 98.474 0.00252216
211.558 166.558 0.000592756
212.143 54.6429 0.00207968
212.727 122.727 0.0021452
213.312 10.8117 0.000478333
213.896 78.8961 0.00250226
214.481 146.981 0.00138956
215.065 35.0649 0.00146499
215.649 103.149 0.00248314
216.234 171.234 0.000388629
216.818 59.3182 0.00219304
217.403 127.403 0.00202569
217.987 15.487 0.000680901
218.571 83.5714 0.00253397
219.156 151.656 0.00121065
219.74 39.7403 0.00163024
220.325 107.825 0.00242759
220.909 175.909 0.000181915
221.494 63.9935 0.0022918
222.078 132.078 0.0018927
222.662 20.1623 0.000878937
223.247 88.2468 0.00254881
223.831 156.331 0.0010237
224.416 44.4156 0.00178464
225 112.5 0.00235589
225.584 0.584416 2.60095e-05
226.169 68.6688 0.00237531
226.753 136.753 0.00174711
227.338 24.8377 0.00107112
227.922 92.9221 0.00254668
228.506 161.006 0.000829925
229.091 49.0909 0.00192716
229.675 117.175 0.00226851
230.26 5.25974 0.000233761
230.844 73.3442 0.00244301
231.429 141.429 0.0015899
232.013 29.513 0.00125618
232.597 97.5974 0.00252761
233.182 165.682 0.000630631
233.766 53.7662 0.00205686
234.351 121.851 0.00216604
234.935 9.93506 0.000439956
235.519 78.0195 0.00249446
236.104 146.104 0.00142211
236.688 34.1883 0.00143288
237.273 102.273 0.00249172
237.857 170.357 0.000427141
238.442 58.4416 0.00217287
239.026 126.526 0.00204915
239.61 14.6104 0.000643224
240.195 82.6948 0.0025293
240.779 150.779 0.00124485
241.364 38.8636 0.00160005
241.948 106.948 0.00243925
242.532 175.032 0.000220808
243.117 63.1169 0.00227442
243.701 131.201 0.00191862
244.286 19.2857 0.000842211
244.87 87.3701 0.00254731
245.455 155.455 0.00105931
246.039 43.539 0.00175656
246.623 111.623 0.00237055
247.208 179.708 1.30049e-05
247.792 67.7922 0.00236084
248.377 135.877 0.00177532
248.961 23.961 0.00103559
249.545 92.0455 0.00254837
250.13 160.13 0.000866718
250.714 48.2143 0.00190139
251.299 116.299 0.00228607
251.883 4.38312 0.000194884
252.468 72.4675 0.00243154
253.052 140.552 0.00162021
253.636 28.6364 0.00122208
254.221 96.7208 0.00253248
254.805 164.805 0.000668359
255.39 52.8896 0.00203356
255.974 120.974 0.00218637
256.558 9.05844 0.000401477
257.143 77.1429 0.00248607
257.727 145.227 0.00145432
258.312 33.3117 0.00140044
258.896 101.396 0.00249973
259.481 169.481 0.000465553
260.065 57.5649 0.0021522
260.649 125.649 0.00207213
261.234 13.7338 0.000605397
261.818 81.8182 0.00252404
262.403 149.903 0.00127875
262.987 37.987 0.00156948
263.571 106.071 0.00245034
264.156 174.156 0.000259649
264.74 62.2403 0.00225652
265.325 130.325 0.00194409
265.909 18.4091 0.000805289
266.494 86.4935 0.00254523
267.078 154.578 0.00109467
267.662 42.6623 0.00172807
268.247 110.747 0.00238465
268.831 178.831 5.20163e-05
269.416 66.9156 0.00234582
270 135 0.00180312
270.584 23.0844 0.000999821
271.169 91.1688 0.00254947
271.753 159.253 0.000903307
272.338 47.3377 0.00187517
272.922 115.422 0.00230308
273.506 3.50649 0.000155962
274.091 71.5909 0.00241951
274.675 139.675 0.00165015
275.26 27.7597 0.0011877
275.844 95.8442 0.00253675
276.429 163.929 0.00070593
277.013 52.013 0.00200978
277.597 120.097 0.00220619
278.182 8.18182 0.000362903
278.766 76.2662 0.00247709
279.351 144.351 0.0014862
279.935 32.4351 0.00136768
280.519 100.519 0.00250714
281.104 168.604 0.000503856
281.688 56.6883 0.00213102
282.273 124.773 0.00209462
282.857 12.8571 0.000567428
283.442 80.9416 0.0025182
284.026 149.026 0.00131236
284.61 37.1104 0.00153855
285.195 105.195 0.00246085
285.779 173.279 0.000298429
286.364 61.3636 0.00223808
286.948 129.448 0.00196911
287.532 17.5325 0.000768178
288.117 85.6169 0.00254254
288.701 153.701 0.00112978
289.286 41.7857 0.00169918
289.87 109.87 0.00239819
290.455 177.955 9.10154e-05
291.039 66.039 0.00233025
291.623 134.123 0.0018305
292.208 22.2078 0.000963815
292.792 90.2922 0.00254997
293.377 158.377 0.000939685
293.961 46.461 0.00184851
294.545 114.545 0.00231956
295.13 2.62987 0.000117004
295.714 70.7143 0.0024069
296.299 138.799 0.0016797
296.883 26.8831 0.00115304
297.468 94.9675 0.00254042
298.052 163.052 0.000743336
298.636 51.1364 0.00198554
299.221 119.221 0.0022255
299.805 7.30519 0.000324244
300.39 75.3896 0.00246754
300.974 143.474 0.00151773
301.558 31.5584 0.00133459
302.143 99.6429 0.00251397
302.727 167.727 0.000542041
303.312 55.8117 0.00210935
303.896 123.896 0.00211663
304.481 11.9805 0.000529327
305.065 80.0649 0.00251176
305.649 148.149 0.00134565
306.234 36.2338 0.00150726
306.818 104.318 0.00247079
307.403 172.403 0.000337139
307.987 60.487 0.00221912
308.571 128.571 0.00199367
309.156 16.6558 0.000730887
309.74 84.7403 0.00253926
310.325 152.825 0.00116462
310.909 40.9091 0.00166989
311.494 108.994 0.00241117
312.078 177.078 0.000129993
312.662 65.1623 0.00231413
313.247 133.247 0.00185744
313.831 21.3312 0.000927583
314.416 89.4156 0.00254987
315 157.5 0.000975843
315.584 45.5844 0.00182142
316.169 113.669 0.0023355
316.753 1.75325 7.80176e-05
317.338 69.8377 0.00239374
317.922 137.922 0.00170886
318.506 26.0065 0.00111811
319.091 94.0909 0.0025435
319.675 162.175 0.000780568
320.26 50.2597 0.00196082
320.844 118.344 0.00224428
321.429 6.42857 0.000285509
322.013 74.513 0.00245741
322.597 142.597 0.0015489
323.182 30.6818 0.00130119
323.766 98.7662 0.00252021
324.351 166.851 0.0005801
324.935 54.9351 0.00208718
325.519 123.019 0.00213814
326.104 11.1039 0.000491101
326.688 79.1883 0.00250473
327.273 147.273 0.00137863
327.857 35.3571 0.00147561
328.442 103.442 0.00248015
329.026 171.526 0.000375771
329.61 59.6104 0.00219964
330.195 127.695 0.00201776
330.779 15.7792 0.000693425
331.364 83.8636 0.00253539
331.948 151.948 0.00119919
332.532 40.0325 0.00164021
333.117 108.117 0.00242358
333.701 176.201 0.000168941
334.286 64.2857 0.00229747
334.87 132.37 0.00188396
335.455 20.4545 0.000891134
336.039 88.539 0.00254917
336.623 156.623 0.00101177
337.208 44.7078 0.0017939
337.792 112.792 0.00235089
338.377 0.876623 3.90134e-05
338.961 68.961 0.00238001
339.545 137.045 0.00173762
340.13 25.1299 0.00108291
340.714 93.2143 0.00254599
341.299 161.299 0.000817618
341.883 49.3831 0.00193565
342.468 117.468 0.00226254
343.052 5.55195 0.000246708
343.636 73.6364 0.00244671
344.221 141.721 0.00157971
344.805 29.8052 0.00126748
345.39 97.8896 0.00252586
345.974 165.974 0.000618022
346.558 54.0584 0.00206452
347.143 122.143 0.00215915
347.727 10.2273 0.000452761
348.312 78.3117 0.00249712
348.896 146.396 0.00141129
349.481 34.4805 0.00144362
350.065 102.565 0.00248893
350.649 170.649 0.000414314
351.234 58.7338 0.00217965
351.818 126.818 0.00204138
352.403 14.9026 0.0006558
352.987 82.987 0.00253092
353.571 151.071 0.00123348
354.156 39.1558 0.00161015
354.74 107.24 0.00243543
355.325 175.325 0.000207849
355.909 63.4091 0.00228027
356.494 131.494 0.00191003
357.078 19.5779 0.000854476
357.662 87.6623 0.00254788
358.247 155.747 0.00104746
358.831 43.8312 0.00176597
359.416 111.916 0.00236572
