* De conditionele overschrijdingskans van de zeewaterstand met statistische onzekerheid gegeven de windrichting
* voor een 12-uursperiode te Harlingen, gelegen op locatie: 
* 156480, 576550
* 
* Het waterstandsbereik waarvoor de overschrijdingskansen zijn gegeven is het hoogwater 1991 tot 8.00 m + NAP
* met een stapgrootte van 0.1 m. De laatste stapgrootte kan afwijken om op 8.00 m uit te komen. Hierbij wordt
* een stapgrootte van mimimaal 6 en maximaal 15 cm gekozen.
* 
* Betreft zichtjaar 1985 (het jaar waarvoor de basispeilen zijn afgeleid); 
* zeespiegelstijging sinds 1985 moet apart in rekening worden gebracht.
*
* Door: G.W.F. Rongen van HKV lijn in water
* Project: PR3280.20.03
*
* m (m+NAP) 30              60              90              120             150             180             210             240             270             300             330             360
  0.95      1.000e+00       1.000e+00       1.000e+00       1.000e+00       1.000e+00       1.000e+00       1.000e+00       1.000e+00       1.000e+00       1.000e+00       1.000e+00       1.000e+00       
  1.05      1.000e+00       1.000e+00       1.000e+00       1.000e+00       1.000e+00       1.000e+00       9.376e-01       4.169e-01       5.838e-01       5.736e-01       4.673e-01       3.398e-01       
  1.15      1.000e+00       1.000e+00       1.000e+00       1.000e+00       1.000e+00       1.000e+00       8.817e-01       1.764e-01       3.462e-01       3.343e-01       2.219e-01       1.166e-01       
  1.25      1.000e+00       1.000e+00       1.000e+00       1.000e+00       1.000e+00       1.000e+00       7.458e-01       8.029e-02       2.156e-01       2.055e-01       1.136e-01       4.381e-02       
  1.35      1.000e+00       1.000e+00       1.000e+00       1.000e+00       1.000e+00       1.000e+00       3.169e-01       6.144e-02       1.839e-01       1.784e-01       9.761e-02       3.258e-02       
  1.45      1.000e+00       1.000e+00       1.000e+00       1.000e+00       1.000e+00       1.000e+00       1.194e-01       4.968e-02       1.613e-01       1.599e-01       8.855e-02       2.620e-02       
  1.55      9.967e-01       9.722e-01       9.194e-01       9.779e-01       9.733e-01       8.166e-01       4.396e-02       3.969e-02       1.399e-01       1.419e-01       7.958e-02       2.084e-02       
  1.65      4.980e-01       3.330e-01       2.488e-01       3.500e-01       3.362e-01       1.838e-01       1.582e-02       3.133e-02       1.200e-01       1.247e-01       7.085e-02       1.639e-02       
  1.75      7.681e-02       5.031e-02       3.749e-02       5.292e-02       5.080e-02       2.768e-02       5.567e-03       2.445e-02       1.018e-01       1.084e-01       6.246e-02       1.276e-02       
  1.85      9.065e-03       5.938e-03       4.425e-03       6.245e-03       5.996e-03       3.267e-03       1.918e-03       1.885e-02       8.536e-02       9.326e-02       5.452e-02       9.822e-03       
  1.95      8.253e-04       5.406e-04       4.028e-04       5.686e-04       5.459e-04       2.975e-04       6.477e-04       1.438e-02       7.078e-02       7.937e-02       4.711e-02       7.483e-03       
  2.05      5.706e-05       3.737e-05       2.785e-05       3.931e-05       3.774e-05       2.057e-05       2.144e-04       1.084e-02       5.801e-02       6.682e-02       4.030e-02       5.643e-03       
  2.15      2.949e-06       1.932e-06       1.440e-06       2.032e-06       1.951e-06       1.063e-06       6.966e-05       8.080e-03       4.699e-02       5.563e-02       3.411e-02       4.211e-03       
  2.25      1.122e-07       7.348e-08       5.476e-08       7.729e-08       7.420e-08       4.044e-08       2.221e-05       5.957e-03       3.763e-02       4.580e-02       2.856e-02       3.112e-03       
  2.35      3.091e-09       2.025e-09       1.509e-09       2.129e-09       2.045e-09       1.114e-09       6.958e-06       4.343e-03       2.977e-02       3.728e-02       2.367e-02       2.276e-03       
  2.45      6.072e-11       3.977e-11       2.964e-11       4.183e-11       4.016e-11       2.189e-11       2.142e-06       3.133e-03       2.328e-02       3.000e-02       1.939e-02       1.649e-03       
  2.55      8.371e-13       5.483e-13       4.086e-13       5.767e-13       5.537e-13       3.017e-13       6.481e-07       2.235e-03       1.798e-02       2.386e-02       1.572e-02       1.183e-03       
  2.65      7.970e-15       5.220e-15       3.890e-15       5.491e-15       5.272e-15       2.873e-15       1.929e-07       1.578e-03       1.372e-02       1.876e-02       1.260e-02       8.404e-04       
  2.75      5.158e-17       3.378e-17       2.517e-17       3.553e-17       3.411e-17       1.859e-17       5.651e-08       1.102e-03       1.035e-02       1.457e-02       9.982e-03       5.914e-04       
  2.85      2.233e-19       1.462e-19       1.090e-19       1.538e-19       1.477e-19       8.048e-20       1.629e-08       7.614e-04       7.707e-03       1.119e-02       7.819e-03       4.123e-04       
  2.95      6.363e-22       4.168e-22       3.106e-22       4.384e-22       4.209e-22       2.294e-22       4.626e-09       5.206e-04       5.670e-03       8.482e-03       6.053e-03       2.848e-04       
  3.05      1.175e-24       7.695e-25       5.734e-25       8.094e-25       7.771e-25       4.235e-25       1.294e-09       3.523e-04       4.120e-03       6.353e-03       4.632e-03       1.949e-04       
  3.15      1.383e-27       9.057e-28       6.750e-28       9.527e-28       9.147e-28       4.984e-28       3.566e-10       2.360e-04       2.957e-03       4.701e-03       3.502e-03       1.321e-04       
  3.25      1.021e-30       6.688e-31       4.984e-31       7.035e-31       6.754e-31       3.681e-31       9.689e-11       1.564e-04       2.095e-03       3.435e-03       2.616e-03       8.877e-05       
  3.35      4.655e-34       3.049e-34       2.272e-34       3.207e-34       3.079e-34       1.678e-34       2.595e-11       1.026e-04       1.466e-03       2.478e-03       1.931e-03       5.911e-05       
  3.45      1.289e-37       8.444e-38       6.293e-38       8.881e-38       8.527e-38       4.647e-38       6.843e-12       6.657e-05       1.012e-03       1.764e-03       1.406e-03       3.896e-05       
  3.55      2.357e-41       1.544e-41       1.150e-41       1.624e-41       1.559e-41       8.494e-42       1.774e-12       4.250e-05       6.861e-04       1.233e-03       1.007e-03       2.531e-05       
  3.65      8.577e-45       5.618e-45       4.187e-45       5.909e-45       5.673e-45       3.092e-45       4.753e-13       2.713e-05       4.629e-04       8.573e-04       7.164e-04       1.645e-05       
  3.75      3.233e-48       2.118e-48       1.578e-48       2.227e-48       2.139e-48       1.165e-48       1.271e-13       1.717e-05       3.088e-04       5.890e-04       5.040e-04       1.062e-05       
  3.85      1.113e-51       7.293e-52       5.435e-52       7.671e-52       7.365e-52       4.013e-52       3.392e-14       1.078e-05       2.036e-04       4.000e-04       3.505e-04       6.801e-06       
  3.95      3.526e-55       2.309e-55       1.721e-55       2.429e-55       2.332e-55       1.271e-55       9.036e-15       6.711e-06       1.327e-04       2.683e-04       2.409e-04       4.325e-06       
  4.05      1.032e-58       6.762e-59       5.039e-59       7.112e-59       6.828e-59       3.721e-59       2.398e-15       4.134e-06       8.535e-05       1.775e-04       1.632e-04       2.725e-06       
  4.15      2.808e-62       1.839e-62       1.371e-62       1.935e-62       1.857e-62       1.012e-62       6.375e-16       2.527e-06       5.428e-05       1.161e-04       1.094e-04       1.705e-06       
  4.25      7.126e-66       4.667e-66       3.478e-66       4.909e-66       4.713e-66       2.568e-66       1.733e-16       1.543e-06       3.434e-05       7.545e-05       7.280e-05       1.066e-06       
  4.35      1.698e-69       1.112e-69       8.287e-70       1.170e-69       1.123e-69       6.119e-70       4.790e-17       9.379e-07       2.155e-05       4.861e-05       4.803e-05       6.643e-07       
  4.45      4.079e-73       2.672e-73       1.991e-73       2.810e-73       2.698e-73       1.470e-73       1.333e-17       5.667e-07       1.340e-05       3.100e-05       3.137e-05       4.117e-07       
  4.55      1.315e-76       8.615e-77       6.420e-77       9.062e-77       8.700e-77       4.741e-77       3.727e-18       3.402e-07       8.251e-06       1.957e-05       2.027e-05       2.537e-07       
  4.65      5.661e-80       3.708e-80       2.763e-80       3.900e-80       3.744e-80       2.040e-80       1.048e-18       2.033e-07       5.041e-06       1.225e-05       1.299e-05       1.558e-07       
  4.75      2.568e-83       1.682e-83       1.253e-83       1.769e-83       1.699e-83       9.256e-84       2.983e-19       1.214e-07       3.067e-06       7.624e-06       8.273e-06       9.555e-08       
  4.85      1.179e-86       7.722e-87       5.755e-87       8.122e-87       7.798e-87       4.249e-87       8.662e-20       7.245e-08       1.859e-06       4.725e-06       5.245e-06       5.863e-08       
  4.95      5.063e-90       3.316e-90       2.471e-90       3.488e-90       3.349e-90       1.825e-90       2.570e-20       4.319e-08       1.122e-06       2.913e-06       3.306e-06       3.593e-08       
  5.05      2.266e-93       1.484e-93       1.106e-93       1.561e-93       1.499e-93       8.168e-94       7.740e-21       2.569e-08       6.742e-07       1.786e-06       2.071e-06       2.199e-08       
  5.15      9.140e-97       5.986e-97       4.461e-97       6.297e-97       6.045e-97       3.294e-97       2.356e-21       1.527e-08       4.036e-07       1.090e-06       1.292e-06       1.345e-08       
  5.25      3.720e-100      2.437e-100      1.816e-100      2.563e-100      2.461e-100      1.341e-100      7.253e-22       9.093e-09       2.414e-07       6.645e-07       8.043e-07       8.240e-09       
  5.35      1.462e-103      9.577e-104      7.137e-104      1.007e-103      9.671e-104      5.270e-104      2.265e-22       5.429e-09       1.444e-07       4.047e-07       5.000e-07       5.064e-09       
  5.45      2.605e-107      1.706e-107      1.271e-107      1.795e-107      1.723e-107      9.389e-108      7.214e-23       3.251e-09       8.642e-08       2.464e-07       3.106e-07       3.120e-09       
  5.55      8.061e-111      5.280e-111      3.935e-111      5.554e-111      5.332e-111      2.906e-111      2.348e-23       1.950e-09       5.171e-08       1.498e-07       1.926e-07       1.926e-09       
  5.65      2.916e-114      1.910e-114      1.424e-114      2.009e-114      1.929e-114      1.051e-114      7.798e-24       1.171e-09       3.090e-08       9.091e-08       1.192e-07       1.190e-09       
  5.75      1.266e-117      8.294e-118      6.181e-118      8.724e-118      8.376e-118      4.564e-118      2.631e-24       7.029e-10       1.843e-08       5.504e-08       7.352e-08       7.355e-10       
  5.85      7.041e-121      4.612e-121      3.437e-121      4.851e-121      4.658e-121      2.538e-121      8.977e-25       4.220e-10       1.097e-08       3.324e-08       4.523e-08       4.547e-10       
  5.95      1.623e-124      1.063e-124      7.923e-125      1.118e-124      1.074e-124      5.851e-125      3.091e-25       2.533e-10       6.520e-09       2.002e-08       2.775e-08       2.811e-10       
  6.05      1.048e-127      6.867e-128      5.118e-128      7.223e-128      6.935e-128      3.779e-128      1.073e-25       1.521e-10       3.867e-09       1.203e-08       1.698e-08       1.738e-10       
  6.15      1.688e-131      1.105e-131      8.237e-132      1.163e-131      1.116e-131      6.083e-132      3.751e-26       9.128e-11       2.289e-09       7.212e-09       1.036e-08       1.074e-10       
  6.25      8.688e-135      5.691e-135      4.241e-135      5.985e-135      5.747e-135      3.131e-135      1.321e-26       5.478e-11       1.353e-09       4.314e-09       6.307e-09       6.642e-11       
  6.35      9.954e-139      6.520e-139      4.859e-139      6.858e-139      6.584e-139      3.588e-139      4.680e-27       3.287e-11       7.983e-10       2.575e-09       3.830e-09       4.107e-11       
  6.45      9.022e-143      5.909e-143      4.404e-143      6.216e-143      5.968e-143      3.252e-143      1.669e-27       1.972e-11       4.703e-10       1.533e-09       2.321e-09       2.539e-11       
  6.55      3.517e-146      2.304e-146      1.717e-146      2.423e-146      2.327e-146      1.268e-146      5.989e-28       1.183e-11       2.766e-10       9.114e-10       1.403e-09       1.570e-11       
  6.65      1.372e-149      8.985e-150      6.695e-150      9.450e-150      9.073e-150      4.944e-150      2.162e-28       7.099e-12       1.624e-10       5.407e-10       8.461e-10       9.712e-12       
  6.75      4.750e-153      3.111e-153      2.318e-153      3.272e-153      3.142e-153      1.712e-153      7.846e-29       4.259e-12       9.524e-11       3.201e-10       5.093e-10       6.007e-12       
  6.85      1.437e-156      9.414e-157      7.015e-157      9.902e-157      9.507e-157      5.181e-157      2.863e-29       2.555e-12       5.577e-11       1.892e-10       3.059e-10       3.715e-12       
  6.95      3.440e-160      2.253e-160      1.679e-160      2.370e-160      2.275e-160      1.240e-160      1.050e-29       1.532e-12       3.261e-11       1.116e-10       1.834e-10       2.298e-12       
  7.05      7.835e-164      5.132e-164      3.824e-164      5.398e-164      5.182e-164      2.824e-164      3.873e-30       9.190e-13       1.905e-11       6.572e-11       1.097e-10       1.422e-12       
  7.15      1.575e-167      1.032e-167      7.690e-168      1.085e-167      1.042e-167      5.679e-168      1.435e-30       5.512e-13       1.111e-11       3.863e-11       6.550e-11       8.797e-13       
  7.25      2.748e-171      1.800e-171      1.342e-171      1.894e-171      1.818e-171      9.907e-172      5.342e-31       3.305e-13       6.470e-12       2.267e-11       3.904e-11       5.443e-13       
  7.35      4.166e-175      2.729e-175      2.034e-175      2.870e-175      2.756e-175      1.502e-175      1.998e-31       1.982e-13       3.764e-12       1.329e-11       2.323e-11       3.368e-13       
  7.45      5.466e-179      3.580e-179      2.668e-179      3.766e-179      3.616e-179      1.970e-179      7.504e-32       1.189e-13       2.187e-12       7.773e-12       1.380e-11       2.084e-13       
  7.55      6.214e-183      4.070e-183      3.033e-183      4.281e-183      4.110e-183      2.240e-183      2.831e-32       7.128e-14       1.269e-12       4.541e-12       8.180e-12       1.290e-13       
  7.65      6.105e-187      3.998e-187      2.980e-187      4.206e-187      4.038e-187      2.200e-187      1.073e-32       4.274e-14       7.359e-13       2.648e-12       4.842e-12       7.985e-14       
  7.75      5.174e-191      3.389e-191      2.525e-191      3.564e-191      3.422e-191      1.865e-191      4.080e-33       2.563e-14       4.262e-13       1.543e-12       2.862e-12       4.943e-14       
  7.85      3.755e-195      2.460e-195      1.833e-195      2.587e-195      2.484e-195      1.354e-195      1.558e-33       1.537e-14       2.465e-13       8.972e-13       1.688e-12       3.060e-14       
  8.00      1.774e-201      1.162e-201      8.659e-202      1.222e-201      1.173e-201      6.394e-202      3.703e-34       7.135e-15       1.083e-13       3.969e-13       7.631e-13       1.491e-14       