* De conditionele overschrijdingskans van de zeewaterstand gegeven de windrichting
* voor een 12-uursperiode te Harlingen, gelegen op locatie: 
* 156480, 576550
*
* De getallen zijn afkomstig uit het spreadsheet Afleiding_zeewaterstandstatistiek.xls,               
* tabblad OvKans_Zeewaterstand.
* Speadsheet gemaakt door Matthijs Duits van HKV lijn in water op 29 april 2013
*
* De parameters voor de Weibullverdelingen (geldig voor een winterhalfjaar), die de basis vormen van 
* onderstaande conditionele overschrijdingskansen, zijn ontleend aan:
* Hydra-K, versie 3.6.5. Bestand: hrl.e30
*
* Onderstaand is m de zeewaterstand en r de windrichting
*
*m \ r   30            60            90            120           150           180           210           240           270           300           330           360
1.04     1.000E+00     1.000E+00     1.000E+00     1.000E+00     1.000E+00     1.000E+00     1.000E+00     1.000E+00     1.000E+00     1.000E+00     1.000E+00     1.000E+00
1.14     1.000E+00     1.000E+00     1.000E+00     1.000E+00     1.000E+00     1.000E+00     1.000E+00     4.503E-01     5.965E-01     5.809E-01     4.311E-01     3.005E-01
1.24     1.000E+00     1.000E+00     1.000E+00     1.000E+00     1.000E+00     1.000E+00     1.000E+00     2.027E-01     3.558E-01     3.375E-01     1.858E-01     9.030E-02
1.34     1.000E+00     1.000E+00     1.000E+00     1.000E+00     1.000E+00     1.000E+00     1.000E+00     9.129E-02     2.122E-01     1.961E-01     8.012E-02     2.713E-02
1.44     1.000E+00     1.000E+00     1.000E+00     1.000E+00     1.000E+00     1.000E+00     4.346E-01     7.429E-02     1.871E-01     1.767E-01     7.302E-02     2.196E-02
1.54     1.000E+00     1.000E+00     1.000E+00     1.000E+00     1.000E+00     1.000E+00     1.625E-01     5.975E-02     1.633E-01     1.576E-01     6.595E-02     1.758E-02
1.64     1.000E+00     1.000E+00     1.000E+00     1.000E+00     1.000E+00     1.000E+00     5.937E-02     4.750E-02     1.410E-01     1.393E-01     5.903E-02     1.392E-02
1.74     3.527E-01     2.836E-01     3.077E-01     4.074E-01     3.269E-01     2.328E-01     2.123E-02     3.733E-02     1.204E-01     1.218E-01     5.233E-02     1.091E-02
1.84     5.002E-02     4.022E-02     4.363E-02     5.778E-02     4.636E-02     3.302E-02     7.434E-03     2.901E-02     1.016E-01     1.055E-01     4.596E-02     8.457E-03
1.94     5.569E-03     4.478E-03     4.858E-03     6.433E-03     5.162E-03     3.676E-03     2.551E-03     2.229E-02     8.490E-02     9.038E-02     3.997E-02     6.490E-03
2.04     4.794E-04     3.854E-04     4.181E-04     5.537E-04     4.443E-04     3.165E-04     8.586E-04     1.694E-02     7.012E-02     7.663E-02     3.442E-02     4.931E-03
2.14     3.142E-05     2.526E-05     2.740E-05     3.629E-05     2.912E-05     2.074E-05     2.836E-04     1.273E-02     5.726E-02     6.429E-02     2.934E-02     3.708E-03
2.24     1.544E-06     1.241E-06     1.347E-06     1.783E-06     1.431E-06     1.019E-06     9.197E-05     9.466E-03     4.624E-02     5.335E-02     2.476E-02     2.762E-03
2.34     5.600E-08     4.503E-08     4.885E-08     6.469E-08     5.191E-08     3.697E-08     2.930E-05     6.962E-03     3.691E-02     4.379E-02     2.067E-02     2.037E-03
2.44     1.476E-09     1.187E-09     1.288E-09     1.705E-09     1.368E-09     9.746E-10     9.176E-06     5.067E-03     2.912E-02     3.554E-02     1.708E-02     1.487E-03
2.54     2.785E-11     2.239E-11     2.429E-11     3.217E-11     2.581E-11     1.838E-11     2.826E-06     3.648E-03     2.271E-02     2.853E-02     1.397E-02     1.076E-03
2.64     3.698E-13     2.974E-13     3.226E-13     4.272E-13     3.428E-13     2.441E-13     8.560E-07     2.599E-03     1.751E-02     2.264E-02     1.130E-02     7.712E-04
2.74     3.404E-15     2.737E-15     2.969E-15     3.932E-15     3.155E-15     2.247E-15     2.552E-07     1.833E-03     1.334E-02     1.776E-02     9.035E-03     5.475E-04
2.84     2.137E-17     1.718E-17     1.864E-17     2.468E-17     1.981E-17     1.411E-17     7.492E-08     1.279E-03     1.004E-02     1.377E-02     7.147E-03     3.852E-04
2.94     9.003E-20     7.239E-20     7.853E-20     1.040E-19     8.344E-20     5.943E-20     2.166E-08     8.834E-04     7.467E-03     1.056E-02     5.591E-03     2.685E-04
3.04     2.505E-22     2.014E-22     2.185E-22     2.894E-22     2.322E-22     1.654E-22     6.171E-09     6.040E-04     5.488E-03     7.995E-03     4.324E-03     1.854E-04
3.14     4.528E-25     3.641E-25     3.950E-25     5.231E-25     4.197E-25     2.989E-25     1.732E-09     4.087E-04     3.985E-03     5.983E-03     3.306E-03     1.269E-04
3.24     5.232E-28     4.207E-28     4.563E-28     6.043E-28     4.849E-28     3.454E-28     4.795E-10     2.739E-04     2.859E-03     4.424E-03     2.498E-03     8.613E-05
3.34     3.801E-31     3.056E-31     3.315E-31     4.390E-31     3.523E-31     2.509E-31     1.309E-10     1.817E-04     2.026E-03     3.232E-03     1.866E-03     5.792E-05
3.44     1.708E-34     1.373E-34     1.489E-34     1.972E-34     1.583E-34     1.127E-34     3.524E-11     1.193E-04     1.418E-03     2.332E-03     1.377E-03     3.861E-05
3.54     4.667E-38     3.752E-38     4.070E-38     5.391E-38     4.325E-38     3.081E-38     9.360E-12     7.759E-05     9.805E-04     1.662E-03     1.004E-03     2.552E-05
3.64     7.630E-42     6.135E-42     6.655E-42     8.813E-42     7.071E-42     5.037E-42     2.454E-12     4.996E-05     6.696E-04     1.170E-03     7.237E-04     1.672E-05
3.74     7.339E-46     5.901E-46     6.401E-46     8.477E-46     6.802E-46     4.844E-46     6.351E-13     3.186E-05     4.516E-04     8.132E-04     5.152E-04     1.086E-05
3.84     4.084E-50     3.283E-50     3.562E-50     4.717E-50     3.785E-50     2.696E-50     1.623E-13     2.012E-05     3.008E-04     5.581E-04     3.622E-04     6.995E-06
3.94     1.293E-54     1.039E-54     1.127E-54     1.493E-54     1.198E-54     8.533E-55     4.095E-14     1.258E-05     1.978E-04     3.782E-04     2.515E-04     4.468E-06
4.04     2.289E-59     1.840E-59     1.996E-59     2.644E-59     2.121E-59     1.511E-59     1.021E-14     7.794E-06     1.285E-04     2.530E-04     1.725E-04     2.830E-06
4.14     2.228E-64     1.791E-64     1.943E-64     2.573E-64     2.065E-64     1.471E-64     2.514E-15     4.781E-06     8.240E-05     1.671E-04     1.168E-04     1.777E-06
4.24     1.172E-69     9.427E-70     1.023E-69     1.354E-69     1.087E-69     7.740E-70     6.119E-16     2.906E-06     5.217E-05     1.089E-04     7.811E-05     1.107E-06
4.34     3.279E-75     2.636E-75     2.860E-75     3.787E-75     3.039E-75     2.164E-75     1.472E-16     1.749E-06     3.261E-05     7.007E-05     5.156E-05     6.840E-07
4.44     4.790E-81     3.851E-81     4.178E-81     5.533E-81     4.439E-81     3.162E-81     3.499E-17     1.043E-06     2.013E-05     4.449E-05     3.360E-05     4.191E-07
4.54     3.592E-87     2.888E-87     3.133E-87     4.149E-87     3.329E-87     2.371E-87     8.227E-18     6.161E-07     1.226E-05     2.787E-05     2.161E-05     2.548E-07
4.64     1.360E-93     1.093E-93     1.186E-93     1.570E-93     1.260E-93     8.975E-94     1.912E-18     3.605E-07     7.375E-06     1.723E-05     1.372E-05     1.536E-07
4.74     2.552E-100    2.052E-100    2.226E-100    2.948E-100    2.365E-100    1.684E-100    4.397E-19     2.090E-07     4.378E-06     1.051E-05     8.594E-06     9.188E-08
4.84     2.334E-107    1.877E-107    2.036E-107    2.696E-107    2.164E-107    1.541E-107    1.000E-19     1.201E-07     2.566E-06     6.325E-06     5.313E-06     5.452E-08
4.94     1.023E-114    8.224E-115    8.921E-115    1.181E-114    9.479E-115    6.752E-115    2.250E-20     6.834E-08     1.484E-06     3.754E-06     3.241E-06     3.210E-08
5.04     2.109E-122    1.696E-122    1.839E-122    2.436E-122    1.955E-122    1.392E-122    5.008E-21     3.854E-08     8.471E-07     2.198E-06     1.950E-06     1.875E-08
5.14     2.011E-130    1.617E-130    1.754E-130    2.323E-130    1.864E-130    1.327E-130    1.103E-21     2.154E-08     4.772E-07     1.270E-06     1.158E-06     1.086E-08
5.24     8.712E-139    7.005E-139    7.599E-139    1.006E-138    8.075E-139    5.751E-139    2.406E-22     1.192E-08     2.653E-07     7.232E-07     6.780E-07     6.246E-09
5.34     1.685E-147    1.355E-147    1.470E-147    1.946E-147    1.562E-147    1.112E-147    5.192E-23     6.543E-09     1.456E-07     4.062E-07     3.916E-07     3.564E-09
5.44     1.429E-156    1.149E-156    1.246E-156    1.651E-156    1.324E-156    9.433E-157    1.109E-23     3.558E-09     7.880E-08     2.250E-07     2.231E-07     2.018E-09
5.54     5.221E-166    4.198E-166    4.554E-166    6.031E-166    4.839E-166    3.447E-166    2.346E-24     1.917E-09     4.210E-08     1.229E-07     1.253E-07     1.134E-09
5.64     8.074E-176    6.492E-176    7.042E-176    9.327E-176    7.483E-176    5.330E-176    4.915E-25     1.024E-09     2.219E-08     6.618E-08     6.944E-08     6.320E-10
5.74     5.190E-186    4.173E-186    4.527E-186    5.995E-186    4.810E-186    3.426E-186    1.020E-25     5.419E-10     1.154E-08     3.514E-08     3.793E-08     3.497E-10
5.84     1.362E-196    1.095E-196    1.188E-196    1.574E-196    1.263E-196    8.994E-197    2.095E-26     2.843E-10     5.922E-09     1.839E-08     2.043E-08     1.920E-10
5.94     1.434E-207    1.153E-207    1.251E-207    1.657E-207    1.329E-207    9.468E-208    4.263E-27     1.478E-10     2.998E-09     9.488E-09     1.084E-08     1.047E-10
6.04     5.947E-219    4.782E-219    5.187E-219    6.870E-219    5.512E-219    3.926E-219    8.593E-28     7.616E-11     1.497E-09     4.825E-09     5.676E-09     5.662E-11
6.14     9.540E-231    7.671E-231    8.321E-231    1.102E-230    8.842E-231    6.298E-231    1.716E-28     3.890E-11     7.378E-10     2.419E-09     2.928E-09     3.040E-11
6.24     5.814E-243    4.675E-243    5.071E-243    6.716E-243    5.388E-243    3.838E-243    3.397E-29     1.970E-11     3.586E-10     1.195E-09     1.489E-09     1.620E-11
6.34     1.322E-255    1.063E-255    1.153E-255    1.527E-255    1.225E-255    8.726E-256    6.661E-30     9.886E-12     1.719E-10     5.817E-10     7.460E-10     8.570E-12
6.44     1.101E-268    8.852E-269    9.603E-269    1.272E-268    1.020E-268    7.268E-269    1.294E-30     4.918E-12     8.131E-11     2.790E-10     3.684E-10     4.500E-12
6.54     3.299E-282    2.652E-282    2.877E-282    3.811E-282    3.057E-282    2.178E-282    2.493E-31     2.426E-12     3.793E-11     1.319E-10     1.792E-10     2.346E-12