* De conditionele overschrijdingskans van de windsnelheid gegeven de windrichting
* voor een 12-uursperiode te IJmuiden. 
*
* De getallen zijn afkomstig uit het spreadsheet Afleiding_windsnelheidstatistiek.xls,               
* tabblad OvKans_Windsnelheid.
* Speadsheet gemaakt door Matthijs Duits van HKV lijn in water op 1 mei 2013
*
* De parameters voor de Weibullverdelingen (geldig voor een winterhalfjaar), die de basis vormen van 
* onderstaande conditionele overschrijdingskansen, zijn ontleend aan:
* Hydra-K, versie 3.6.5. Bestand: w-yms.e30
*
* Onderstaand is u de windsnelheid en r de windrichting
*
*u \ r  30            60            90            120           150           180           210           240           270           300           330           360
0       1.000E+00     1.000E+00     1.000E+00     1.000E+00     1.000E+00     1.000E+00     1.000E+00     1.000E+00     1.000E+00     1.000E+00     1.000E+00     1.000E+00
1       9.815E-01     9.621E-01     9.644E-01     9.776E-01     9.657E-01     9.698E-01     9.664E-01     9.663E-01     9.692E-01     9.623E-01     9.694E-01     9.582E-01
2       9.274E-01     9.038E-01     9.059E-01     9.304E-01     9.145E-01     9.277E-01     9.251E-01     9.226E-01     9.239E-01     9.108E-01     9.186E-01     8.895E-01
3       8.415E-01     8.244E-01     8.242E-01     8.557E-01     8.433E-01     8.709E-01     8.742E-01     8.684E-01     8.657E-01     8.473E-01     8.500E-01     7.993E-01
4       7.324E-01     7.275E-01     7.235E-01     7.567E-01     7.537E-01     7.994E-01     8.136E-01     8.048E-01     7.972E-01     7.743E-01     7.673E-01     6.948E-01
5       6.107E-01     6.192E-01     6.111E-01     6.408E-01     6.502E-01     7.155E-01     7.444E-01     7.335E-01     7.212E-01     6.948E-01     6.755E-01     5.843E-01
6       4.875E-01     5.072E-01     4.953E-01     5.181E-01     5.395E-01     6.226E-01     6.683E-01     6.569E-01     6.409E-01     6.121E-01     5.797E-01     4.750E-01
7       3.723E-01     3.989E-01     3.845E-01     3.987E-01     4.293E-01     5.257E-01     5.879E-01     5.775E-01     5.593E-01     5.292E-01     4.847E-01     3.733E-01
8       2.719E-01     3.007E-01     2.854E-01     2.913E-01     3.266E-01     4.296E-01     5.061E-01     4.982E-01     4.793E-01     4.488E-01     3.948E-01     2.836E-01
9       1.898E-01     2.168E-01     2.021E-01     2.015E-01     2.370E-01     3.393E-01     4.256E-01     4.214E-01     4.033E-01     3.734E-01     3.132E-01     2.081E-01
10      1.265E-01     1.493E-01     1.364E-01     1.318E-01     1.636E-01     2.584E-01     3.493E-01     3.492E-01     3.332E-01     3.046E-01     2.419E-01     1.476E-01
11      8.058E-02     9.810E-02     8.760E-02     8.130E-02     1.072E-01     1.894E-01     2.795E-01     2.834E-01     2.701E-01     2.436E-01     1.819E-01     1.011E-01
12      4.898E-02     6.137E-02     5.345E-02     4.721E-02     6.655E-02     1.335E-01     2.177E-01     2.251E-01     2.150E-01     1.909E-01     1.331E-01     6.685E-02
13      2.842E-02     3.651E-02     3.095E-02     2.577E-02     3.904E-02     9.023E-02     1.648E-01     1.749E-01     1.679E-01     1.466E-01     9.475E-02     4.268E-02
14      1.573E-02     2.063E-02     1.698E-02     1.320E-02     2.160E-02     5.845E-02     1.213E-01     1.328E-01     1.286E-01     1.102E-01     6.562E-02     2.630E-02
15      8.303E-03     1.105E-02     8.821E-03     6.330E-03     1.125E-02     3.621E-02     8.654E-02     9.851E-02     9.670E-02     8.115E-02     4.420E-02     1.564E-02
16      4.179E-03     5.611E-03     4.333E-03     2.840E-03     5.503E-03     2.143E-02     5.984E-02     7.136E-02     7.131E-02     5.846E-02     2.896E-02     8.975E-03
17      2.009E-03     2.694E-03     2.010E-03     1.212E-03     2.524E-03     1.210E-02     4.005E-02     5.043E-02     5.157E-02     4.120E-02     1.844E-02     4.967E-03
18      9.202E-04     1.303E-03     9.253E-04     4.823E-04     1.149E-03     6.506E-03     2.591E-02     3.475E-02     3.658E-02     2.838E-02     1.142E-02     2.650E-03
19      4.016E-04     5.972E-04     4.026E-04     1.789E-04     4.902E-04     3.327E-03     1.618E-02     2.333E-02     2.543E-02     1.910E-02     6.871E-03     1.441E-03
20      1.670E-04     2.591E-04     1.653E-04     6.175E-05     1.958E-04     1.616E-03     9.735E-03     1.525E-02     1.734E-02     1.255E-02     4.018E-03     7.571E-04
21      6.615E-05     1.063E-04     6.406E-05     1.981E-05     7.307E-05     7.888E-04     5.636E-03     9.692E-03     1.158E-02     8.036E-03     2.367E-03     3.845E-04
22      2.495E-05     4.124E-05     2.339E-05     5.900E-06     2.546E-05     3.660E-04     3.133E-03     5.984E-03     7.584E-03     5.014E-03     1.356E-03     1.888E-04
23      8.960E-06     1.510E-05     8.047E-06     1.629E-06     8.267E-06     1.612E-04     1.669E-03     3.584E-03     4.864E-03     3.042E-03     7.560E-04     8.957E-05
24      3.063E-06     5.221E-06     2.605E-06     4.168E-07     2.499E-06     6.733E-05     9.537E-04     2.079E-03     3.055E-03     2.003E-03     4.098E-04     4.107E-05
25      9.966E-07     1.702E-06     7.933E-07     9.864E-08     7.024E-07     2.665E-05     5.266E-04     1.300E-03     1.879E-03     1.294E-03     2.160E-04     1.820E-05
26      3.086E-07     5.228E-07     2.271E-07     2.158E-08     1.833E-07     9.981E-06     2.808E-04     7.938E-04     1.199E-03     8.203E-04     1.107E-04     7.792E-06
27      9.091E-08     1.512E-07     6.104E-08     4.359E-09     4.435E-08     3.536E-06     1.445E-04     4.733E-04     7.506E-04     5.103E-04     5.519E-05     3.224E-06
28      2.548E-08     4.118E-08     1.540E-08     8.121E-10     9.941E-09     1.183E-06     7.169E-05     2.755E-04     4.615E-04     3.114E-04     2.674E-05     1.289E-06
29      6.793E-09     1.054E-08     3.647E-09     1.394E-10     2.061E-09     3.737E-07     3.430E-05     1.565E-04     2.786E-04     1.865E-04     1.260E-05     4.980E-07
30      1.723E-09     2.537E-09     8.093E-10     2.204E-11     3.950E-10     1.113E-07     1.581E-05     8.676E-05     1.651E-04     1.096E-04     5.770E-06     1.859E-07
31      4.153E-10     5.736E-10     1.683E-10     3.204E-12     6.986E-11     3.124E-08     7.015E-06     4.692E-05     9.606E-05     6.316E-05     2.568E-06     6.702E-08
32      9.522E-11     1.217E-10     3.277E-11     4.280E-13     1.139E-11     8.252E-09     2.996E-06     2.475E-05     5.486E-05     3.571E-05     1.111E-06     2.335E-08
33      2.075E-11     2.424E-11     5.973E-12     5.249E-14     1.711E-12     2.051E-09     1.231E-06     1.273E-05     3.076E-05     1.981E-05     4.672E-07     7.859E-09
34      4.300E-12     4.525E-12     1.018E-12     5.906E-15     2.364E-13     4.788E-10     4.861E-07     6.388E-06     1.693E-05     1.078E-05     1.909E-07     2.556E-09
35      8.467E-13     7.917E-13     1.623E-13     6.090E-16     3.002E-14     1.050E-10     1.845E-07     3.124E-06     9.147E-06     5.752E-06     7.583E-08     8.027E-10
36      1.585E-13     1.297E-13     2.417E-14     5.752E-17     3.501E-15     2.160E-11     6.723E-08     1.489E-06     4.851E-06     3.011E-06     2.926E-08     2.436E-10
37      2.818E-14     1.990E-14     3.361E-15     4.970E-18     3.743E-16     4.167E-12     2.352E-08     6.919E-07     2.525E-06     1.546E-06     1.097E-08     7.140E-11
38      4.761E-15     2.857E-15     4.363E-16     3.926E-19     3.668E-17     7.528E-13     7.895E-09     3.132E-07     1.290E-06     7.788E-07     3.998E-09     2.022E-11
39      7.643E-16     3.835E-16     5.285E-17     2.834E-20     3.289E-18     1.273E-13     2.541E-09     1.382E-07     6.471E-07     3.847E-07     1.415E-09     5.529E-12
40      1.165E-16     4.812E-17     5.969E-18     1.867E-21     2.698E-19     2.014E-14     7.841E-10     5.936E-08     3.185E-07     1.864E-07     4.868E-10     1.460E-12
41      1.688E-17     5.641E-18     6.283E-19     1.122E-22     2.021E-20     2.978E-15     2.318E-10     2.484E-08     1.539E-07     8.854E-08     1.626E-10     3.726E-13
42      2.322E-18     6.174E-19     6.162E-20     6.145E-24     1.382E-21     4.113E-16     6.563E-11     1.012E-08     7.298E-08     4.126E-08     5.278E-11     9.182E-14
43      3.033E-19     6.307E-20     5.627E-21     3.065E-25     8.620E-23     5.300E-17     1.779E-11     4.016E-09     3.397E-08     1.885E-08     1.664E-11     2.185E-14
44      3.762E-20     6.011E-21     4.783E-22     1.392E-26     4.897E-24     6.370E-18     4.612E-12     1.551E-09     1.551E-08     8.447E-09     5.096E-12     5.023E-15
45      4.430E-21     5.341E-22     3.782E-23     5.746E-28     2.532E-25     7.135E-19     1.144E-12     5.832E-10     6.955E-09     3.712E-09     1.516E-12     1.115E-15
46      4.953E-22     4.424E-23     2.781E-24     2.156E-29     1.191E-26     7.443E-20     2.711E-13     2.134E-10     3.060E-09     1.599E-09     4.379E-13     2.391E-16
47      5.256E-23     3.413E-24     1.901E-25     7.349E-31     5.089E-28     7.225E-21     6.143E-14     7.599E-11     1.321E-09     6.757E-10     1.229E-13     4.950E-17
48      5.295E-24     2.452E-25     1.208E-26     2.273E-32     1.974E-29     6.523E-22     1.329E-14     2.633E-11     5.599E-10     2.799E-10     3.347E-14     9.898E-18
49      5.063E-25     1.640E-26     7.123E-28     6.377E-34     6.945E-31     5.473E-23     2.746E-15     8.875E-12     2.328E-10     1.137E-10     8.857E-15     1.911E-18
50      4.594E-26     1.020E-27     3.901E-29     1.621E-35     2.214E-32     4.265E-24     5.414E-16     2.910E-12     9.502E-11     4.529E-11     2.276E-15     3.564E-19
51      3.956E-27     5.905E-29     1.983E-30     3.734E-37     6.394E-34     3.085E-25     1.018E-16     9.280E-13     3.806E-11     1.769E-11     5.678E-16     6.416E-20
52      3.232E-28     3.176E-30     9.346E-32     7.784E-39     1.670E-35     2.070E-26     1.827E-17     2.878E-13     1.496E-11     6.771E-12     1.376E-16     1.116E-20
53      2.506E-29     1.588E-31     4.086E-33     1.468E-40     3.944E-37     1.287E-27     3.123E-18     8.679E-14     5.768E-12     2.542E-12     3.236E-17     1.873E-21
54      1.843E-30     7.370E-33     1.655E-34     2.502E-42     8.414E-39     7.414E-29     5.088E-19     2.545E-14     2.183E-12     9.354E-13     7.391E-18     3.036E-22
55      1.286E-31     3.177E-34     6.215E-36     3.853E-44     1.620E-40     3.954E-30     7.896E-20     7.253E-15     8.106E-13     3.375E-13     1.639E-18     4.752E-23