* De conditionele overschrijdingskans van de potentiële windsnelheid, gegeven de windrichting
* voor een 12-uursperiode te IJmuiden. Met onzekerheid.
* 
* Het waterstandsbereik waarvoor de overschrijdingskansen zijn 0.0 m/s en 2.0 m/s tot 42.00 m/s
* met een stapgrootte van 0.5 m/s.
*
* Door: G.W.F. Rongen van HKV lijn in water
* Project: PR3280.14
*
* u (m/s)   30              60              90              120             150             180             210             240             270             300             330             360
  0.00      1.000e+00       1.000e+00       1.000e+00       1.000e+00       1.000e+00       1.000e+00       1.000e+00       1.000e+00       1.000e+00       1.000e+00       1.000e+00       1.000e+00       
  2.00      9.903e-01       9.913e-01       9.911e-01       9.735e-01       9.836e-01       9.882e-01       9.956e-01       9.968e-01       9.931e-01       9.913e-01       9.885e-01       9.831e-01       
  2.50      9.879e-01       9.892e-01       9.889e-01       9.670e-01       9.795e-01       9.852e-01       9.944e-01       9.960e-01       9.914e-01       9.891e-01       9.856e-01       9.789e-01       
  3.00      9.847e-01       9.862e-01       9.860e-01       9.560e-01       9.726e-01       9.819e-01       9.930e-01       9.950e-01       9.895e-01       9.865e-01       9.820e-01       9.738e-01       
  3.50      9.722e-01       9.741e-01       9.737e-01       9.049e-01       9.411e-01       9.743e-01       9.878e-01       9.899e-01       9.838e-01       9.794e-01       9.686e-01       9.556e-01       
  4.00      9.419e-01       9.460e-01       9.382e-01       8.189e-01       8.882e-01       9.557e-01       9.758e-01       9.747e-01       9.689e-01       9.674e-01       9.356e-01       9.009e-01       
  4.50      9.044e-01       9.182e-01       8.879e-01       7.325e-01       8.137e-01       9.340e-01       9.635e-01       9.651e-01       9.548e-01       9.526e-01       9.121e-01       8.561e-01       
  5.00      8.346e-01       8.797e-01       8.185e-01       6.465e-01       7.280e-01       8.965e-01       9.461e-01       9.500e-01       9.370e-01       9.317e-01       8.830e-01       8.133e-01       
  5.50      7.745e-01       8.325e-01       7.531e-01       5.530e-01       6.438e-01       8.491e-01       9.308e-01       9.343e-01       9.193e-01       9.079e-01       8.562e-01       7.685e-01       
  6.00      6.996e-01       7.688e-01       6.777e-01       4.512e-01       5.454e-01       7.893e-01       9.094e-01       9.111e-01       8.918e-01       8.762e-01       8.228e-01       7.252e-01       
  6.50      6.371e-01       7.072e-01       6.112e-01       3.678e-01       4.669e-01       7.266e-01       8.785e-01       8.839e-01       8.611e-01       8.510e-01       7.840e-01       6.851e-01       
  7.00      5.673e-01       6.349e-01       5.242e-01       2.937e-01       3.954e-01       6.649e-01       8.480e-01       8.524e-01       8.307e-01       8.137e-01       7.340e-01       6.239e-01       
  7.50      5.009e-01       5.744e-01       4.469e-01       2.311e-01       3.299e-01       6.084e-01       8.164e-01       8.149e-01       7.943e-01       7.720e-01       6.891e-01       5.707e-01       
  8.00      4.302e-01       5.218e-01       3.814e-01       1.706e-01       2.678e-01       5.552e-01       7.855e-01       7.827e-01       7.567e-01       7.261e-01       6.459e-01       5.198e-01       
  8.50      3.663e-01       4.632e-01       3.186e-01       1.176e-01       2.169e-01       4.948e-01       7.512e-01       7.457e-01       7.133e-01       6.700e-01       5.983e-01       4.638e-01       
  9.00      3.093e-01       3.965e-01       2.579e-01       7.942e-02       1.761e-01       4.335e-01       7.154e-01       7.053e-01       6.725e-01       6.154e-01       5.443e-01       4.068e-01       
  9.50      2.584e-01       3.298e-01       2.049e-01       5.426e-02       1.367e-01       3.715e-01       6.665e-01       6.558e-01       6.285e-01       5.576e-01       4.885e-01       3.575e-01       
  10.00     2.145e-01       2.685e-01       1.637e-01       3.740e-02       1.013e-01       3.187e-01       6.128e-01       6.033e-01       5.816e-01       5.091e-01       4.384e-01       3.223e-01       
  10.50     1.756e-01       2.159e-01       1.305e-01       2.582e-02       7.409e-02       2.721e-01       5.625e-01       5.525e-01       5.328e-01       4.626e-01       3.896e-01       2.877e-01       
  11.00     1.395e-01       1.687e-01       1.033e-01       1.783e-02       5.516e-02       2.331e-01       5.140e-01       5.014e-01       4.880e-01       4.176e-01       3.428e-01       2.450e-01       
  11.50     1.088e-01       1.276e-01       8.006e-02       1.232e-02       4.179e-02       1.987e-01       4.664e-01       4.490e-01       4.410e-01       3.732e-01       2.950e-01       1.988e-01       
  12.00     8.321e-02       9.445e-02       6.108e-02       8.507e-03       3.179e-02       1.663e-01       4.163e-01       3.983e-01       3.921e-01       3.296e-01       2.481e-01       1.620e-01       
  12.50     6.236e-02       6.774e-02       4.444e-02       5.866e-03       2.419e-02       1.351e-01       3.637e-01       3.504e-01       3.470e-01       2.852e-01       2.051e-01       1.333e-01       
  13.00     4.643e-02       4.631e-02       3.047e-02       4.011e-03       1.841e-02       1.063e-01       3.104e-01       3.028e-01       3.044e-01       2.398e-01       1.686e-01       1.090e-01       
  13.50     3.456e-02       3.052e-02       2.039e-02       2.697e-03       1.402e-02       8.350e-02       2.621e-01       2.577e-01       2.643e-01       1.978e-01       1.380e-01       8.704e-02       
  14.00     2.572e-02       1.984e-02       1.361e-02       1.785e-03       1.067e-02       6.577e-02       2.202e-01       2.179e-01       2.281e-01       1.625e-01       1.129e-01       6.752e-02       
  14.50     1.915e-02       1.288e-02       9.079e-03       1.175e-03       8.124e-03       5.057e-02       1.835e-01       1.831e-01       1.951e-01       1.330e-01       9.264e-02       5.169e-02       
  15.00     1.425e-02       8.362e-03       6.062e-03       7.719e-04       6.183e-03       3.749e-02       1.504e-01       1.518e-01       1.640e-01       1.079e-01       7.512e-02       3.948e-02       
  15.50     1.061e-02       5.437e-03       4.059e-03       5.074e-04       4.694e-03       2.726e-02       1.195e-01       1.227e-01       1.358e-01       8.687e-02       5.981e-02       3.016e-02       
  16.00     7.872e-03       3.551e-03       2.739e-03       3.336e-04       3.539e-03       1.986e-02       9.200e-02       9.621e-02       1.106e-01       6.938e-02       4.715e-02       2.304e-02       
  16.50     5.800e-03       2.338e-03       1.876e-03       2.194e-04       2.638e-03       1.455e-02       6.976e-02       7.341e-02       8.849e-02       5.458e-02       3.709e-02       1.760e-02       
  17.00     4.220e-03       1.553e-03       1.304e-03       1.444e-04       1.945e-03       1.069e-02       5.278e-02       5.552e-02       6.963e-02       4.243e-02       2.916e-02       1.344e-02       
  17.50     3.033e-03       1.037e-03       9.148e-04       9.499e-05       1.425e-03       7.856e-03       3.999e-02       4.248e-02       5.388e-02       3.284e-02       2.294e-02       1.026e-02       
  18.00     2.163e-03       6.936e-04       6.437e-04       6.253e-05       1.042e-03       5.775e-03       3.042e-02       3.307e-02       4.122e-02       2.539e-02       1.804e-02       7.811e-03       
  18.50     1.539e-03       4.644e-04       4.533e-04       4.117e-05       7.617e-04       4.244e-03       2.325e-02       2.592e-02       3.147e-02       1.963e-02       1.419e-02       5.903e-03       
  19.00     1.095e-03       3.110e-04       3.193e-04       2.711e-05       5.569e-04       3.117e-03       1.776e-02       2.028e-02       2.408e-02       1.518e-02       1.116e-02       4.413e-03       
  19.50     7.785e-04       2.083e-04       2.250e-04       1.786e-05       4.072e-04       2.284e-03       1.351e-02       1.581e-02       1.846e-02       1.174e-02       8.770e-03       3.262e-03       
  20.00     5.538e-04       1.395e-04       1.585e-04       1.177e-05       2.978e-04       1.668e-03       1.024e-02       1.230e-02       1.417e-02       9.078e-03       6.879e-03       2.393e-03       
  20.50     3.941e-04       9.352e-05       1.117e-04       7.754e-06       2.178e-04       1.214e-03       7.754e-03       9.566e-03       1.087e-02       7.020e-03       5.373e-03       1.749e-03       
  21.00     2.804e-04       6.268e-05       7.875e-05       5.112e-06       1.594e-04       8.809e-04       5.870e-03       7.439e-03       8.345e-03       5.425e-03       4.170e-03       1.277e-03       
  21.50     1.996e-04       4.203e-05       5.552e-05       3.370e-06       1.166e-04       6.385e-04       4.444e-03       5.786e-03       6.405e-03       4.186e-03       3.216e-03       9.328e-04       
  22.00     1.421e-04       2.818e-05       3.915e-05       2.223e-06       8.533e-05       4.626e-04       3.365e-03       4.500e-03       4.916e-03       3.219e-03       2.468e-03       6.813e-04       
  22.50     1.012e-04       1.890e-05       2.761e-05       1.467e-06       6.245e-05       3.352e-04       2.548e-03       3.501e-03       3.773e-03       2.462e-03       1.889e-03       4.976e-04       
  23.00     7.204e-05       1.268e-05       1.948e-05       9.677e-07       4.571e-05       2.429e-04       1.929e-03       2.724e-03       2.894e-03       1.874e-03       1.444e-03       3.636e-04       
  23.50     5.131e-05       8.511e-06       1.374e-05       6.387e-07       3.347e-05       1.761e-04       1.460e-03       2.120e-03       2.218e-03       1.419e-03       1.105e-03       2.656e-04       
  24.00     3.655e-05       5.713e-06       9.697e-06       4.217e-07       2.450e-05       1.276e-04       1.104e-03       1.651e-03       1.699e-03       1.073e-03       8.447e-04       1.941e-04       
  24.50     2.604e-05       3.835e-06       6.844e-06       2.785e-07       1.794e-05       9.253e-05       8.343e-04       1.287e-03       1.300e-03       8.096e-04       6.460e-04       1.419e-04       
  25.00     1.856e-05       2.576e-06       4.831e-06       1.839e-07       1.314e-05       6.710e-05       6.301e-04       1.004e-03       9.950e-04       6.110e-04       4.941e-04       1.037e-04       
  25.50     1.323e-05       1.730e-06       3.411e-06       1.215e-07       9.627e-06       4.866e-05       4.757e-04       7.839e-04       7.612e-04       4.611e-04       3.780e-04       7.582e-05       
  26.00     9.428e-06       1.162e-06       2.409e-06       8.031e-08       7.053e-06       3.530e-05       3.591e-04       6.123e-04       5.824e-04       3.480e-04       2.892e-04       5.544e-05       
  26.50     6.722e-06       7.810e-07       1.701e-06       5.308e-08       5.168e-06       2.561e-05       2.710e-04       4.784e-04       4.456e-04       2.627e-04       2.212e-04       4.054e-05       
  27.00     4.793e-06       5.249e-07       1.202e-06       3.510e-08       3.787e-06       1.858e-05       2.046e-04       3.739e-04       3.410e-04       1.983e-04       1.693e-04       2.965e-05       
  27.50     3.418e-06       3.529e-07       8.490e-07       2.321e-08       2.776e-06       1.348e-05       1.545e-04       2.922e-04       2.609e-04       1.497e-04       1.296e-04       2.169e-05       
  28.00     2.438e-06       2.373e-07       5.999e-07       1.535e-08       2.035e-06       9.784e-06       1.167e-04       2.284e-04       1.997e-04       1.130e-04       9.916e-05       1.587e-05       
  28.50     1.740e-06       1.596e-07       4.240e-07       1.016e-08       1.492e-06       7.102e-06       8.809e-05       1.786e-04       1.529e-04       8.537e-05       7.590e-05       1.161e-05       
  29.00     1.241e-06       1.074e-07       2.997e-07       6.723e-09       1.094e-06       5.156e-06       6.653e-05       1.396e-04       1.170e-04       6.448e-05       5.811e-05       8.498e-06       
  29.50     8.859e-07       7.225e-08       2.119e-07       4.451e-09       8.021e-07       3.744e-06       5.026e-05       1.091e-04       8.960e-05       4.870e-05       4.449e-05       6.220e-06       
  30.00     6.323e-07       4.862e-08       1.498e-07       2.947e-09       5.883e-07       2.719e-06       3.797e-05       8.535e-05       6.860e-05       3.679e-05       3.406e-05       4.553e-06       
  30.50     4.514e-07       3.273e-08       1.060e-07       1.952e-09       4.315e-07       1.975e-06       2.868e-05       6.674e-05       5.253e-05       2.780e-05       2.608e-05       3.333e-06       
  31.00     3.223e-07       2.204e-08       7.497e-08       1.293e-09       3.166e-07       1.434e-06       2.167e-05       5.220e-05       4.023e-05       2.100e-05       1.998e-05       2.441e-06       
  31.50     2.302e-07       1.484e-08       5.304e-08       8.566e-10       2.323e-07       1.042e-06       1.638e-05       4.083e-05       3.082e-05       1.587e-05       1.530e-05       1.787e-06       
  32.00     1.644e-07       9.999e-09       3.753e-08       5.677e-10       1.705e-07       7.572e-07       1.238e-05       3.193e-05       2.361e-05       1.200e-05       1.172e-05       1.309e-06       
  32.50     1.174e-07       6.737e-09       2.656e-08       3.763e-10       1.251e-07       5.503e-07       9.357e-06       2.498e-05       1.808e-05       9.068e-06       8.979e-06       9.590e-07       
  33.00     8.390e-08       4.540e-09       1.880e-08       2.495e-10       9.184e-08       4.000e-07       7.073e-06       1.954e-05       1.385e-05       6.855e-06       6.879e-06       7.026e-07       
  33.50     5.995e-08       3.060e-09       1.331e-08       1.655e-10       6.742e-08       2.908e-07       5.348e-06       1.529e-05       1.062e-05       5.183e-06       5.271e-06       5.148e-07       
  34.00     4.285e-08       2.063e-09       9.425e-09       1.098e-10       4.951e-08       2.114e-07       4.044e-06       1.197e-05       8.135e-06       3.919e-06       4.039e-06       3.773e-07       
  34.50     3.063e-08       1.391e-09       6.675e-09       7.284e-11       3.635e-08       1.537e-07       3.058e-06       9.364e-06       6.235e-06       2.963e-06       3.096e-06       2.765e-07       
  35.00     2.190e-08       9.384e-10       4.728e-09       4.834e-11       2.670e-08       1.118e-07       2.313e-06       7.329e-06       4.779e-06       2.241e-06       2.373e-06       2.027e-07       
  35.50     1.566e-08       6.331e-10       3.350e-09       3.209e-11       1.961e-08       8.132e-08       1.749e-06       5.736e-06       3.663e-06       1.695e-06       1.819e-06       1.486e-07       
  36.00     1.120e-08       4.272e-10       2.373e-09       2.131e-11       1.441e-08       5.915e-08       1.323e-06       4.490e-06       2.808e-06       1.282e-06       1.394e-06       1.090e-07       
  36.50     8.008e-09       2.883e-10       1.682e-09       1.415e-11       1.059e-08       4.304e-08       1.001e-06       3.515e-06       2.153e-06       9.702e-07       1.069e-06       7.991e-08       
  37.00     5.729e-09       1.946e-10       1.192e-09       9.399e-12       7.779e-09       3.132e-08       7.575e-07       2.752e-06       1.651e-06       7.341e-07       8.198e-07       5.861e-08       
  37.50     4.099e-09       1.314e-10       8.451e-10       6.245e-12       5.717e-09       2.279e-08       5.732e-07       2.155e-06       1.266e-06       5.555e-07       6.287e-07       4.299e-08       
  38.00     2.933e-09       8.875e-11       5.992e-10       4.150e-12       4.202e-09       1.659e-08       4.338e-07       1.687e-06       9.711e-07       4.204e-07       4.822e-07       3.154e-08       
  38.50     2.099e-09       5.995e-11       4.249e-10       2.759e-12       3.089e-09       1.208e-08       3.283e-07       1.321e-06       7.448e-07       3.182e-07       3.698e-07       2.314e-08       
  39.00     1.503e-09       4.050e-11       3.014e-10       1.834e-12       2.271e-09       8.793e-09       2.485e-07       1.035e-06       5.714e-07       2.409e-07       2.837e-07       1.698e-08       
  39.50     1.076e-09       2.737e-11       2.138e-10       1.220e-12       1.670e-09       6.403e-09       1.882e-07       8.105e-07       4.383e-07       1.823e-07       2.176e-07       1.246e-08       
  40.00     7.703e-10       1.850e-11       1.517e-10       8.114e-13       1.228e-09       4.663e-09       1.425e-07       6.349e-07       3.363e-07       1.381e-07       1.670e-07       9.149e-09       
  40.50     5.517e-10       1.251e-11       1.076e-10       5.398e-13       9.034e-10       3.397e-09       1.079e-07       4.973e-07       2.581e-07       1.045e-07       1.281e-07       6.716e-09       
  41.00     3.951e-10       8.456e-12       7.639e-11       3.592e-13       6.646e-10       2.474e-09       8.169e-08       3.896e-07       1.980e-07       7.917e-08       9.833e-08       4.931e-09       
  41.50     2.831e-10       5.719e-12       5.422e-11       2.391e-13       4.889e-10       1.803e-09       6.187e-08       3.053e-07       1.520e-07       5.996e-08       7.547e-08       3.621e-09       
  42.00     2.028e-10       3.869e-12       3.850e-11       1.592e-13       3.598e-10       1.314e-09       4.686e-08       2.392e-07       1.167e-07       4.542e-08       5.792e-08       2.659e-09       