* De conditionele overschrijdingskans van de potentiële windsnelheid, gegeven de windrichting
* voor een 12-uursperiode te West Terschelling. Met onzekerheid.
* 
* Het waterstandsbereik waarvoor de overschrijdingskansen zijn 0.0 m/s en 2.0 m/s tot 42.00 m/s
* met een stapgrootte van 0.5 m/s.
*
* Door: G.W.F. Rongen van HKV lijn in water
* Project: PR3280.14
*
* u (m/s)   30              60              90              120             150             180             210             240             270             300             330             360
  0.00      1.000e+00       1.000e+00       1.000e+00       1.000e+00       1.000e+00       1.000e+00       1.000e+00       1.000e+00       1.000e+00       1.000e+00       1.000e+00       1.000e+00       
  2.00      9.948e-01       9.867e-01       9.931e-01       9.922e-01       9.894e-01       9.970e-01       9.959e-01       9.972e-01       9.941e-01       9.930e-01       9.927e-01       9.892e-01       
  2.50      9.927e-01       9.831e-01       9.901e-01       9.895e-01       9.845e-01       9.957e-01       9.946e-01       9.961e-01       9.925e-01       9.903e-01       9.901e-01       9.855e-01       
  3.00      9.813e-01       9.763e-01       9.770e-01       9.789e-01       9.628e-01       9.894e-01       9.906e-01       9.912e-01       9.887e-01       9.799e-01       9.806e-01       9.739e-01       
  3.50      9.543e-01       9.608e-01       9.615e-01       9.527e-01       9.457e-01       9.794e-01       9.809e-01       9.845e-01       9.814e-01       9.673e-01       9.648e-01       9.619e-01       
  4.00      9.220e-01       9.276e-01       9.370e-01       9.211e-01       9.197e-01       9.626e-01       9.649e-01       9.686e-01       9.669e-01       9.502e-01       9.494e-01       9.316e-01       
  4.50      8.755e-01       8.926e-01       9.069e-01       8.821e-01       8.758e-01       9.397e-01       9.441e-01       9.541e-01       9.476e-01       9.318e-01       9.289e-01       8.887e-01       
  5.00      8.223e-01       8.378e-01       8.693e-01       8.313e-01       8.182e-01       9.120e-01       9.207e-01       9.376e-01       9.276e-01       9.101e-01       8.987e-01       8.363e-01       
  5.50      7.620e-01       7.709e-01       8.185e-01       7.616e-01       7.448e-01       8.754e-01       8.886e-01       9.149e-01       9.073e-01       8.828e-01       8.639e-01       7.923e-01       
  6.00      7.024e-01       7.043e-01       7.569e-01       6.860e-01       6.523e-01       8.249e-01       8.564e-01       8.874e-01       8.843e-01       8.544e-01       8.302e-01       7.450e-01       
  6.50      6.419e-01       6.454e-01       6.832e-01       6.170e-01       5.631e-01       7.664e-01       8.167e-01       8.568e-01       8.587e-01       8.295e-01       7.893e-01       7.082e-01       
  7.00      5.656e-01       5.865e-01       6.187e-01       5.556e-01       4.875e-01       7.059e-01       7.697e-01       8.237e-01       8.268e-01       7.963e-01       7.413e-01       6.748e-01       
  7.50      4.970e-01       5.260e-01       5.594e-01       4.947e-01       4.191e-01       6.499e-01       7.204e-01       7.822e-01       7.884e-01       7.567e-01       6.920e-01       6.349e-01       
  8.00      4.327e-01       4.648e-01       5.001e-01       4.352e-01       3.587e-01       5.956e-01       6.695e-01       7.376e-01       7.509e-01       7.171e-01       6.437e-01       5.882e-01       
  8.50      3.720e-01       4.065e-01       4.464e-01       3.736e-01       3.054e-01       5.399e-01       6.214e-01       6.959e-01       7.174e-01       6.789e-01       5.958e-01       5.413e-01       
  9.00      3.163e-01       3.548e-01       3.981e-01       3.145e-01       2.553e-01       4.859e-01       5.754e-01       6.577e-01       6.808e-01       6.380e-01       5.524e-01       4.950e-01       
  9.50      2.671e-01       3.022e-01       3.450e-01       2.598e-01       2.018e-01       4.327e-01       5.258e-01       6.216e-01       6.376e-01       5.911e-01       5.130e-01       4.493e-01       
  10.00     2.250e-01       2.502e-01       2.903e-01       2.058e-01       1.508e-01       3.805e-01       4.756e-01       5.823e-01       5.908e-01       5.420e-01       4.714e-01       4.030e-01       
  10.50     1.871e-01       2.099e-01       2.448e-01       1.534e-01       1.102e-01       3.315e-01       4.284e-01       5.359e-01       5.417e-01       4.945e-01       4.252e-01       3.542e-01       
  11.00     1.525e-01       1.809e-01       2.096e-01       1.097e-01       8.197e-02       2.862e-01       3.823e-01       4.855e-01       4.922e-01       4.492e-01       3.781e-01       3.017e-01       
  11.50     1.234e-01       1.588e-01       1.800e-01       7.808e-02       6.327e-02       2.441e-01       3.380e-01       4.342e-01       4.444e-01       4.051e-01       3.344e-01       2.500e-01       
  12.00     9.932e-02       1.401e-01       1.519e-01       5.555e-02       4.979e-02       2.044e-01       2.964e-01       3.827e-01       3.972e-01       3.624e-01       2.933e-01       2.074e-01       
  12.50     7.923e-02       1.209e-01       1.243e-01       3.890e-02       3.915e-02       1.674e-01       2.578e-01       3.325e-01       3.506e-01       3.218e-01       2.525e-01       1.751e-01       
  13.00     6.290e-02       1.003e-01       9.862e-02       2.693e-02       3.069e-02       1.345e-01       2.226e-01       2.846e-01       3.061e-01       2.840e-01       2.133e-01       1.481e-01       
  13.50     4.988e-02       8.028e-02       7.588e-02       1.859e-02       2.404e-02       1.070e-01       1.907e-01       2.390e-01       2.659e-01       2.498e-01       1.788e-01       1.229e-01       
  14.00     3.956e-02       6.187e-02       5.619e-02       1.283e-02       1.883e-02       8.496e-02       1.612e-01       1.970e-01       2.311e-01       2.191e-01       1.501e-01       9.949e-02       
  14.50     3.138e-02       4.551e-02       3.992e-02       8.856e-03       1.475e-02       6.698e-02       1.339e-01       1.603e-01       2.003e-01       1.913e-01       1.261e-01       7.909e-02       
  15.00     2.489e-02       3.203e-02       2.744e-02       6.107e-03       1.156e-02       5.162e-02       1.087e-01       1.292e-01       1.721e-01       1.659e-01       1.059e-01       6.239e-02       
  15.50     1.974e-02       2.193e-02       1.853e-02       4.199e-03       9.054e-03       3.827e-02       8.608e-02       1.031e-01       1.460e-01       1.422e-01       8.837e-02       4.912e-02       
  16.00     1.567e-02       1.487e-02       1.243e-02       2.873e-03       7.076e-03       2.727e-02       6.671e-02       8.158e-02       1.221e-01       1.195e-01       7.297e-02       3.866e-02       
  16.50     1.243e-02       1.008e-02       8.324e-03       1.954e-03       5.494e-03       1.889e-02       5.104e-02       6.411e-02       1.006e-01       9.826e-02       5.957e-02       3.043e-02       
  17.00     9.847e-03       6.868e-03       5.569e-03       1.324e-03       4.209e-03       1.290e-02       3.879e-02       5.035e-02       8.180e-02       7.955e-02       4.825e-02       2.395e-02       
  17.50     7.781e-03       4.745e-03       3.717e-03       8.953e-04       3.160e-03       8.764e-03       2.928e-02       3.959e-02       6.588e-02       6.386e-02       3.895e-02       1.886e-02       
  18.00     6.114e-03       3.352e-03       2.469e-03       6.052e-04       2.323e-03       5.942e-03       2.193e-02       3.089e-02       5.272e-02       5.094e-02       3.142e-02       1.485e-02       
  18.50     4.765e-03       2.429e-03       1.632e-03       4.091e-04       1.679e-03       4.018e-03       1.633e-02       2.370e-02       4.179e-02       4.032e-02       2.535e-02       1.168e-02       
  19.00     3.682e-03       1.797e-03       1.073e-03       2.767e-04       1.203e-03       2.701e-03       1.214e-02       1.785e-02       3.266e-02       3.169e-02       2.044e-02       9.176e-03       
  19.50     2.827e-03       1.344e-03       7.036e-04       1.872e-04       8.589e-04       1.798e-03       9.027e-03       1.329e-02       2.519e-02       2.480e-02       1.649e-02       7.176e-03       
  20.00     2.162e-03       1.010e-03       4.609e-04       1.266e-04       6.128e-04       1.183e-03       6.714e-03       9.843e-03       1.925e-02       1.937e-02       1.330e-02       5.567e-03       
  20.50     1.651e-03       7.603e-04       3.019e-04       8.572e-05       4.373e-04       7.696e-04       4.995e-03       7.283e-03       1.465e-02       1.513e-02       1.072e-02       4.270e-03       
  21.00     1.261e-03       5.724e-04       1.978e-04       5.804e-05       3.121e-04       4.965e-04       3.716e-03       5.389e-03       1.114e-02       1.182e-02       8.630e-03       3.234e-03       
  21.50     9.625e-04       4.311e-04       1.296e-04       3.931e-05       2.228e-04       3.190e-04       2.764e-03       3.987e-03       8.471e-03       9.227e-03       6.921e-03       2.423e-03       
  22.00     7.350e-04       3.247e-04       8.496e-05       2.663e-05       1.590e-04       2.046e-04       2.055e-03       2.948e-03       6.440e-03       7.204e-03       5.517e-03       1.802e-03       
  22.50     5.613e-04       2.446e-04       5.572e-05       1.805e-05       1.136e-04       1.312e-04       1.526e-03       2.177e-03       4.896e-03       5.618e-03       4.363e-03       1.335e-03       
  23.00     4.288e-04       1.843e-04       3.655e-05       1.224e-05       8.114e-05       8.418e-05       1.131e-03       1.605e-03       3.722e-03       4.373e-03       3.420e-03       9.879e-04       
  23.50     3.276e-04       1.389e-04       2.399e-05       8.298e-06       5.797e-05       5.402e-05       8.371e-04       1.181e-03       2.829e-03       3.392e-03       2.659e-03       7.307e-04       
  24.00     2.503e-04       1.047e-04       1.575e-05       5.629e-06       4.143e-05       3.468e-05       6.181e-04       8.670e-04       2.149e-03       2.618e-03       2.056e-03       5.405e-04       
  24.50     1.913e-04       7.890e-05       1.034e-05       3.819e-06       2.962e-05       2.227e-05       4.556e-04       6.356e-04       1.631e-03       2.010e-03       1.584e-03       3.999e-04       
  25.00     1.462e-04       5.948e-05       6.795e-06       2.592e-06       2.117e-05       1.431e-05       3.356e-04       4.655e-04       1.237e-03       1.535e-03       1.219e-03       2.959e-04       
  25.50     1.118e-04       4.486e-05       4.466e-06       1.760e-06       1.514e-05       9.195e-06       2.471e-04       3.408e-04       9.380e-04       1.168e-03       9.372e-04       2.190e-04       
  26.00     8.544e-05       3.383e-05       2.936e-06       1.195e-06       1.083e-05       5.912e-06       1.819e-04       2.495e-04       7.110e-04       8.857e-04       7.206e-04       1.621e-04       
  26.50     6.533e-05       2.552e-05       1.931e-06       8.120e-07       7.750e-06       3.802e-06       1.340e-04       1.826e-04       5.389e-04       6.709e-04       5.541e-04       1.200e-04       
  27.00     4.996e-05       1.925e-05       1.270e-06       5.518e-07       5.546e-06       2.446e-06       9.866e-05       1.337e-04       4.085e-04       5.080e-04       4.262e-04       8.889e-05       
  27.50     3.822e-05       1.453e-05       8.359e-07       3.750e-07       3.970e-06       1.575e-06       7.267e-05       9.794e-05       3.097e-04       3.845e-04       3.278e-04       6.584e-05       
  28.00     2.923e-05       1.096e-05       5.502e-07       2.550e-07       2.842e-06       1.014e-06       5.354e-05       7.175e-05       2.348e-04       2.911e-04       2.522e-04       4.877e-05       
  28.50     2.237e-05       8.275e-06       3.623e-07       1.734e-07       2.035e-06       6.531e-07       3.945e-05       5.257e-05       1.781e-04       2.204e-04       1.940e-04       3.613e-05       
  29.00     1.712e-05       6.247e-06       2.387e-07       1.180e-07       1.458e-06       4.208e-07       2.907e-05       3.852e-05       1.351e-04       1.669e-04       1.493e-04       2.678e-05       
  29.50     1.310e-05       4.717e-06       1.573e-07       8.030e-08       1.044e-06       2.713e-07       2.143e-05       2.823e-05       1.025e-04       1.264e-04       1.149e-04       1.985e-05       
  30.00     1.003e-05       3.562e-06       1.037e-07       5.466e-08       7.484e-07       1.749e-07       1.580e-05       2.070e-05       7.773e-05       9.577e-05       8.846e-05       1.471e-05       
  30.50     7.676e-06       2.690e-06       6.837e-08       3.722e-08       5.364e-07       1.128e-07       1.165e-05       1.518e-05       5.898e-05       7.256e-05       6.810e-05       1.091e-05       
  31.00     5.877e-06       2.032e-06       4.510e-08       2.535e-08       3.846e-07       7.281e-08       8.594e-06       1.113e-05       4.476e-05       5.499e-05       5.243e-05       8.090e-06       
  31.50     4.501e-06       1.535e-06       2.976e-08       1.727e-08       2.758e-07       4.700e-08       6.340e-06       8.165e-06       3.398e-05       4.167e-05       4.038e-05       6.001e-06       
  32.00     3.447e-06       1.160e-06       1.964e-08       1.177e-08       1.978e-07       3.035e-08       4.677e-06       5.990e-06       2.579e-05       3.159e-05       3.110e-05       4.452e-06       
  32.50     2.640e-06       8.768e-07       1.297e-08       8.022e-09       1.419e-07       1.961e-08       3.452e-06       4.395e-06       1.958e-05       2.395e-05       2.395e-05       3.303e-06       
  33.00     2.023e-06       6.628e-07       8.565e-09       5.470e-09       1.018e-07       1.267e-08       2.548e-06       3.226e-06       1.487e-05       1.816e-05       1.845e-05       2.451e-06       
  33.50     1.550e-06       5.011e-07       5.658e-09       3.731e-09       7.306e-08       8.190e-09       1.881e-06       2.368e-06       1.130e-05       1.377e-05       1.422e-05       1.819e-06       
  34.00     1.188e-06       3.789e-07       3.740e-09       2.545e-09       5.244e-08       5.296e-09       1.389e-06       1.739e-06       8.580e-06       1.044e-05       1.096e-05       1.351e-06       
  34.50     9.103e-07       2.865e-07       2.472e-09       1.737e-09       3.765e-08       3.426e-09       1.026e-06       1.277e-06       6.519e-06       7.922e-06       8.443e-06       1.003e-06       
  35.00     6.978e-07       2.167e-07       1.635e-09       1.186e-09       2.704e-08       2.217e-09       7.575e-07       9.378e-07       4.953e-06       6.010e-06       6.508e-06       7.448e-07       
  35.50     5.349e-07       1.639e-07       1.082e-09       8.096e-10       1.942e-08       1.435e-09       5.596e-07       6.889e-07       3.764e-06       4.561e-06       5.017e-06       5.532e-07       
  36.00     4.102e-07       1.240e-07       7.157e-10       5.529e-10       1.395e-08       9.293e-10       4.135e-07       5.062e-07       2.861e-06       3.461e-06       3.868e-06       4.110e-07       
  36.50     3.145e-07       9.385e-08       4.737e-10       3.777e-10       1.003e-08       6.020e-10       3.056e-07       3.720e-07       2.175e-06       2.627e-06       2.983e-06       3.054e-07       
  37.00     2.412e-07       7.103e-08       3.137e-10       2.581e-10       7.206e-09       3.901e-10       2.258e-07       2.734e-07       1.654e-06       1.994e-06       2.300e-06       2.269e-07       
  37.50     1.850e-07       5.376e-08       2.078e-10       1.764e-10       5.180e-09       2.529e-10       1.670e-07       2.010e-07       1.257e-06       1.514e-06       1.774e-06       1.687e-07       
  38.00     1.420e-07       4.070e-08       1.376e-10       1.206e-10       3.725e-09       1.640e-10       1.235e-07       1.478e-07       9.562e-07       1.150e-06       1.369e-06       1.254e-07       
  38.50     1.089e-07       3.082e-08       9.122e-11       8.250e-11       2.679e-09       1.064e-10       9.130e-08       1.087e-07       7.273e-07       8.733e-07       1.056e-06       9.323e-08       
  39.00     8.359e-08       2.334e-08       6.048e-11       5.644e-11       1.927e-09       6.901e-11       6.753e-08       7.995e-08       5.533e-07       6.634e-07       8.148e-07       6.933e-08       
  39.50     6.415e-08       1.767e-08       4.010e-11       3.862e-11       1.386e-09       4.479e-11       4.996e-08       5.882e-08       4.210e-07       5.040e-07       6.288e-07       5.156e-08       
  40.00     4.924e-08       1.339e-08       2.660e-11       2.643e-11       9.976e-10       2.908e-11       3.697e-08       4.328e-08       3.204e-07       3.829e-07       4.853e-07       3.836e-08       
  40.50     3.781e-08       1.014e-08       1.765e-11       1.810e-11       7.180e-10       1.889e-11       2.736e-08       3.185e-08       2.438e-07       2.910e-07       3.746e-07       2.854e-08       
  41.00     2.903e-08       7.686e-09       1.172e-11       1.239e-11       5.169e-10       1.227e-11       2.025e-08       2.345e-08       1.856e-07       2.212e-07       2.892e-07       2.124e-08       
  41.50     2.229e-08       5.825e-09       7.779e-12       8.488e-12       3.722e-10       7.977e-12       1.499e-08       1.726e-08       1.413e-07       1.681e-07       2.233e-07       1.581e-08       
  42.00     1.712e-08       4.415e-09       5.167e-12       5.816e-12       2.680e-10       5.186e-12       1.110e-08       1.271e-08       1.076e-07       1.278e-07       1.725e-07       1.177e-08       