* De conditionele overschrijdingskans van de windsnelheid gegeven de windrichting
* voor een 12-uursperiode te West-Terschelling. 
*
* De getallen zijn afkomstig uit het spreadsheet Afleiding_windsnelheidstatistiek.xls,               
* tabblad OvKans_Windsnelheid.
* Speadsheet gemaakt door Matthijs Duits van HKV lijn in water op 1 mei 2013
*
* De parameters voor de Weibullverdelingen (geldig voor een winterhalfjaar), die de basis vormen van 
* onderstaande conditionele overschrijdingskansen, zijn ontleend aan:
* Hydra-K, versie 3.6.5. Bestand: w-tsw.e30
*
* Onderstaand is u de windsnelheid en r de windrichting
*
*u \ r  30            60            90            120           150           180           210           240           270           300           330           360
0       1.000E+00     1.000E+00     1.000E+00     1.000E+00     1.000E+00     1.000E+00     1.000E+00     1.000E+00     1.000E+00     1.000E+00     1.000E+00     1.000E+00
1       9.833E-01     9.703E-01     9.646E-01     9.869E-01     9.697E-01     9.722E-01     9.704E-01     9.682E-01     9.720E-01     9.667E-01     9.719E-01     9.648E-01
2       9.379E-01     9.226E-01     9.130E-01     9.529E-01     9.269E-01     9.351E-01     9.344E-01     9.300E-01     9.338E-01     9.219E-01     9.297E-01     9.086E-01
3       8.654E-01     8.555E-01     8.436E-01     8.946E-01     8.685E-01     8.860E-01     8.899E-01     8.841E-01     8.853E-01     8.663E-01     8.733E-01     8.338E-01
4       7.712E-01     7.713E-01     7.580E-01     8.131E-01     7.942E-01     8.243E-01     8.367E-01     8.305E-01     8.275E-01     8.015E-01     8.045E-01     7.446E-01
5       6.631E-01     6.746E-01     6.604E-01     7.131E-01     7.063E-01     7.510E-01     7.751E-01     7.699E-01     7.622E-01     7.297E-01     7.259E-01     6.466E-01
6       5.496E-01     5.712E-01     5.565E-01     6.018E-01     6.090E-01     6.683E-01     7.063E-01     7.035E-01     6.914E-01     6.534E-01     6.412E-01     5.457E-01
7       4.387E-01     4.674E-01     4.525E-01     4.874E-01     5.076E-01     5.798E-01     6.322E-01     6.330E-01     6.173E-01     5.752E-01     5.539E-01     4.473E-01
8       3.371E-01     3.691E-01     3.544E-01     3.781E-01     4.080E-01     4.893E-01     5.551E-01     5.604E-01     5.423E-01     4.976E-01     4.677E-01     3.559E-01
9       2.492E-01     2.809E-01     2.669E-01     2.803E-01     3.155E-01     4.009E-01     4.775E-01     4.876E-01     4.685E-01     4.229E-01     3.857E-01     2.748E-01
10      1.771E-01     2.057E-01     1.929E-01     1.983E-01     2.341E-01     3.185E-01     4.020E-01     4.168E-01     3.980E-01     3.529E-01     3.106E-01     2.058E-01
11      1.210E-01     1.448E-01     1.335E-01     1.336E-01     1.664E-01     2.448E-01     3.308E-01     3.496E-01     3.323E-01     2.892E-01     2.441E-01     1.494E-01
12      7.939E-02     9.792E-02     8.844E-02     8.555E-02     1.130E-01     1.818E-01     2.658E-01     2.875E-01     2.726E-01     2.325E-01     1.871E-01     1.051E-01
13      5.003E-02     6.351E-02     5.596E-02     5.202E-02     7.324E-02     1.302E-01     2.083E-01     2.317E-01     2.197E-01     1.835E-01     1.398E-01     7.167E-02
14      3.027E-02     3.948E-02     3.377E-02     2.999E-02     4.518E-02     8.988E-02     1.590E-01     1.829E-01     1.738E-01     1.420E-01     1.019E-01     4.732E-02
15      1.757E-02     2.349E-02     1.941E-02     1.637E-02     2.648E-02     5.965E-02     1.182E-01     1.412E-01     1.350E-01     1.077E-01     7.228E-02     3.025E-02
16      9.789E-03     1.337E-02     1.061E-02     8.448E-03     1.472E-02     3.803E-02     8.538E-02     1.066E-01     1.029E-01     8.009E-02     4.995E-02     1.872E-02
17      5.229E-03     7.276E-03     5.509E-03     4.117E-03     7.748E-03     2.325E-02     5.993E-02     7.859E-02     7.697E-02     5.835E-02     3.360E-02     1.120E-02
18      2.678E-03     3.780E-03     2.713E-03     1.905E-03     3.854E-03     1.362E-02     4.081E-02     5.656E-02     5.647E-02     4.163E-02     2.200E-02     6.487E-03
19      1.320E-03     1.874E-03     1.352E-03     8.309E-04     1.907E-03     7.631E-03     2.694E-02     3.969E-02     4.062E-02     2.907E-02     1.401E-02     3.631E-03
20      6.236E-04     9.228E-04     6.405E-04     3.410E-04     8.911E-04     4.084E-03     1.722E-02     2.714E-02     2.864E-02     1.986E-02     8.674E-03     2.065E-03
21      2.822E-04     4.337E-04     2.879E-04     1.316E-04     3.928E-04     2.085E-03     1.065E-02     1.805E-02     1.979E-02     1.327E-02     5.221E-03     1.137E-03
22      1.223E-04     1.944E-04     1.227E-04     4.768E-05     1.631E-04     1.071E-03     6.359E-03     1.167E-02     1.340E-02     8.661E-03     3.053E-03     6.066E-04
23      5.078E-05     8.304E-05     4.956E-05     1.621E-05     6.369E-05     5.254E-04     3.663E-03     7.324E-03     8.881E-03     5.519E-03     1.813E-03     3.133E-04
24      2.018E-05     3.379E-05     1.895E-05     5.165E-06     2.337E-05     2.456E-04     2.033E-03     4.451E-03     5.763E-03     3.430E-03     1.048E-03     1.567E-04
25      7.680E-06     1.309E-05     6.851E-06     1.541E-06     8.043E-06     1.094E-04     1.182E-03     2.615E-03     3.659E-03     2.273E-03     5.889E-04     7.583E-05
26      2.797E-06     4.822E-06     2.341E-06     4.304E-07     2.594E-06     4.634E-05     6.655E-04     1.481E-03     2.272E-03     1.478E-03     3.219E-04     3.552E-05
27      9.745E-07     1.690E-06     7.557E-07     1.123E-07     7.831E-07     1.866E-05     3.622E-04     9.233E-04     1.469E-03     9.428E-04     1.711E-04     1.611E-05
28      3.249E-07     5.626E-07     2.302E-07     2.737E-08     2.210E-07     7.139E-06     1.905E-04     5.617E-04     9.317E-04     5.902E-04     8.840E-05     7.066E-06
29      1.036E-07     1.779E-07     6.611E-08     6.226E-09     5.820E-08     2.591E-06     9.681E-05     3.333E-04     5.797E-04     3.624E-04     4.440E-05     2.999E-06
30      3.159E-08     5.343E-08     1.789E-08     1.320E-09     1.430E-08     8.914E-07     4.749E-05     1.928E-04     3.537E-04     2.183E-04     2.167E-05     1.232E-06
31      9.214E-09     1.522E-08     4.559E-09     2.608E-10     3.272E-09     2.905E-07     2.248E-05     1.088E-04     2.117E-04     1.290E-04     1.028E-05     4.892E-07
32      2.569E-09     4.114E-09     1.093E-09     4.795E-11     6.965E-10     8.957E-08     1.026E-05     5.977E-05     1.242E-04     7.477E-05     4.733E-06     1.879E-07
33      6.847E-10     1.054E-09     2.465E-10     8.202E-12     1.378E-10     2.611E-08     4.514E-06     3.200E-05     7.148E-05     4.250E-05     2.118E-06     6.983E-08
34      1.744E-10     2.559E-10     5.223E-11     1.304E-12     2.531E-11     7.192E-09     1.913E-06     1.668E-05     4.032E-05     2.369E-05     9.204E-07     2.509E-08
35      4.246E-11     5.883E-11     1.039E-11     1.925E-13     4.312E-12     1.869E-09     7.805E-07     8.468E-06     2.230E-05     1.295E-05     3.883E-07     8.715E-09
36      9.875E-12     1.281E-11     1.940E-12     2.638E-14     6.805E-13     4.583E-10     3.064E-07     4.183E-06     1.209E-05     6.942E-06     1.591E-07     2.927E-09
37      2.194E-12     2.638E-12     3.398E-13     3.352E-15     9.939E-14     1.059E-10     1.157E-07     2.011E-06     6.424E-06     3.649E-06     6.326E-08     9.503E-10
38      4.658E-13     5.140E-13     5.578E-14     3.947E-16     1.342E-14     2.303E-11     4.200E-08     9.403E-07     3.345E-06     1.880E-06     2.441E-08     2.982E-10
39      9.442E-14     9.469E-14     8.577E-15     4.304E-17     1.673E-15     4.712E-12     1.465E-08     4.276E-07     1.707E-06     9.497E-07     9.143E-09     9.046E-11
40      1.828E-14     1.649E-14     1.235E-15     4.344E-18     1.925E-16     9.066E-13     4.906E-09     1.890E-07     8.537E-07     4.703E-07     3.322E-09     2.652E-11
41      3.379E-15     2.712E-15     1.663E-16     4.055E-19     2.041E-17     1.638E-13     1.577E-09     8.123E-08     4.183E-07     2.283E-07     1.171E-09     7.513E-12
42      5.964E-16     4.213E-16     2.094E-17     3.498E-20     1.993E-18     2.779E-14     4.865E-10     3.392E-08     2.008E-07     1.086E-07     4.005E-10     2.056E-12
43      1.005E-16     6.178E-17     2.465E-18     2.788E-21     1.791E-19     4.421E-15     1.439E-10     1.376E-08     9.443E-08     5.065E-08     1.328E-10     5.439E-13
44      1.616E-17     8.549E-18     2.710E-19     2.050E-22     1.478E-20     6.592E-16     4.080E-11     5.420E-09     4.350E-08     2.315E-08     4.272E-11     1.390E-13
45      2.480E-18     1.116E-18     2.781E-20     1.391E-23     1.121E-21     9.206E-17     1.108E-11     2.073E-09     1.963E-08     1.037E-08     1.332E-11     3.431E-14
46      3.632E-19     1.373E-19     2.663E-21     8.701E-25     7.793E-23     1.203E-17     2.883E-12     7.698E-10     8.675E-09     4.551E-09     4.029E-12     8.181E-15
47      5.076E-20     1.593E-20     2.378E-22     5.014E-26     4.967E-24     1.471E-18     7.178E-13     2.774E-10     3.755E-09     1.958E-09     1.181E-12     1.884E-15
48      6.767E-21     1.742E-21     1.979E-23     2.661E-27     2.899E-25     1.680E-19     1.710E-13     9.700E-11     1.592E-09     8.251E-10     3.355E-13     4.192E-16
49      8.607E-22     1.794E-22     1.534E-24     1.299E-28     1.548E-26     1.792E-20     3.896E-14     3.290E-11     6.606E-10     3.407E-10     9.238E-14     9.005E-17
50      1.044E-22     1.739E-23     1.107E-25     5.834E-30     7.555E-28     1.784E-21     8.487E-15     1.082E-11     2.685E-10     1.378E-10     2.465E-14     1.868E-17
51      1.208E-23     1.587E-24     7.437E-27     2.408E-31     3.368E-29     1.656E-22     1.766E-15     3.451E-12     1.068E-10     5.464E-11     6.372E-15     3.743E-18
52      1.333E-24     1.363E-25     4.646E-28     9.133E-33     1.370E-30     1.433E-23     3.511E-16     1.067E-12     4.162E-11     2.122E-11     1.596E-15     7.239E-19
53      1.403E-25     1.101E-26     2.699E-29     3.180E-34     5.079E-32     1.155E-24     6.664E-17     3.197E-13     1.587E-11     8.071E-12     3.873E-16     1.352E-19
54      1.407E-26     8.365E-28     1.456E-30     1.016E-35     1.716E-33     8.659E-26     1.207E-17     9.280E-14     5.925E-12     3.007E-12     9.102E-17     2.438E-20
55      1.346E-27     5.973E-29     7.300E-32     2.976E-37     5.275E-35     6.040E-27     2.086E-18     2.610E-14     2.165E-12     1.098E-12     2.072E-17     4.242E-21