* De conditionele overschrijdingskans van de zeewaterstand met statistische onzekerheid gegeven de windrichting
* voor een 12-uursperiode te Lauwersoog, gelegen op locatie: 
* 208850, 602790
* 
* Deze statistiek is afgeleid met dezelfde methode als gebruikt in 3280.20.03.
* De door Deltares op 10 november 2016 aangeleverde statistiek is gebruikt als bron.
*
* Het waterstandsbereik waarvoor de overschrijdingskansen zijn gegeven is het hoogwater 2017 tot 8.00 m + NAP
* met een stapgrootte van 0.1 m. De laatste stapgrootte kan afwijken om op 8.00 m uit te komen. Hierbij wordt
* een stapgrootte van minimaal 6 en maximaal 15 cm gekozen.
* 
* Door: G.W.F. Rongen van HKV lijn in water
* Project: PR3510.10
*
* m (m+NAP) 30              60              90              120             150             180             210             240             270             300             330             360
  1.10      1.000e+00       1.000e+00       1.000e+00       1.000e+00       1.000e+00       1.000e+00       1.000e+00       1.000e+00       1.000e+00       1.000e+00       1.000e+00       1.000e+00       
  1.20      1.000e+00       1.000e+00       1.000e+00       1.000e+00       1.000e+00       1.000e+00       9.857e-01       4.860e-01       6.156e-01       6.780e-01       6.130e-01       5.413e-01       
  1.30      1.000e+00       1.000e+00       1.000e+00       1.000e+00       1.000e+00       1.000e+00       9.723e-01       2.409e-01       3.853e-01       4.664e-01       3.820e-01       2.985e-01       
  1.40      1.000e+00       1.000e+00       1.000e+00       1.000e+00       1.000e+00       1.000e+00       8.477e-01       1.241e-01       2.496e-01       3.294e-01       2.470e-01       1.689e-01       
  1.50      1.000e+00       1.000e+00       1.000e+00       1.000e+00       1.000e+00       1.000e+00       3.074e-01       8.570e-02       2.057e-01       2.787e-01       2.065e-01       1.150e-01       
  1.60      1.000e+00       1.000e+00       1.000e+00       1.000e+00       1.000e+00       1.000e+00       9.883e-02       6.052e-02       1.723e-01       2.381e-01       1.758e-01       7.925e-02       
  1.70      9.996e-01       9.962e-01       9.869e-01       9.972e-01       9.964e-01       9.636e-01       3.139e-02       4.232e-02       1.429e-01       2.015e-01       1.483e-01       5.412e-02       
  1.80      5.490e-01       3.807e-01       2.875e-01       3.992e-01       3.842e-01       2.133e-01       9.857e-03       2.931e-02       1.174e-01       1.689e-01       1.240e-01       3.664e-02       
  1.90      5.769e-02       3.779e-02       2.816e-02       3.975e-02       3.816e-02       2.080e-02       3.061e-03       2.011e-02       9.557e-02       1.403e-01       1.027e-01       2.460e-02       
  2.00      5.239e-03       3.431e-03       2.557e-03       3.609e-03       3.465e-03       1.888e-03       9.404e-04       1.367e-02       7.706e-02       1.155e-01       8.434e-02       1.638e-02       
  2.10      4.441e-04       2.909e-04       2.168e-04       3.060e-04       2.938e-04       1.601e-04       2.860e-04       9.213e-03       6.157e-02       9.422e-02       6.864e-02       1.083e-02       
  2.20      3.521e-05       2.306e-05       1.719e-05       2.426e-05       2.329e-05       1.269e-05       8.616e-05       6.156e-03       4.874e-02       7.614e-02       5.537e-02       7.100e-03       
  2.30      2.614e-06       1.712e-06       1.276e-06       1.801e-06       1.729e-06       9.423e-07       2.571e-05       4.079e-03       3.823e-02       6.098e-02       4.427e-02       4.622e-03       
  2.40      1.820e-07       1.192e-07       8.882e-08       1.254e-07       1.204e-07       6.559e-08       7.603e-06       2.681e-03       2.972e-02       4.839e-02       3.509e-02       2.987e-03       
  2.50      1.189e-08       7.787e-09       5.803e-09       8.190e-09       7.864e-09       4.285e-09       2.229e-06       1.748e-03       2.290e-02       3.805e-02       2.757e-02       1.917e-03       
  2.60      7.300e-10       4.781e-10       3.563e-10       5.029e-10       4.829e-10       2.631e-10       6.479e-07       1.131e-03       1.748e-02       2.966e-02       2.148e-02       1.222e-03       
  2.70      4.216e-11       2.762e-11       2.058e-11       2.905e-11       2.789e-11       1.520e-11       1.868e-07       7.260e-04       1.323e-02       2.291e-02       1.659e-02       7.739e-04       
  2.80      2.294e-12       1.502e-12       1.120e-12       1.580e-12       1.517e-12       8.267e-13       5.345e-08       4.627e-04       9.925e-03       1.753e-02       1.270e-02       4.869e-04       
  2.90      1.176e-13       7.703e-14       5.741e-14       8.102e-14       7.779e-14       4.239e-14       1.517e-08       2.927e-04       7.380e-03       1.330e-02       9.643e-03       3.044e-04       
  3.00      5.689e-15       3.726e-15       2.777e-15       3.919e-15       3.763e-15       2.051e-15       4.276e-09       1.838e-04       5.440e-03       1.000e-02       7.259e-03       1.891e-04       
  3.10      2.599e-16       1.702e-16       1.269e-16       1.790e-16       1.719e-16       9.367e-17       1.196e-09       1.147e-04       3.976e-03       7.455e-03       5.418e-03       1.168e-04       
  3.20      1.122e-17       7.348e-18       5.476e-18       7.728e-18       7.421e-18       4.044e-18       3.323e-10       7.101e-05       2.880e-03       5.507e-03       4.010e-03       7.169e-05       
  3.30      4.580e-19       3.000e-19       2.236e-19       3.155e-19       3.030e-19       1.651e-19       9.169e-11       4.369e-05       2.069e-03       4.032e-03       2.943e-03       4.375e-05       
  3.40      1.770e-20       1.159e-20       8.640e-21       1.219e-20       1.171e-20       6.380e-21       2.513e-11       2.670e-05       1.473e-03       2.926e-03       2.142e-03       2.655e-05       
  3.50      6.429e-22       4.211e-22       3.139e-22       4.430e-22       4.253e-22       2.318e-22       6.787e-12       1.613e-05       1.037e-03       2.098e-03       1.541e-03       1.595e-05       
  3.60      2.495e-23       1.634e-23       1.218e-23       1.719e-23       1.650e-23       8.992e-24       1.859e-12       9.717e-06       7.246e-04       1.493e-03       1.101e-03       9.555e-06       
  3.70      1.031e-24       6.750e-25       5.031e-25       7.100e-25       6.817e-25       3.715e-25       5.172e-13       5.846e-06       5.038e-04       1.056e-03       7.824e-04       5.725e-06       
  3.80      4.245e-26       2.781e-26       2.072e-26       2.925e-26       2.808e-26       1.530e-26       1.441e-13       3.501e-06       3.476e-04       7.417e-04       5.519e-04       3.417e-06       
  3.90      1.745e-27       1.143e-27       8.517e-28       1.202e-27       1.154e-27       6.289e-28       4.021e-14       2.086e-06       2.381e-04       5.166e-04       3.864e-04       2.032e-06       
  4.00      7.158e-29       4.688e-29       3.494e-29       4.931e-29       4.735e-29       2.580e-29       1.124e-14       1.237e-06       1.619e-04       3.569e-04       2.685e-04       1.204e-06       
  4.10      2.932e-30       1.920e-30       1.431e-30       2.020e-30       1.939e-30       1.057e-30       3.140e-15       7.288e-07       1.090e-04       2.442e-04       1.848e-04       7.085e-07       
  4.20      1.204e-31       7.884e-32       5.876e-32       8.293e-32       7.962e-32       4.339e-32       8.810e-16       4.275e-07       7.285e-05       1.658e-04       1.263e-04       4.157e-07       
  4.30      5.212e-33       3.414e-33       2.544e-33       3.591e-33       3.448e-33       1.879e-33       2.531e-16       2.513e-07       4.857e-05       1.121e-04       8.602e-05       2.446e-07       
  4.40      2.476e-34       1.622e-34       1.209e-34       1.706e-34       1.638e-34       8.925e-35       7.382e-17       1.476e-07       3.222e-05       7.546e-05       5.830e-05       1.439e-07       
  4.50      1.224e-35       8.017e-36       5.975e-36       8.432e-36       8.097e-36       4.412e-36       2.169e-17       8.642e-08       2.125e-05       5.044e-05       3.927e-05       8.451e-08       
  4.60      6.171e-37       4.042e-37       3.012e-37       4.251e-37       4.082e-37       2.224e-37       6.416e-18       5.044e-08       1.392e-05       3.347e-05       2.628e-05       4.949e-08       
  4.70      3.167e-38       2.074e-38       1.546e-38       2.182e-38       2.095e-38       1.141e-38       1.909e-18       2.936e-08       9.061e-06       2.207e-05       1.747e-05       2.892e-08       
  4.80      1.653e-39       1.082e-39       8.067e-40       1.138e-39       1.093e-39       5.957e-40       5.736e-19       1.709e-08       5.879e-06       1.449e-05       1.157e-05       1.691e-08       
  4.90      8.779e-41       5.750e-41       4.285e-41       6.048e-41       5.807e-41       3.164e-41       1.754e-19       9.975e-09       3.809e-06       9.495e-06       7.652e-06       9.925e-09       
  5.00      4.799e-42       3.143e-42       2.343e-42       3.306e-42       3.175e-42       1.730e-42       5.482e-20       5.836e-09       2.463e-06       6.204e-06       5.046e-06       5.840e-09       
  5.10      2.772e-43       1.816e-43       1.353e-43       1.910e-43       1.834e-43       9.993e-44       1.743e-20       3.415e-09       1.587e-06       4.037e-06       3.315e-06       3.439e-09       
  5.20      1.725e-44       1.130e-44       8.421e-45       1.188e-44       1.141e-44       6.218e-45       5.603e-21       1.998e-09       1.019e-06       2.617e-06       2.171e-06       2.025e-09       
  5.30      1.139e-45       7.462e-46       5.562e-46       7.849e-46       7.537e-46       4.107e-46       1.818e-21       1.170e-09       6.529e-07       1.692e-06       1.418e-06       1.195e-09       
  5.40      7.787e-47       5.100e-47       3.801e-47       5.364e-47       5.151e-47       2.807e-47       5.965e-22       6.876e-10       4.185e-07       1.094e-06       9.259e-07       7.077e-10       
  5.50      5.440e-48       3.563e-48       2.656e-48       3.748e-48       3.599e-48       1.961e-48       1.987e-22       4.060e-10       2.685e-07       7.075e-07       6.050e-07       4.212e-10       
  5.60      3.873e-49       2.537e-49       1.891e-49       2.668e-49       2.562e-49       1.396e-49       6.746e-23       2.408e-10       1.724e-07       4.577e-07       3.956e-07       2.520e-10       
  5.70      2.811e-50       1.841e-50       1.372e-50       1.936e-50       1.859e-50       1.013e-50       2.339e-23       1.434e-10       1.108e-07       2.960e-07       2.586e-07       1.513e-10       
  5.80      2.087e-51       1.367e-51       1.019e-51       1.437e-51       1.380e-51       7.521e-52       8.258e-24       8.559e-11       7.111e-08       1.913e-07       1.689e-07       9.115e-11       
  5.90      1.600e-52       1.048e-52       7.810e-53       1.102e-52       1.058e-52       5.767e-53       2.958e-24       5.118e-11       4.562e-08       1.234e-07       1.102e-07       5.501e-11       
  6.00      1.286e-53       8.425e-54       6.279e-54       8.862e-54       8.509e-54       4.637e-54       1.071e-24       3.064e-11       2.923e-08       7.954e-08       7.178e-08       3.325e-11       
  6.10      1.098e-54       7.191e-55       5.360e-55       7.564e-55       7.263e-55       3.957e-55       3.912e-25       1.837e-11       1.871e-08       5.119e-08       4.671e-08       2.013e-11       
  6.20      9.940e-56       6.511e-56       4.853e-56       6.848e-56       6.576e-56       3.583e-56       1.440e-25       1.103e-11       1.197e-08       3.290e-08       3.036e-08       1.221e-11       
  6.30      9.422e-57       6.171e-57       4.599e-57       6.491e-57       6.233e-57       3.396e-57       5.342e-26       6.629e-12       7.647e-09       2.111e-08       1.971e-08       7.415e-12       
  6.40      9.210e-58       6.032e-58       4.496e-58       6.345e-58       6.093e-58       3.320e-58       1.995e-26       3.988e-12       4.882e-09       1.353e-08       1.278e-08       4.510e-12       
  6.50      9.195e-59       6.023e-59       4.489e-59       6.335e-59       6.083e-59       3.314e-59       7.503e-27       2.403e-12       3.114e-09       8.665e-09       8.280e-09       2.747e-12       
  6.60      9.335e-60       6.114e-60       4.557e-60       6.431e-60       6.175e-60       3.365e-60       2.840e-27       1.449e-12       1.985e-09       5.542e-09       5.358e-09       1.675e-12       
  6.70      9.619e-61       6.300e-61       4.696e-61       6.627e-61       6.363e-61       3.467e-61       1.082e-27       8.748e-13       1.264e-09       3.540e-09       3.464e-09       1.023e-12       
  6.80      1.005e-61       6.584e-62       4.907e-62       6.925e-62       6.649e-62       3.623e-62       4.146e-28       5.287e-13       8.043e-10       2.259e-09       2.237e-09       6.255e-13       
  6.90      1.065e-62       6.973e-63       5.197e-63       7.335e-63       7.042e-63       3.837e-63       1.598e-28       3.198e-13       5.114e-10       1.440e-09       1.444e-09       3.829e-13       
  7.00      1.142e-63       7.481e-64       5.576e-64       7.869e-64       7.556e-64       4.117e-64       6.195e-29       1.937e-13       3.250e-10       9.171e-10       9.309e-10       2.347e-13       
  7.10      1.240e-64       8.124e-65       6.055e-65       8.546e-65       8.205e-65       4.471e-65       2.415e-29       1.174e-13       2.064e-10       5.835e-10       5.997e-10       1.440e-13       
  7.20      1.363e-65       8.930e-66       6.655e-66       9.393e-66       9.019e-66       4.914e-66       9.461e-30       7.124e-14       1.310e-10       3.709e-10       3.860e-10       8.850e-14       
  7.30      1.516e-66       9.928e-67       7.400e-67       1.044e-66       1.003e-66       5.464e-67       3.726e-30       4.326e-14       8.305e-11       2.355e-10       2.482e-10       5.444e-14       
  7.40      1.704e-67       1.116e-67       8.319e-68       1.174e-67       1.127e-67       6.143e-68       1.475e-30       2.630e-14       5.264e-11       1.495e-10       1.595e-10       3.352e-14       
  7.50      1.936e-68       1.268e-68       9.450e-69       1.334e-68       1.281e-68       6.978e-69       5.865e-31       1.600e-14       3.334e-11       9.475e-11       1.024e-10       2.066e-14       
  7.60      2.222e-69       1.455e-69       1.085e-69       1.531e-69       1.470e-69       8.010e-70       2.344e-31       9.744e-15       2.111e-11       6.002e-11       6.574e-11       1.275e-14       
  7.70      2.572e-70       1.685e-70       1.255e-70       1.772e-70       1.701e-70       9.270e-71       9.408e-32       5.939e-15       1.336e-11       3.799e-11       4.216e-11       7.878e-15       
  7.80      3.013e-71       1.973e-71       1.471e-71       2.076e-71       1.993e-71       1.086e-71       3.793e-32       3.623e-15       8.447e-12       2.403e-11       2.701e-11       4.872e-15       
  7.90      3.557e-72       2.330e-72       1.736e-72       2.450e-72       2.353e-72       1.282e-72       1.536e-32       2.212e-15       5.339e-12       1.518e-11       1.730e-11       3.016e-15       
  8.00      4.234e-73       2.773e-73       2.067e-73       2.917e-73       2.801e-73       1.526e-73       6.245e-33       1.351e-15       3.373e-12       9.589e-12       1.107e-11       1.869e-15       