* De conditionele overschrijdingskans van de zeewaterstand met statistische onzekerheid gegeven de windrichting
* voor een 12-uursperiode te Lauwersoog, gelegen op locatie: 
* 208850, 602790
* 
* Het waterstandsbereik waarvoor de overschrijdingskansen zijn gegeven is het hoogwater 1991 tot 8.00 m + NAP
* met een stapgrootte van 0.1 m. De laatste stapgrootte kan afwijken om op 8.00 m uit te komen. Hierbij wordt
* een stapgrootte van mimimaal 6 en maximaal 15 cm gekozen.
* 
* Betreft zichtjaar 1985 (het jaar waarvoor de basispeilen zijn afgeleid); 
* zeespiegelstijging sinds 1985 moet apart in rekening worden gebracht.
*
* Door: G.W.F. Rongen van HKV lijn in water
* Project: PR3280.20.03
*
* m (m+NAP) 30              60              90              120             150             180             210             240             270             300             330             360
  1.02      1.000e+00       1.000e+00       1.000e+00       1.000e+00       1.000e+00       1.000e+00       1.000e+00       1.000e+00       1.000e+00       1.000e+00       1.000e+00       1.000e+00       
  1.12      1.000e+00       1.000e+00       1.000e+00       1.000e+00       1.000e+00       1.000e+00       9.859e-01       4.851e-01       6.137e-01       6.758e-01       6.112e-01       5.408e-01       
  1.22      1.000e+00       1.000e+00       1.000e+00       1.000e+00       1.000e+00       1.000e+00       9.727e-01       2.400e-01       3.828e-01       4.633e-01       3.799e-01       2.980e-01       
  1.32      1.000e+00       1.000e+00       1.000e+00       1.000e+00       1.000e+00       1.000e+00       8.485e-01       1.235e-01       2.474e-01       3.265e-01       2.451e-01       1.685e-01       
  1.42      1.000e+00       1.000e+00       1.000e+00       1.000e+00       1.000e+00       1.000e+00       3.086e-01       8.555e-02       2.046e-01       2.771e-01       2.056e-01       1.151e-01       
  1.52      1.000e+00       1.000e+00       1.000e+00       1.000e+00       1.000e+00       1.000e+00       9.952e-02       6.063e-02       1.720e-01       2.376e-01       1.757e-01       7.955e-02       
  1.62      9.996e-01       9.961e-01       9.867e-01       9.971e-01       9.963e-01       9.625e-01       3.169e-02       4.252e-02       1.432e-01       2.018e-01       1.487e-01       5.447e-02       
  1.72      5.489e-01       3.804e-01       2.872e-01       3.989e-01       3.839e-01       2.130e-01       9.968e-03       2.953e-02       1.180e-01       1.698e-01       1.247e-01       3.696e-02       
  1.82      5.806e-02       3.803e-02       2.834e-02       4.000e-02       3.840e-02       2.093e-02       3.100e-03       2.031e-02       9.637e-02       1.415e-01       1.036e-01       2.487e-02       
  1.92      5.298e-03       3.470e-03       2.586e-03       3.650e-03       3.505e-03       1.910e-03       9.533e-04       1.384e-02       7.793e-02       1.168e-01       8.530e-02       1.659e-02       
  2.02      4.504e-04       2.950e-04       2.199e-04       3.103e-04       2.979e-04       1.624e-04       2.902e-04       9.343e-03       6.242e-02       9.553e-02       6.959e-02       1.098e-02       
  2.12      3.572e-05       2.340e-05       1.744e-05       2.461e-05       2.363e-05       1.288e-05       8.743e-05       6.253e-03       4.953e-02       7.739e-02       5.627e-02       7.210e-03       
  2.22      2.647e-06       1.734e-06       1.292e-06       1.824e-06       1.751e-06       9.542e-07       2.609e-05       4.149e-03       3.894e-02       6.212e-02       4.509e-02       4.698e-03       
  2.32      1.835e-07       1.202e-07       8.959e-08       1.264e-07       1.214e-07       6.615e-08       7.713e-06       2.730e-03       3.033e-02       4.940e-02       3.581e-02       3.039e-03       
  2.42      1.192e-08       7.807e-09       5.819e-09       8.212e-09       7.885e-09       4.297e-09       2.260e-06       1.782e-03       2.341e-02       3.893e-02       2.819e-02       1.952e-03       
  2.52      7.261e-10       4.756e-10       3.544e-10       5.002e-10       4.803e-10       2.617e-10       6.565e-07       1.153e-03       1.790e-02       3.039e-02       2.199e-02       1.245e-03       
  2.62      4.153e-11       2.720e-11       2.027e-11       2.861e-11       2.747e-11       1.497e-11       1.891e-07       7.409e-04       1.357e-02       2.351e-02       1.701e-02       7.885e-04       
  2.72      2.233e-12       1.463e-12       1.090e-12       1.538e-12       1.477e-12       8.049e-13       5.403e-08       4.723e-04       1.019e-02       1.802e-02       1.304e-02       4.962e-04       
  2.82      1.130e-13       7.399e-14       5.514e-14       7.782e-14       7.472e-14       4.072e-14       1.532e-08       2.988e-04       7.585e-03       1.369e-02       9.908e-03       3.102e-04       
  2.92      5.382e-15       3.525e-15       2.627e-15       3.708e-15       3.560e-15       1.940e-15       4.310e-09       1.877e-04       5.596e-03       1.030e-02       7.464e-03       1.927e-04       
  3.02      2.417e-16       1.583e-16       1.180e-16       1.665e-16       1.599e-16       8.714e-17       1.204e-09       1.170e-04       4.092e-03       7.684e-03       5.575e-03       1.189e-04       
  3.12      1.024e-17       6.710e-18       5.001e-18       7.058e-18       6.777e-18       3.693e-18       3.337e-10       7.246e-05       2.966e-03       5.680e-03       4.128e-03       7.297e-05       
  3.22      4.099e-19       2.685e-19       2.001e-19       2.824e-19       2.712e-19       1.478e-19       9.187e-11       4.455e-05       2.131e-03       4.160e-03       3.031e-03       4.450e-05       
  3.32      1.550e-20       1.015e-20       7.568e-21       1.068e-20       1.025e-20       5.588e-21       2.512e-11       2.720e-05       1.518e-03       3.020e-03       2.206e-03       2.698e-05       
  3.42      5.544e-22       3.631e-22       2.706e-22       3.820e-22       3.667e-22       1.998e-22       6.823e-12       1.650e-05       1.072e-03       2.173e-03       1.592e-03       1.627e-05       
  3.52      1.867e-23       1.223e-23       9.116e-24       1.286e-23       1.235e-23       6.731e-24       1.820e-12       9.872e-06       7.460e-04       1.541e-03       1.133e-03       9.681e-06       
  3.62      7.157e-25       4.687e-25       3.494e-25       4.930e-25       4.734e-25       2.580e-25       5.007e-13       5.923e-06       5.179e-04       1.089e-03       8.044e-04       5.784e-06       
  3.72      2.794e-26       1.830e-26       1.364e-26       1.925e-26       1.848e-26       1.007e-26       1.384e-13       3.539e-06       3.570e-04       7.639e-04       5.668e-04       3.445e-06       
  3.82      1.088e-27       7.129e-28       5.313e-28       7.499e-28       7.200e-28       3.923e-28       3.833e-14       2.104e-06       2.442e-04       5.315e-04       3.963e-04       2.044e-06       
  3.92      4.233e-29       2.773e-29       2.067e-29       2.916e-29       2.800e-29       1.526e-29       1.063e-14       1.245e-06       1.658e-04       3.668e-04       2.751e-04       1.208e-06       
  4.02      1.644e-30       1.077e-30       8.027e-31       1.133e-30       1.088e-30       5.927e-31       2.953e-15       7.332e-07       1.117e-04       2.511e-04       1.894e-04       7.109e-07       
  4.12      6.381e-32       4.179e-32       3.115e-32       4.396e-32       4.221e-32       2.300e-32       8.193e-16       4.285e-07       7.445e-05       1.700e-04       1.291e-04       4.156e-07       
  4.22      2.501e-33       1.638e-33       1.221e-33       1.723e-33       1.655e-33       9.016e-34       2.298e-16       2.500e-07       4.938e-05       1.145e-04       8.753e-05       2.428e-07       
  4.32      1.059e-34       6.936e-35       5.170e-35       7.296e-35       7.005e-35       3.817e-35       6.600e-17       1.462e-07       3.265e-05       7.680e-05       5.915e-05       1.423e-07       
  4.42      4.874e-36       3.192e-36       2.379e-36       3.358e-36       3.224e-36       1.757e-36       1.918e-17       8.530e-08       2.147e-05       5.120e-05       3.974e-05       8.324e-08       
  4.52      2.313e-37       1.515e-37       1.129e-37       1.593e-37       1.530e-37       8.337e-38       5.616e-18       4.963e-08       1.403e-05       3.391e-05       2.653e-05       4.861e-08       
  4.62      1.119e-38       7.330e-39       5.463e-39       7.710e-39       7.403e-39       4.034e-39       1.654e-18       2.878e-08       9.109e-06       2.229e-05       1.759e-05       2.830e-08       
  4.72      5.513e-40       3.611e-40       2.691e-40       3.798e-40       3.647e-40       1.987e-40       4.904e-19       1.665e-08       5.881e-06       1.457e-05       1.160e-05       1.646e-08       
  4.82      2.763e-41       1.810e-41       1.349e-41       1.904e-41       1.828e-41       9.960e-42       1.471e-19       9.645e-09       3.787e-06       9.487e-06       7.622e-06       9.587e-09       
  4.92      1.413e-42       9.252e-43       6.895e-43       9.731e-43       9.344e-43       5.092e-43       4.503e-20       5.605e-09       2.435e-06       6.167e-06       5.001e-06       5.606e-09       
  5.02      7.475e-44       4.896e-44       3.649e-44       5.150e-44       4.945e-44       2.695e-44       1.408e-20       3.262e-09       1.562e-06       3.995e-06       3.272e-06       3.284e-09       
  5.12      4.216e-45       2.761e-45       2.058e-45       2.905e-45       2.789e-45       1.520e-45       4.469e-21       1.899e-09       9.979e-07       2.578e-06       2.132e-06       1.925e-09       
  5.22      2.564e-46       1.680e-46       1.252e-46       1.767e-46       1.696e-46       9.243e-47       1.433e-21       1.105e-09       6.358e-07       1.657e-06       1.385e-06       1.129e-09       
  5.32      1.646e-47       1.078e-47       8.038e-48       1.134e-47       1.089e-47       5.935e-48       4.641e-22       6.444e-10       4.046e-07       1.064e-06       8.981e-07       6.637e-10       
  5.42      1.090e-48       7.139e-49       5.321e-49       7.509e-49       7.210e-49       3.929e-49       1.521e-22       3.772e-10       2.576e-07       6.826e-07       5.825e-07       3.919e-10       
  5.52      7.370e-50       4.827e-50       3.598e-50       5.078e-50       4.875e-50       2.657e-50       5.068e-23       2.219e-10       1.642e-07       4.384e-07       3.781e-07       2.326e-10       
  5.62      5.080e-51       3.327e-51       2.480e-51       3.500e-51       3.360e-51       1.831e-51       1.723e-23       1.312e-10       1.047e-07       2.816e-07       2.455e-07       1.387e-10       
  5.72      3.571e-52       2.339e-52       1.743e-52       2.460e-52       2.362e-52       1.287e-52       5.979e-24       7.778e-11       6.683e-08       1.808e-07       1.594e-07       8.305e-11       
  5.82      2.572e-53       1.685e-53       1.256e-53       1.772e-53       1.701e-53       9.271e-54       2.111e-24       4.623e-11       4.261e-08       1.160e-07       1.034e-07       4.984e-11       
  5.92      1.920e-54       1.257e-54       9.372e-55       1.323e-54       1.270e-54       6.920e-55       7.555e-25       2.752e-11       2.715e-08       7.430e-08       6.695e-08       2.997e-11       
  6.02      1.508e-55       9.879e-56       7.363e-56       1.039e-55       9.978e-56       5.437e-56       2.731e-25       1.641e-11       1.728e-08       4.753e-08       4.332e-08       1.805e-11       
  6.12      1.261e-56       8.259e-57       6.155e-57       8.687e-57       8.341e-57       4.545e-57       9.956e-26       9.795e-12       1.098e-08       3.036e-08       2.799e-08       1.089e-11       
  6.22      1.117e-57       7.318e-58       5.454e-58       7.698e-58       7.391e-58       4.028e-58       3.658e-26       5.854e-12       6.977e-09       1.937e-08       1.807e-08       6.581e-12       
  6.32      1.034e-58       6.774e-59       5.049e-59       7.125e-59       6.841e-59       3.728e-59       1.354e-26       3.503e-12       4.428e-09       1.234e-08       1.165e-08       3.983e-12       
  6.42      9.854e-60       6.454e-60       4.810e-60       6.789e-60       6.518e-60       3.552e-60       5.046e-27       2.099e-12       2.807e-09       7.855e-09       7.502e-09       2.414e-12       
  6.52      9.581e-61       6.275e-61       4.677e-61       6.600e-61       6.338e-61       3.453e-61       1.893e-27       1.259e-12       1.779e-09       4.993e-09       4.826e-09       1.465e-12       
  6.62      9.470e-62       6.203e-62       4.623e-62       6.524e-62       6.264e-62       3.413e-62       7.151e-28       7.561e-13       1.126e-09       3.171e-09       3.102e-09       8.901e-13       
  6.72      9.501e-63       6.223e-63       4.638e-63       6.545e-63       6.285e-63       3.425e-63       2.718e-28       4.546e-13       7.123e-10       2.011e-09       1.992e-09       5.417e-13       
  6.82      9.667e-64       6.332e-64       4.719e-64       6.660e-64       6.395e-64       3.485e-64       1.039e-28       2.736e-13       4.503e-10       1.274e-09       1.278e-09       3.300e-13       
  6.92      9.971e-65       6.531e-65       4.867e-65       6.869e-65       6.596e-65       3.594e-65       3.996e-29       1.648e-13       2.844e-10       8.066e-10       8.190e-10       2.013e-13       
  7.02      1.042e-65       6.822e-66       5.085e-66       7.176e-66       6.890e-66       3.755e-66       1.545e-29       9.939e-14       1.795e-10       5.100e-10       5.245e-10       1.230e-13       
  7.12      1.102e-66       7.217e-67       5.379e-67       7.592e-67       7.289e-67       3.972e-67       6.009e-30       6.000e-14       1.133e-10       3.222e-10       3.356e-10       7.522e-14       
  7.22      1.180e-67       7.728e-68       5.760e-68       8.128e-68       7.805e-68       4.253e-68       2.349e-30       3.625e-14       7.141e-11       2.034e-10       2.146e-10       4.605e-14       
  7.32      1.278e-68       8.371e-69       6.239e-69       8.805e-69       8.454e-69       4.607e-69       9.229e-31       2.193e-14       4.499e-11       1.283e-10       1.371e-10       2.823e-14       
  7.42      1.399e-69       9.166e-70       6.831e-70       9.641e-70       9.257e-70       5.044e-70       3.644e-31       1.327e-14       2.833e-11       8.083e-11       8.752e-11       1.732e-14       
  7.52      1.549e-70       1.014e-70       7.560e-71       1.067e-70       1.024e-70       5.582e-71       1.446e-31       8.044e-15       1.783e-11       5.089e-11       5.583e-11       1.064e-14       
  7.62      1.730e-71       1.133e-71       8.445e-72       1.192e-71       1.144e-71       6.236e-72       5.763e-32       4.878e-15       1.121e-11       3.201e-11       3.559e-11       6.546e-15       
  7.72      1.956e-72       1.281e-72       9.547e-73       1.347e-72       1.294e-72       7.050e-73       2.307e-32       2.961e-15       7.050e-12       2.012e-11       2.267e-11       4.030e-15       
  7.82      2.226e-73       1.458e-73       1.087e-73       1.534e-73       1.473e-73       8.024e-74       9.280e-33       1.799e-15       4.430e-12       1.264e-11       1.443e-11       2.484e-15       
  7.92      2.565e-74       1.680e-74       1.252e-74       1.767e-74       1.697e-74       9.247e-75       3.748e-33       1.094e-15       2.782e-12       7.933e-12       9.183e-12       1.532e-15       
  8.00      4.564e-75       2.989e-75       2.228e-75       3.144e-75       3.019e-75       1.645e-75       1.820e-33       7.352e-16       1.917e-12       5.463e-12       6.392e-12       1.042e-15       