* De conditionele overschrijdingskans van de windsnelheid gegeven de windrichting
* voor een 12-uursperiode te Vlissingen. 
*
* De getallen zijn afkomstig uit het spreadsheet Afleiding_statistiekbestanden_Oosterschelde.xls,               
* tabblad OvKans_Windsnelheid.
* Speadsheet gemaakt door Matthijs Duits van HKV lijn in water op 7 februari 2013
*
* De parameters voor de Weibullverdelingen (geldig voor een getijperiode), die de basis vormen van 
* onderstaande conditionele overschrijdingskansen, zijn ontleend aan Bijlage C van:
* 'Kansberekeningen meetstation OS11'
* TNO rapport, Delft, 1 augustus 2007.
* Auteurs: A.C.W.M. Vrouwenvelder en H.M.G.M. Steenbergen
*
* Onderstaand is u de windsnelheid en r de windrichting
*
*u \ r  30            60            90            120           150           180           210           240           270           300           330           360
0       1.000E+00     1.000E+00     1.000E+00     1.000E+00     1.000E+00     1.000E+00     1.000E+00     1.000E+00     1.000E+00     1.000E+00     1.000E+00     1.000E+00
1       9.615E-01     9.583E-01     9.519E-01     9.506E-01     9.538E-01     9.615E-01     9.660E-01     9.659E-01     9.645E-01     9.567E-01     9.514E-01     9.408E-01
2       8.934E-01     8.927E-01     8.795E-01     8.788E-01     8.863E-01     9.089E-01     9.200E-01     9.168E-01     9.094E-01     8.949E-01     8.734E-01     8.459E-01
3       7.978E-01     8.034E-01     7.831E-01     7.826E-01     7.958E-01     8.402E-01     8.612E-01     8.545E-01     8.402E-01     8.195E-01     7.757E-01     7.284E-01
4       6.797E-01     6.945E-01     6.677E-01     6.654E-01     6.859E-01     7.561E-01     7.908E-01     7.815E-01     7.607E-01     7.346E-01     6.660E-01     5.998E-01
5       5.477E-01     5.731E-01     5.419E-01     5.353E-01     5.634E-01     6.596E-01     7.107E-01     7.006E-01     6.748E-01     6.448E-01     5.520E-01     4.714E-01
6       4.143E-01     4.485E-01     4.159E-01     4.037E-01     4.380E-01     5.553E-01     6.240E-01     6.151E-01     5.860E-01     5.538E-01     4.411E-01     3.529E-01
7       2.924E-01     3.309E-01     3.002E-01     2.830E-01     3.201E-01     4.493E-01     5.341E-01     5.283E-01     4.980E-01     4.654E-01     3.394E-01     2.515E-01
8       1.920E-01     2.291E-01     2.027E-01     1.829E-01     2.186E-01     3.478E-01     4.449E-01     4.436E-01     4.139E-01     3.826E-01     2.514E-01     1.705E-01
9       1.172E-01     1.484E-01     1.276E-01     1.083E-01     1.388E-01     2.566E-01     3.599E-01     3.637E-01     3.363E-01     3.074E-01     1.794E-01     1.102E-01
10      6.659E-02     8.973E-02     7.475E-02     5.859E-02     8.166E-02     1.798E-01     2.824E-01     2.911E-01     2.671E-01     2.415E-01     1.234E-01     6.790E-02
11      3.530E-02     5.065E-02     4.066E-02     2.884E-02     4.441E-02     1.194E-01     2.145E-01     2.272E-01     2.074E-01     1.854E-01     8.194E-02     3.998E-02
12      1.750E-02     2.668E-02     2.052E-02     1.289E-02     2.228E-02     7.491E-02     1.576E-01     1.728E-01     1.575E-01     1.391E-01     5.259E-02     2.251E-02
13      8.127E-03     1.312E-02     9.595E-03     5.219E-03     1.030E-02     4.435E-02     1.118E-01     1.282E-01     1.170E-01     1.020E-01     3.267E-02     1.215E-02
14      3.540E-03     6.027E-03     4.154E-03     1.908E-03     4.376E-03     2.473E-02     7.661E-02     9.263E-02     8.510E-02     7.305E-02     1.966E-02     6.282E-03
15      1.447E-03     2.583E-03     1.662E-03     6.984E-04     1.706E-03     1.298E-02     5.064E-02     6.524E-02     6.061E-02     5.112E-02     1.148E-02     3.117E-03
16      5.764E-04     1.032E-03     6.132E-04     2.319E-04     6.081E-04     6.400E-03     3.228E-02     4.478E-02     4.231E-02     3.494E-02     6.507E-03     1.484E-03
17      2.159E-04     4.107E-04     2.311E-04     6.971E-05     2.200E-04     2.960E-03     1.984E-02     2.995E-02     2.895E-02     2.332E-02     3.582E-03     7.293E-04
18      7.604E-05     1.528E-04     8.082E-05     1.893E-05     7.321E-05     1.282E-03     1.174E-02     1.952E-02     1.943E-02     1.519E-02     1.916E-03     3.459E-04
19      2.518E-05     5.315E-05     2.621E-05     4.632E-06     2.238E-05     5.187E-04     6.690E-03     1.240E-02     1.280E-02     9.658E-03     1.048E-03     1.584E-04
20      7.843E-06     1.726E-05     7.873E-06     1.019E-06     6.271E-06     2.161E-04     3.668E-03     7.674E-03     8.276E-03     5.987E-03     5.584E-04     7.002E-05
21      2.296E-06     5.233E-06     2.188E-06     2.014E-07     1.609E-06     8.456E-05     1.933E-03     4.626E-03     5.254E-03     3.615E-03     2.902E-04     2.990E-05
22      6.321E-07     1.480E-06     5.623E-07     3.562E-08     3.775E-07     3.104E-05     9.783E-04     2.716E-03     3.276E-03     2.124E-03     1.471E-04     1.234E-05
23      1.635E-07     3.900E-07     1.335E-07     5.634E-09     8.085E-08     1.068E-05     4.748E-04     1.553E-03     2.006E-03     1.211E-03     7.279E-05     4.922E-06
24      3.978E-08     9.577E-08     2.923E-08     7.950E-10     1.579E-08     3.440E-06     2.422E-04     8.636E-04     1.207E-03     6.691E-04     3.514E-05     1.898E-06
25      9.093E-09     2.190E-08     5.902E-09     9.990E-11     2.807E-09     1.036E-06     1.192E-04     4.670E-04     7.455E-04     4.109E-04     1.656E-05     7.077E-07
26      1.953E-09     4.659E-09     1.098E-09     1.116E-11     4.538E-10     2.915E-07     5.662E-05     2.661E-04     4.535E-04     2.478E-04     7.622E-06     2.552E-07
27      3.943E-10     9.220E-10     1.880E-10     1.106E-12     6.661E-11     7.653E-08     2.593E-05     1.481E-04     2.716E-04     1.467E-04     3.426E-06     8.906E-08
28      7.481E-11     1.696E-10     2.961E-11     9.714E-14     8.869E-12     1.873E-08     1.144E-05     8.063E-05     1.601E-04     8.534E-05     1.504E-06     3.007E-08
29      1.333E-11     2.899E-11     4.286E-12     7.550E-15     1.070E-12     4.271E-09     4.867E-06     4.290E-05     9.300E-05     4.876E-05     6.452E-07     9.827E-09
30      2.233E-12     4.602E-12     5.698E-13     0.000E+00     1.167E-13     9.059E-10     1.994E-06     2.231E-05     5.319E-05     2.737E-05     2.705E-07     3.109E-09
31      3.513E-13     6.780E-13     6.950E-14     0.000E+00     1.144E-14     1.786E-10     7.868E-07     1.134E-05     2.997E-05     1.509E-05     1.108E-07     9.523E-10
32      5.196E-14     9.270E-14     7.883E-15     0.000E+00     0.000E+00     3.271E-11     2.989E-07     5.632E-06     1.663E-05     8.172E-06     4.437E-08     2.825E-10
33      7.216E-15     1.177E-14     0.000E+00     0.000E+00     0.000E+00     5.560E-12     1.093E-07     2.734E-06     9.092E-06     4.348E-06     1.737E-08     8.115E-11
34      0.000E+00     0.000E+00     0.000E+00     0.000E+00     0.000E+00     8.760E-13     3.845E-08     1.297E-06     4.898E-06     2.273E-06     6.651E-09     2.259E-11
35      0.000E+00     0.000E+00     0.000E+00     0.000E+00     0.000E+00     1.279E-13     1.301E-08     6.017E-07     2.600E-06     1.168E-06     2.490E-09     6.090E-12
36      0.000E+00     0.000E+00     0.000E+00     0.000E+00     0.000E+00     1.732E-14     4.234E-09     2.727E-07     1.360E-06     5.895E-07     9.118E-10     1.591E-12
37      0.000E+00     0.000E+00     0.000E+00     0.000E+00     0.000E+00     2.109E-15     1.325E-09     1.208E-07     7.013E-07     2.924E-07     3.267E-10     4.030E-13
38      0.000E+00     0.000E+00     0.000E+00     0.000E+00     0.000E+00     0.000E+00     3.985E-10     5.229E-08     3.563E-07     1.425E-07     1.145E-10     9.892E-14
39      0.000E+00     0.000E+00     0.000E+00     0.000E+00     0.000E+00     0.000E+00     1.152E-10     2.212E-08     1.785E-07     6.827E-08     3.926E-11     2.354E-14
40      0.000E+00     0.000E+00     0.000E+00     0.000E+00     0.000E+00     0.000E+00     3.197E-11     9.145E-09     8.813E-08     3.214E-08     1.318E-11     5.440E-15
41      0.000E+00     0.000E+00     0.000E+00     0.000E+00     0.000E+00     0.000E+00     8.525E-12     3.694E-09     4.290E-08     1.487E-08     4.328E-12     0.000E+00
42      0.000E+00     0.000E+00     0.000E+00     0.000E+00     0.000E+00     0.000E+00     2.183E-12     1.458E-09     2.059E-08     6.762E-09     1.392E-12     0.000E+00
43      0.000E+00     0.000E+00     0.000E+00     0.000E+00     0.000E+00     0.000E+00     5.366E-13     5.626E-10     9.741E-09     3.022E-09     4.380E-13     0.000E+00
44      0.000E+00     0.000E+00     0.000E+00     0.000E+00     0.000E+00     0.000E+00     1.266E-13     2.121E-10     4.545E-09     1.328E-09     1.349E-13     0.000E+00
45      0.000E+00     0.000E+00     0.000E+00     0.000E+00     0.000E+00     0.000E+00     2.864E-14     7.813E-11     2.091E-09     5.734E-10     4.075E-14     0.000E+00
46      0.000E+00     0.000E+00     0.000E+00     0.000E+00     0.000E+00     0.000E+00     6.217E-15     2.812E-11     9.488E-10     2.434E-10     1.199E-14     0.000E+00
47      0.000E+00     0.000E+00     0.000E+00     0.000E+00     0.000E+00     0.000E+00     0.000E+00     9.890E-12     4.245E-10     1.016E-10     3.442E-15     0.000E+00
48      0.000E+00     0.000E+00     0.000E+00     0.000E+00     0.000E+00     0.000E+00     0.000E+00     3.399E-12     1.874E-10     4.166E-11     0.000E+00     0.000E+00
49      0.000E+00     0.000E+00     0.000E+00     0.000E+00     0.000E+00     0.000E+00     0.000E+00     1.141E-12     8.157E-11     1.680E-11     0.000E+00     0.000E+00
50      0.000E+00     0.000E+00     0.000E+00     0.000E+00     0.000E+00     0.000E+00     0.000E+00     3.745E-13     3.503E-11     6.661E-12     0.000E+00     0.000E+00