* De conditionele overschrijdingskans van de windsnelheid met statistische
* onzekerheid gegeven de windrichting voor een 12-uursperiode te Vlissingen
* 
* Het doel van deze aangepaste statistiek is de winddragcorrectie te verwerken,
* zonder dat deze in de database aangepast hoeft te worden.
* LET OP: deze windstatistiek is dus onjuist (dwz: hij volgt niet logischerwijs
* uit de bekende gegevens), maar dient als workaround om zonder de
* database aan te passen, de winddrag te corrigeren. De statistiek 
* moet dus niet voor andere doeleinden, en in andere systemen dan de meren en
* de Oosterschelde gebruikt worden
* 
* Door: G.W.F. Rongen van HKV lijn in water
* Project: PR3280.20.03
*
* u (m/s)        30.0            60.0            90.0           120.0           150.0           180.0           210.0           240.0           270.0           300.0           330.0           360.0
  0.00      1.000e+00       1.000e+00       1.000e+00       1.000e+00       1.000e+00       1.000e+00       1.000e+00       1.000e+00       1.000e+00       1.000e+00       1.000e+00       1.000e+00       
  2.00      9.827e-01       9.885e-01       9.952e-01       9.894e-01       9.919e-01       9.969e-01       9.970e-01       9.975e-01       9.978e-01       9.961e-01       9.988e-01       9.806e-01       
  2.50      9.586e-01       9.794e-01       9.797e-01       9.691e-01       9.792e-01       9.901e-01       9.936e-01       9.939e-01       9.937e-01       9.852e-01       9.808e-01       9.564e-01       
  3.00      8.970e-01       9.415e-01       9.516e-01       9.435e-01       9.540e-01       9.793e-01       9.851e-01       9.834e-01       9.813e-01       9.533e-01       9.387e-01       9.121e-01       
  3.50      8.340e-01       8.984e-01       9.073e-01       8.927e-01       9.132e-01       9.585e-01       9.747e-01       9.735e-01       9.669e-01       9.273e-01       8.941e-01       8.604e-01       
  4.00      7.316e-01       8.162e-01       8.307e-01       8.075e-01       8.506e-01       9.222e-01       9.556e-01       9.499e-01       9.398e-01       8.892e-01       8.262e-01       7.743e-01       
  4.50      6.557e-01       7.454e-01       7.665e-01       7.206e-01       7.761e-01       8.851e-01       9.294e-01       9.252e-01       9.134e-01       8.480e-01       7.728e-01       7.041e-01       
  5.00      5.716e-01       6.563e-01       6.894e-01       6.309e-01       7.036e-01       8.443e-01       8.937e-01       8.879e-01       8.689e-01       7.880e-01       6.920e-01       6.106e-01       
  5.50      4.993e-01       5.715e-01       6.070e-01       5.314e-01       6.128e-01       7.925e-01       8.550e-01       8.533e-01       8.224e-01       7.355e-01       6.220e-01       5.410e-01       
  6.00      4.179e-01       4.869e-01       5.289e-01       4.570e-01       5.349e-01       7.436e-01       8.169e-01       8.179e-01       7.836e-01       6.736e-01       5.466e-01       4.651e-01       
  6.50      3.563e-01       4.233e-01       4.424e-01       3.784e-01       4.426e-01       6.775e-01       7.648e-01       7.717e-01       7.412e-01       6.140e-01       4.901e-01       4.024e-01       
  7.00      2.885e-01       3.454e-01       3.634e-01       3.041e-01       3.635e-01       6.097e-01       7.074e-01       7.258e-01       6.928e-01       5.437e-01       4.278e-01       3.402e-01       
  7.50      2.283e-01       2.702e-01       2.874e-01       2.319e-01       2.918e-01       5.394e-01       6.494e-01       6.785e-01       6.435e-01       4.822e-01       3.643e-01       2.821e-01       
  8.00      1.797e-01       2.138e-01       2.254e-01       1.715e-01       2.360e-01       4.779e-01       5.979e-01       6.350e-01       5.947e-01       4.246e-01       2.990e-01       2.259e-01       
  8.50      1.436e-01       1.652e-01       1.722e-01       1.217e-01       1.876e-01       4.138e-01       5.400e-01       5.866e-01       5.436e-01       3.694e-01       2.421e-01       1.801e-01       
  9.00      1.095e-01       1.254e-01       1.317e-01       8.012e-02       1.441e-01       3.536e-01       4.814e-01       5.384e-01       4.944e-01       3.130e-01       1.883e-01       1.408e-01       
  9.50      7.793e-02       9.350e-02       1.004e-01       5.439e-02       1.067e-01       2.967e-01       4.238e-01       4.884e-01       4.454e-01       2.635e-01       1.482e-01       1.095e-01       
  10.00     5.374e-02       6.857e-02       7.228e-02       3.937e-02       8.113e-02       2.419e-01       3.657e-01       4.404e-01       3.985e-01       2.216e-01       1.207e-01       8.297e-02       
  10.50     3.688e-02       4.847e-02       4.981e-02       2.888e-02       6.365e-02       1.960e-01       3.152e-01       3.999e-01       3.571e-01       1.857e-01       9.887e-02       6.105e-02       
  11.00     2.531e-02       3.306e-02       3.268e-02       2.119e-02       4.826e-02       1.589e-01       2.727e-01       3.630e-01       3.192e-01       1.519e-01       7.873e-02       4.462e-02       
  11.50     1.738e-02       2.234e-02       2.037e-02       1.556e-02       3.516e-02       1.291e-01       2.351e-01       3.257e-01       2.808e-01       1.213e-01       6.098e-02       3.261e-02       
  12.00     1.192e-02       1.509e-02       1.247e-02       1.142e-02       2.531e-02       1.030e-01       1.990e-01       2.881e-01       2.413e-01       9.621e-02       4.686e-02       2.383e-02       
  12.50     8.138e-03       1.019e-02       7.627e-03       8.384e-03       1.820e-02       7.964e-02       1.649e-01       2.519e-01       2.048e-01       7.587e-02       3.599e-02       1.742e-02       
  13.00     5.439e-03       6.886e-03       4.686e-03       6.138e-03       1.309e-02       6.024e-02       1.335e-01       2.171e-01       1.748e-01       5.951e-02       2.764e-02       1.273e-02       
  13.50     3.488e-03       4.652e-03       2.931e-03       4.452e-03       9.412e-03       4.531e-02       1.059e-01       1.840e-01       1.499e-01       4.670e-02       2.124e-02       9.306e-03       
  14.00     2.146e-03       3.140e-03       1.900e-03       3.175e-03       6.769e-03       3.444e-02       8.333e-02       1.529e-01       1.276e-01       3.675e-02       1.632e-02       6.778e-03       
  14.50     1.293e-03       2.115e-03       1.278e-03       2.229e-03       4.864e-03       2.614e-02       6.546e-02       1.244e-01       1.081e-01       2.896e-02       1.254e-02       4.886e-03       
  15.00     7.743e-04       1.422e-03       8.763e-04       1.553e-03       3.483e-03       1.942e-02       5.138e-02       1.000e-01       9.139e-02       2.283e-02       9.624e-03       3.459e-03       
  15.50     4.637e-04       9.551e-04       6.038e-04       1.080e-03       2.480e-03       1.419e-02       4.017e-02       7.996e-02       7.642e-02       1.800e-02       7.367e-03       2.406e-03       
  16.00     2.778e-04       6.415e-04       4.164e-04       7.506e-04       1.755e-03       1.030e-02       3.087e-02       6.357e-02       6.265e-02       1.419e-02       5.594e-03       1.656e-03       
  16.50     1.665e-04       4.309e-04       2.873e-04       5.220e-04       1.238e-03       7.479e-03       2.288e-02       5.022e-02       5.056e-02       1.119e-02       4.193e-03       1.137e-03       
  17.00     9.986e-05       2.895e-04       1.982e-04       3.631e-04       8.725e-04       5.428e-03       1.623e-02       3.932e-02       4.034e-02       8.828e-03       3.103e-03       7.802e-04       
  17.50     5.990e-05       1.946e-04       1.368e-04       2.526e-04       6.148e-04       3.940e-03       1.115e-02       3.050e-02       3.170e-02       6.961e-03       2.278e-03       5.355e-04       
  18.00     3.595e-05       1.308e-04       9.444e-05       1.758e-04       4.333e-04       2.858e-03       7.550e-03       2.356e-02       2.447e-02       5.482e-03       1.668e-03       3.676e-04       
  18.50     2.159e-05       8.798e-05       6.521e-05       1.224e-04       3.054e-04       2.071e-03       5.094e-03       1.825e-02       1.865e-02       4.303e-03       1.220e-03       2.524e-04       
  19.00     1.297e-05       5.918e-05       4.504e-05       8.519e-05       2.154e-04       1.497e-03       3.440e-03       1.422e-02       1.413e-02       3.353e-03       8.930e-04       1.734e-04       
  19.50     7.792e-06       3.982e-05       3.111e-05       5.933e-05       1.519e-04       1.079e-03       2.331e-03       1.112e-02       1.070e-02       2.584e-03       6.536e-04       1.191e-04       
  20.00     4.684e-06       2.680e-05       2.150e-05       4.132e-05       1.071e-04       7.766e-04       1.593e-03       8.704e-03       8.092e-03       1.969e-03       4.784e-04       8.184e-05       
  20.50     2.817e-06       1.804e-05       1.486e-05       2.879e-05       7.558e-05       5.584e-04       1.103e-03       6.818e-03       6.125e-03       1.488e-03       3.502e-04       5.625e-05       
  21.00     1.695e-06       1.215e-05       1.027e-05       2.006e-05       5.333e-05       4.014e-04       7.759e-04       5.341e-03       4.639e-03       1.120e-03       2.564e-04       3.867e-05       
  21.50     1.020e-06       8.182e-06       7.101e-06       1.398e-05       3.764e-05       2.886e-04       5.531e-04       4.183e-03       3.520e-03       8.412e-04       1.878e-04       2.659e-05       
  22.00     6.145e-07       5.512e-06       4.911e-06       9.747e-06       2.657e-05       2.075e-04       3.975e-04       3.274e-03       2.679e-03       6.317e-04       1.375e-04       1.829e-05       
  22.50     3.702e-07       3.714e-06       3.397e-06       6.797e-06       1.876e-05       1.492e-04       2.867e-04       2.559e-03       2.049e-03       4.745e-04       1.008e-04       1.258e-05       
  23.00     2.231e-07       2.504e-06       2.351e-06       4.740e-06       1.325e-05       1.073e-04       2.071e-04       1.994e-03       1.575e-03       3.564e-04       7.382e-05       8.657e-06       
  23.50     1.345e-07       1.688e-06       1.627e-06       3.307e-06       9.361e-06       7.722e-05       1.496e-04       1.547e-03       1.216e-03       2.678e-04       5.410e-05       5.959e-06       
  24.00     8.114e-08       1.138e-06       1.126e-06       2.307e-06       6.614e-06       5.556e-05       1.081e-04       1.195e-03       9.414e-04       2.012e-04       3.965e-05       4.102e-06       
  24.50     4.896e-08       7.679e-07       7.797e-07       1.610e-06       4.674e-06       3.999e-05       7.813e-05       9.195e-04       7.298e-04       1.512e-04       2.906e-05       2.825e-06       
  25.00     2.955e-08       5.182e-07       5.399e-07       1.124e-06       3.303e-06       2.878e-05       5.648e-05       7.055e-04       5.662e-04       1.136e-04       2.131e-05       1.945e-06       
  25.50     1.785e-08       3.497e-07       3.740e-07       7.848e-07       2.335e-06       2.072e-05       4.084e-05       5.406e-04       4.393e-04       8.541e-05       1.563e-05       1.340e-06       
  26.00     1.078e-08       2.361e-07       2.591e-07       5.480e-07       1.651e-06       1.492e-05       2.953e-05       4.140e-04       3.409e-04       6.421e-05       1.146e-05       9.235e-07       
  26.50     6.517e-09       1.594e-07       1.796e-07       3.828e-07       1.168e-06       1.075e-05       2.136e-05       3.171e-04       2.646e-04       4.828e-05       8.406e-06       6.365e-07       
  27.00     3.940e-09       1.077e-07       1.245e-07       2.674e-07       8.260e-07       7.741e-06       1.545e-05       2.428e-04       2.054e-04       3.630e-05       6.166e-06       4.388e-07       
  27.50     2.383e-09       7.274e-08       8.629e-08       1.869e-07       5.844e-07       5.577e-06       1.118e-05       1.860e-04       1.594e-04       2.730e-05       4.524e-06       3.025e-07       
  28.00     1.442e-09       4.914e-08       5.983e-08       1.306e-07       4.134e-07       4.018e-06       8.088e-06       1.424e-04       1.238e-04       2.053e-05       3.319e-06       2.086e-07       
  28.50     8.727e-10       3.320e-08       4.147e-08       9.123e-08       2.924e-07       2.894e-06       5.849e-06       1.090e-04       9.599e-05       1.543e-05       2.434e-06       1.438e-07       
  29.00     5.281e-10       2.241e-08       2.872e-08       6.367e-08       2.066e-07       2.082e-06       4.226e-06       8.327e-05       7.435e-05       1.158e-05       1.783e-06       9.902e-08       
  29.50     3.193e-10       1.510e-08       1.985e-08       4.434e-08       1.456e-07       1.494e-06       3.045e-06       6.343e-05       5.740e-05       8.669e-06       1.302e-06       6.801e-08       
  30.00     1.925e-10       1.012e-08       1.365e-08       3.072e-08       1.021e-07       1.066e-06       2.183e-06       4.803e-05       4.406e-05       6.452e-06       9.462e-07       4.647e-08       
  30.50     1.154e-10       6.731e-09       9.307e-09       2.111e-08       7.092e-08       7.544e-07       1.551e-06       3.604e-05       3.352e-05       4.759e-06       6.812e-07       3.147e-08       
  31.00     6.844e-11       4.419e-09       6.265e-09       1.431e-08       4.863e-08       5.268e-07       1.087e-06       2.670e-05       2.518e-05       3.465e-06       4.841e-07       2.102e-08       
  31.50     3.992e-11       2.849e-09       4.143e-09       9.534e-09       3.277e-08       3.616e-07       7.494e-07       1.948e-05       1.864e-05       2.483e-06       3.383e-07       1.379e-08       
  32.00     2.276e-11       1.798e-09       2.683e-09       6.222e-09       2.164e-08       2.434e-07       5.067e-07       1.398e-05       1.358e-05       1.748e-06       2.320e-07       8.861e-09       
  32.50     1.263e-11       1.109e-09       1.700e-09       3.973e-09       1.400e-08       1.606e-07       3.358e-07       9.875e-06       9.743e-06       1.210e-06       1.561e-07       5.569e-09       
  33.00     6.807e-12       6.685e-10       1.054e-09       2.486e-09       8.884e-09       1.040e-07       2.187e-07       6.884e-06       6.905e-06       8.244e-07       1.033e-07       3.428e-09       
  33.50     3.565e-12       3.953e-10       6.424e-10       1.530e-09       5.550e-09       6.643e-08       1.403e-07       4.751e-06       4.849e-06       5.555e-07       6.750e-08       2.074e-09       
  34.00     1.821e-12       2.303e-10       3.864e-10       9.295e-10       3.428e-09       4.197e-08       8.915e-08       3.259e-06       3.385e-06       3.714e-07       4.369e-08       1.239e-09       
  34.50     9.126e-13       1.329e-10       2.305e-10       5.603e-10       2.103e-09       2.635e-08       5.629e-08       2.227e-06       2.356e-06       2.472e-07       2.813e-08       7.342e-10       
  35.00     4.514e-13       7.623e-11       1.368e-10       3.363e-10       1.285e-09       1.649e-08       3.543e-08       1.519e-06       1.637e-06       1.642e-07       1.806e-08       4.330e-10       
  35.50     2.216e-13       4.361e-11       8.103e-11       2.014e-10       7.839e-10       1.030e-08       2.227e-08       1.036e-06       1.137e-06       1.090e-07       1.158e-08       2.549e-10       
  36.00     1.083e-13       2.493e-11       4.796e-11       1.206e-10       4.780e-10       6.435e-09       1.399e-08       7.064e-07       7.894e-07       7.233e-08       7.426e-09       1.499e-10       
  36.50     5.290e-14       1.424e-11       2.839e-11       7.218e-11       2.915e-10       4.020e-09       8.792e-09       4.817e-07       5.483e-07       4.800e-08       4.762e-09       8.820e-11       
  37.00     2.583e-14       8.142e-12       1.681e-11       4.322e-11       1.778e-10       2.511e-09       5.526e-09       3.285e-07       3.809e-07       3.186e-08       3.054e-09       5.190e-11       
  37.50     1.262e-14       4.656e-12       9.953e-12       2.589e-11       1.085e-10       1.570e-09       3.474e-09       2.241e-07       2.646e-07       2.116e-08       1.959e-09       3.055e-11       
  38.00     6.166e-15       2.664e-12       5.897e-12       1.551e-11       6.620e-11       9.813e-10       2.185e-09       1.529e-07       1.839e-07       1.405e-08       1.257e-09       1.799e-11       
  38.50     3.016e-15       1.525e-12       3.495e-12       9.298e-12       4.042e-11       6.137e-10       1.374e-09       1.044e-07       1.278e-07       9.333e-09       8.071e-10       1.060e-11       
  39.00     1.476e-15       8.729e-13       2.072e-12       5.576e-12       2.469e-11       3.839e-10       8.650e-10       7.124e-08       8.888e-08       6.202e-09       5.183e-10       6.244e-12       
  39.50     7.227e-16       5.001e-13       1.229e-12       3.345e-12       1.508e-11       2.403e-10       5.445e-10       4.864e-08       6.180e-08       4.122e-09       3.329e-10       3.681e-12       
  40.00     3.542e-16       2.866e-13       7.294e-13       2.007e-12       9.220e-12       1.504e-10       3.429e-10       3.322e-08       4.299e-08       2.740e-09       2.139e-10       2.171e-12       
  40.50     1.737e-16       1.643e-13       4.330e-13       1.205e-12       5.637e-12       9.419e-11       2.160e-10       2.269e-08       2.990e-08       1.822e-09       1.375e-10       1.281e-12       
  41.00     8.523e-17       9.424e-14       2.571e-13       7.237e-13       3.448e-12       5.900e-11       1.361e-10       1.550e-08       2.081e-08       1.212e-09       8.836e-11       7.562e-13       
  41.50     4.185e-17       5.408e-14       1.528e-13       4.348e-13       2.110e-12       3.697e-11       8.577e-11       1.059e-08       1.448e-08       8.063e-10       5.682e-11       4.465e-13       
  42.00     2.056e-17       3.105e-14       9.078e-14       2.613e-13       1.291e-12       2.317e-11       5.407e-11       7.242e-09       1.008e-08       5.366e-10       3.655e-11       2.638e-13       