* De conditionele overschrijdingskans van de windsnelheid gegeven de windrichting
* voor een 12-uursperiode te Vlissingen. 
*
* De getallen zijn afkomstig uit het spreadsheet Afleiding_windsnelheidstatistiek.xls,               
* tabblad OvKans_Windsnelheid.
* Speadsheet gemaakt door Matthijs Duits van HKV lijn in water op 1 mei 2013
*
* De parameters voor de Weibullverdelingen (geldig voor een winterhalfjaar), die de basis vormen van 
* onderstaande conditionele overschrijdingskansen, zijn ontleend aan:
* Hydra-K, versie 3.6.5. Bestand: w-vls.e30
*
* Onderstaand is u de windsnelheid en r de windrichting
*
*u \ r  30            60            90            120           150           180           210           240           270           300           330           360
0       1.000E+00     1.000E+00     1.000E+00     1.000E+00     1.000E+00     1.000E+00     1.000E+00     1.000E+00     1.000E+00     1.000E+00     1.000E+00     1.000E+00
1       1.000E+00     9.648E-01     9.513E-01     9.546E-01     9.536E-01     9.615E-01     9.657E-01     9.641E-01     9.657E-01     9.523E-01     9.526E-01     9.398E-01
2       9.450E-01     8.954E-01     8.719E-01     8.799E-01     8.802E-01     9.056E-01     9.167E-01     9.099E-01     9.042E-01     8.838E-01     8.630E-01     8.321E-01
3       8.210E-01     7.945E-01     7.639E-01     7.743E-01     7.793E-01     8.301E-01     8.525E-01     8.403E-01     8.247E-01     8.007E-01     7.496E-01     6.994E-01
4       6.729E-01     6.716E-01     6.367E-01     6.455E-01     6.577E-01     7.372E-01     7.751E-01     7.589E-01     7.342E-01     7.087E-01     6.267E-01     5.601E-01
5       5.201E-01     5.394E-01     5.030E-01     5.067E-01     5.266E-01     6.319E-01     6.879E-01     6.703E-01     6.388E-01     6.130E-01     5.055E-01     4.282E-01
6       3.789E-01     4.106E-01     3.755E-01     3.724E-01     3.982E-01     5.213E-01     5.951E-01     5.788E-01     5.438E-01     5.183E-01     3.939E-01     3.131E-01
7       2.601E-01     2.957E-01     2.641E-01     2.551E-01     2.834E-01     4.126E-01     5.012E-01     4.886E-01     4.533E-01     4.286E-01     2.971E-01     2.193E-01
8       1.682E-01     2.012E-01     1.745E-01     1.622E-01     1.891E-01     3.126E-01     4.105E-01     4.031E-01     3.702E-01     3.465E-01     2.171E-01     1.472E-01
9       1.024E-01     1.291E-01     1.082E-01     9.532E-02     1.180E-01     2.262E-01     3.267E-01     3.250E-01     2.964E-01     2.740E-01     1.538E-01     9.484E-02
10      5.871E-02     7.801E-02     6.275E-02     5.157E-02     6.867E-02     1.560E-01     2.524E-01     2.560E-01     2.327E-01     2.119E-01     1.057E-01     5.867E-02
11      3.169E-02     4.435E-02     3.399E-02     2.560E-02     3.714E-02     1.022E-01     1.891E-01     1.970E-01     1.792E-01     1.602E-01     7.054E-02     3.487E-02
12      1.610E-02     2.369E-02     1.716E-02     1.162E-02     1.862E-02     6.360E-02     1.374E-01     1.480E-01     1.355E-01     1.185E-01     4.574E-02     1.993E-02
13      7.697E-03     1.188E-02     8.057E-03     4.809E-03     8.631E-03     3.747E-02     9.661E-02     1.086E-01     1.006E-01     8.561E-02     2.883E-02     1.095E-02
14      3.463E-03     5.584E-03     3.513E-03     1.933E-03     3.689E-03     2.086E-02     6.575E-02     7.786E-02     7.328E-02     6.046E-02     1.768E-02     5.794E-03
15      1.466E-03     2.460E-03     1.531E-03     7.071E-04     1.568E-03     1.096E-02     4.327E-02     5.447E-02     5.246E-02     4.171E-02     1.055E-02     2.950E-03
16      5.835E-04     1.045E-03     6.207E-04     2.347E-04     6.156E-04     5.422E-03     2.752E-02     3.719E-02     3.690E-02     2.809E-02     6.123E-03     1.503E-03
17      2.185E-04     4.158E-04     2.339E-04     7.055E-05     2.227E-04     2.521E-03     1.689E-02     2.478E-02     2.550E-02     1.845E-02     3.462E-03     7.383E-04
18      7.696E-05     1.547E-04     8.180E-05     1.915E-05     7.409E-05     1.186E-03     1.001E-02     1.611E-02     1.733E-02     1.182E-02     1.941E-03     3.501E-04
19      2.549E-05     5.379E-05     2.653E-05     4.687E-06     2.264E-05     5.251E-04     5.712E-03     1.021E-02     1.157E-02     7.369E-03     1.061E-03     1.603E-04
20      7.937E-06     1.747E-05     7.968E-06     1.032E-06     6.346E-06     2.187E-04     3.141E-03     6.313E-03     7.598E-03     4.465E-03     5.653E-04     7.086E-05
21      2.324E-06     5.295E-06     2.215E-06     2.038E-07     1.628E-06     8.558E-05     1.662E-03     3.803E-03     4.906E-03     2.624E-03     2.937E-04     3.026E-05
22      6.397E-07     1.497E-06     5.691E-07     3.605E-08     3.820E-07     3.142E-05     9.094E-04     2.232E-03     3.116E-03     1.702E-03     1.489E-04     1.249E-05
23      1.655E-07     3.947E-07     1.351E-07     5.702E-09     8.182E-08     1.081E-05     4.806E-04     1.361E-03     1.947E-03     1.083E-03     7.366E-05     4.981E-06
24      4.025E-08     9.692E-08     2.958E-08     8.045E-10     1.598E-08     3.481E-06     2.452E-04     8.114E-04     1.222E-03     6.774E-04     3.556E-05     1.921E-06
25      9.202E-09     2.216E-08     5.973E-09     1.011E-10     2.841E-09     1.048E-06     1.207E-04     4.728E-04     7.548E-04     4.159E-04     1.676E-05     7.162E-07
26      1.977E-09     4.715E-09     1.111E-09     1.129E-11     4.592E-10     2.950E-07     5.731E-05     2.693E-04     4.590E-04     2.508E-04     7.714E-06     2.583E-07
27      3.991E-10     9.330E-10     1.903E-10     1.119E-12     6.741E-11     7.745E-08     2.624E-05     1.499E-04     2.749E-04     1.485E-04     3.467E-06     9.013E-08
28      7.571E-11     1.716E-10     2.997E-11     9.830E-14     8.975E-12     1.896E-08     1.158E-05     8.161E-05     1.621E-04     8.637E-05     1.522E-06     3.043E-08
29      1.349E-11     2.934E-11     4.338E-12     7.634E-15     1.083E-12     4.322E-09     4.925E-06     4.341E-05     9.412E-05     4.935E-05     6.529E-07     9.945E-09
30      2.260E-12     4.657E-12     5.766E-13     5.234E-16     1.181E-13     9.168E-10     2.018E-06     2.257E-05     5.383E-05     2.769E-05     2.737E-07     3.146E-09
31      3.556E-13     6.861E-13     7.035E-14     3.163E-17     1.165E-14     1.808E-10     7.963E-07     1.147E-05     3.032E-05     1.527E-05     1.121E-07     9.637E-10
32      5.256E-14     9.380E-14     7.871E-15     1.682E-18     1.037E-15     3.311E-11     3.025E-07     5.700E-06     1.683E-05     8.270E-06     4.490E-08     2.859E-10
33      7.297E-15     1.189E-14     8.071E-16     7.862E-20     8.329E-17     5.626E-12     1.106E-07     2.767E-06     9.201E-06     4.400E-06     1.758E-08     8.212E-11
34      9.517E-16     1.397E-15     7.579E-17     3.224E-21     6.023E-18     8.865E-13     3.891E-08     1.313E-06     4.957E-06     2.301E-06     6.730E-09     2.286E-11
35      1.166E-16     1.521E-16     6.513E-18     1.158E-22     3.920E-19     1.294E-13     1.317E-08     6.090E-07     2.631E-06     1.182E-06     2.520E-09     6.163E-12
36      1.341E-17     1.534E-17     5.120E-19     3.639E-24     2.292E-20     1.747E-14     4.285E-09     2.760E-07     1.376E-06     5.966E-07     9.228E-10     1.611E-12
37      1.449E-18     1.432E-18     3.679E-20     9.989E-26     1.204E-21     2.183E-15     1.341E-09     1.223E-07     7.097E-07     2.959E-07     3.306E-10     4.079E-13
38      1.471E-19     1.238E-19     2.414E-21     2.392E-27     5.672E-23     2.519E-16     4.033E-10     5.292E-08     3.606E-07     1.442E-07     1.159E-10     1.001E-13
39      1.401E-20     9.891E-21     1.447E-22     4.988E-29     2.395E-24     2.684E-17     1.165E-10     2.239E-08     1.806E-07     6.909E-08     3.973E-11     2.383E-14
40      1.254E-21     7.310E-22     7.910E-24     9.051E-31     9.050E-26     2.639E-18     3.236E-11     9.255E-09     8.918E-08     3.253E-08     1.333E-11     5.498E-15
41      1.054E-22     4.994E-23     3.943E-25     1.426E-32     3.059E-27     2.391E-19     8.628E-12     3.739E-09     4.341E-08     1.505E-08     4.380E-12     1.230E-15
42      8.311E-24     3.152E-24     1.791E-26     1.951E-34     9.241E-29     1.995E-20     2.209E-12     1.476E-09     2.083E-08     6.843E-09     1.408E-12     2.670E-16
43      6.156E-25     1.838E-25     7.413E-28     2.311E-36     2.492E-30     1.533E-21     5.430E-13     5.694E-10     9.858E-09     3.059E-09     4.432E-13     5.620E-17
44      4.281E-26     9.894E-27     2.793E-29     2.369E-38     5.994E-32     1.083E-22     1.281E-13     2.147E-10     4.599E-09     1.344E-09     1.366E-13     1.148E-17
45      2.795E-27     4.916E-28     9.572E-31     2.099E-40     1.285E-33     7.031E-24     2.900E-14     7.907E-11     2.116E-09     5.802E-10     4.122E-14     2.273E-18
46      1.713E-28     2.254E-29     2.983E-32     1.605E-42     2.452E-35     4.193E-25     6.298E-15     2.846E-11     9.601E-10     2.463E-10     1.218E-14     4.370E-19
47      9.854E-30     9.533E-31     8.451E-34     1.058E-44     4.162E-37     2.294E-26     1.312E-15     1.001E-11     4.296E-10     1.028E-10     3.524E-15     8.153E-20
48      5.321E-31     3.717E-32     2.175E-35     6.005E-47     6.279E-39     1.151E-27     2.620E-16     3.440E-12     1.896E-10     4.216E-11     9.990E-16     1.476E-20
49      2.697E-32     1.336E-33     5.081E-37     2.931E-49     8.414E-41     5.295E-29     5.018E-17     1.155E-12     8.255E-11     1.700E-11     2.774E-16     2.594E-21
50      1.283E-33     4.426E-35     1.077E-38     1.229E-51     1.000E-42     2.230E-30     9.211E-18     3.789E-13     3.545E-11     6.741E-12     7.544E-17     4.425E-22
51      5.731E-35     1.351E-36     2.072E-40     4.421E-54     1.054E-44     8.596E-32     1.620E-18     1.215E-13     1.501E-11     2.628E-12     2.010E-17     7.328E-23
52      2.402E-36     3.796E-38     3.613E-42     1.363E-56     9.844E-47     3.030E-33     2.731E-19     3.805E-14     6.274E-12     1.007E-12     5.250E-18     1.178E-23
53      9.449E-38     9.820E-40     5.708E-44     3.597E-59     8.136E-49     9.762E-35     4.409E-20     1.164E-14     2.587E-12     3.794E-13     1.343E-18     1.840E-24
54      3.488E-39     2.338E-41     8.169E-46     8.115E-62     5.947E-51     2.873E-36     6.818E-21     3.481E-15     1.052E-12     1.406E-13     3.368E-19     2.789E-25
55      1.208E-40     5.122E-43     1.058E-47     1.564E-64     3.842E-53     7.717E-38     1.009E-21     1.017E-15     4.222E-13     5.121E-14     8.277E-20     4.108E-26