* De conditionele overschrijdingskans van de zeewaterstand met statistische onzekerheid gegeven de windrichting
* voor een 12-uursperiode te Harlingen, gelegen op locatie: 
* 156480, 576550
* 
* Deze statistiek is afgeleid met dezelfde methode als gebruikt in 3280.20.03.
* De door Deltares op 10 november 2016 aangeleverde statistiek is gebruikt als bron.
*
* Het waterstandsbereik waarvoor de overschrijdingskansen zijn gegeven is het hoogwater 2017 tot 8.00 m + NAP
* met een stapgrootte van 0.1 m. De laatste stapgrootte kan afwijken om op 8.00 m uit te komen. Hierbij wordt
* een stapgrootte van minimaal 6 en maximaal 15 cm gekozen.
* 
* Door: G.W.F. Rongen van HKV lijn in water
* Project: PR3510.10
*
* m (m+NAP) 30              60              90              120             150             180             210             240             270             300             330             360
  1.05      1.000e+00       1.000e+00       1.000e+00       1.000e+00       1.000e+00       1.000e+00       1.000e+00       1.000e+00       1.000e+00       1.000e+00       1.000e+00       1.000e+00       
  1.15      1.000e+00       1.000e+00       1.000e+00       1.000e+00       1.000e+00       1.000e+00       9.461e-01       4.198e-01       5.883e-01       5.777e-01       4.702e-01       3.417e-01       
  1.25      1.000e+00       1.000e+00       1.000e+00       1.000e+00       1.000e+00       1.000e+00       8.974e-01       1.789e-01       3.516e-01       3.390e-01       2.246e-01       1.179e-01       
  1.35      1.000e+00       1.000e+00       1.000e+00       1.000e+00       1.000e+00       1.000e+00       7.638e-01       8.189e-02       2.202e-01       2.095e-01       1.156e-01       4.452e-02       
  1.45      1.000e+00       1.000e+00       1.000e+00       1.000e+00       1.000e+00       1.000e+00       3.223e-01       6.238e-02       1.870e-01       1.811e-01       9.892e-02       3.296e-02       
  1.55      1.000e+00       1.000e+00       1.000e+00       1.000e+00       1.000e+00       1.000e+00       1.205e-01       5.015e-02       1.631e-01       1.616e-01       8.931e-02       2.637e-02       
  1.65      9.978e-01       9.826e-01       9.436e-01       9.855e-01       9.832e-01       8.604e-01       4.408e-02       3.985e-02       1.407e-01       1.427e-01       7.990e-02       2.088e-02       
  1.75      5.334e-01       3.611e-01       2.703e-01       3.791e-01       3.645e-01       1.998e-01       1.577e-02       3.131e-02       1.201e-01       1.248e-01       7.081e-02       1.635e-02       
  1.85      8.038e-02       5.265e-02       3.923e-02       5.538e-02       5.317e-02       2.897e-02       5.526e-03       2.432e-02       1.014e-01       1.080e-01       6.216e-02       1.268e-02       
  1.95      9.205e-03       6.029e-03       4.493e-03       6.342e-03       6.089e-03       3.318e-03       1.898e-03       1.868e-02       8.466e-02       9.248e-02       5.404e-02       9.725e-03       
  2.05      8.206e-04       5.375e-04       4.005e-04       5.653e-04       5.428e-04       2.958e-04       6.391e-04       1.419e-02       6.989e-02       7.838e-02       4.652e-02       7.386e-03       
  2.15      5.613e-05       3.676e-05       2.740e-05       3.867e-05       3.713e-05       2.023e-05       2.112e-04       1.066e-02       5.706e-02       6.572e-02       3.964e-02       5.554e-03       
  2.25      2.903e-06       1.902e-06       1.417e-06       2.000e-06       1.921e-06       1.047e-06       6.855e-05       7.926e-03       4.605e-02       5.452e-02       3.344e-02       4.135e-03       
  2.35      1.120e-07       7.333e-08       5.465e-08       7.713e-08       7.405e-08       4.035e-08       2.185e-05       5.828e-03       3.674e-02       4.473e-02       2.791e-02       3.048e-03       
  2.45      3.171e-09       2.077e-09       1.548e-09       2.185e-09       2.098e-09       1.143e-09       6.848e-06       4.240e-03       2.898e-02       3.629e-02       2.305e-02       2.226e-03       
  2.55      6.503e-11       4.260e-11       3.174e-11       4.480e-11       4.302e-11       2.344e-11       2.110e-06       3.052e-03       2.259e-02       2.912e-02       1.884e-02       1.610e-03       
  2.65      9.514e-13       6.232e-13       4.644e-13       6.555e-13       6.293e-13       3.429e-13       6.397e-07       2.174e-03       1.741e-02       2.310e-02       1.523e-02       1.154e-03       
  2.75      9.786e-15       6.410e-15       4.777e-15       6.742e-15       6.473e-15       3.527e-15       1.909e-07       1.533e-03       1.326e-02       1.812e-02       1.218e-02       8.188e-04       
  2.85      6.974e-17       4.568e-17       3.404e-17       4.804e-17       4.613e-17       2.514e-17       5.607e-08       1.069e-03       9.976e-03       1.404e-02       9.631e-03       5.759e-04       
  2.95      3.392e-19       2.222e-19       1.656e-19       2.337e-19       2.244e-19       1.223e-19       1.622e-08       7.384e-04       7.418e-03       1.076e-02       7.531e-03       4.013e-04       
  3.05      1.110e-21       7.270e-22       5.418e-22       7.647e-22       7.342e-22       4.001e-22       4.624e-09       5.047e-04       5.450e-03       8.146e-03       5.822e-03       2.772e-04       
  3.15      2.407e-24       1.577e-24       1.175e-24       1.658e-24       1.592e-24       8.677e-25       1.299e-09       3.415e-04       3.957e-03       6.095e-03       4.450e-03       1.897e-04       
  3.25      3.409e-27       2.233e-27       1.664e-27       2.349e-27       2.255e-27       1.229e-27       3.598e-10       2.288e-04       2.837e-03       4.505e-03       3.362e-03       1.287e-04       
  3.35      3.107e-30       2.035e-30       1.516e-30       2.140e-30       2.055e-30       1.120e-30       9.828e-11       1.517e-04       2.010e-03       3.290e-03       2.510e-03       8.652e-05       
  3.45      1.795e-33       1.176e-33       8.760e-34       1.236e-33       1.187e-33       6.469e-34       2.645e-11       9.958e-05       1.406e-03       2.372e-03       1.851e-03       5.764e-05       
  3.55      6.857e-37       4.491e-37       3.347e-37       4.724e-37       4.536e-37       2.472e-37       6.968e-12       6.426e-05       9.652e-04       1.679e-03       1.341e-03       3.780e-05       
  3.65      4.464e-40       2.924e-40       2.179e-40       3.075e-40       2.953e-40       1.609e-40       1.899e-12       4.147e-05       6.598e-04       1.183e-03       9.667e-04       2.482e-05       
  3.75      3.032e-43       1.986e-43       1.480e-43       2.089e-43       2.006e-43       1.093e-43       5.169e-13       2.654e-05       4.461e-04       8.234e-04       6.890e-04       1.618e-05       
  3.85      1.870e-46       1.225e-46       9.130e-47       1.289e-46       1.237e-46       6.742e-47       1.404e-13       1.686e-05       2.983e-04       5.668e-04       4.856e-04       1.047e-05       
  3.95      1.055e-49       6.912e-50       5.151e-50       7.270e-50       6.980e-50       3.803e-50       3.805e-14       1.062e-05       1.972e-04       3.857e-04       3.384e-04       6.729e-06       
  4.05      5.478e-53       3.588e-53       2.674e-53       3.774e-53       3.623e-53       1.974e-53       1.028e-14       6.618e-06       1.287e-04       2.589e-04       2.326e-04       4.285e-06       
  4.15      2.630e-56       1.723e-56       1.284e-56       1.812e-56       1.740e-56       9.480e-57       2.776e-15       4.092e-06       8.300e-05       1.718e-04       1.581e-04       2.709e-06       
  4.25      1.174e-59       7.687e-60       5.729e-60       8.086e-60       7.763e-60       4.230e-60       7.652e-16       2.526e-06       5.325e-05       1.132e-04       1.067e-04       1.711e-06       
  4.35      4.912e-63       3.217e-63       2.397e-63       3.384e-63       3.249e-63       1.770e-63       2.147e-16       1.553e-06       3.391e-05       7.403e-05       7.144e-05       1.077e-06       
  4.45      2.121e-66       1.389e-66       1.035e-66       1.461e-66       1.403e-66       7.644e-67       6.067e-17       9.493e-07       2.139e-05       4.793e-05       4.735e-05       6.745e-07       
  4.55      1.228e-69       8.040e-70       5.992e-70       8.457e-70       8.119e-70       4.424e-70       1.722e-17       5.766e-07       1.337e-05       3.071e-05       3.106e-05       4.200e-07       
  4.65      8.778e-73       5.750e-73       4.285e-73       6.048e-73       5.806e-73       3.164e-73       4.915e-18       3.485e-07       8.290e-06       1.951e-05       2.020e-05       2.605e-07       
  4.75      6.457e-76       4.229e-76       3.152e-76       4.448e-76       4.271e-76       2.327e-76       1.418e-18       2.103e-07       5.116e-06       1.233e-05       1.306e-05       1.614e-07       
  4.85      4.759e-79       3.117e-79       2.323e-79       3.279e-79       3.148e-79       1.716e-79       4.170e-19       1.269e-07       3.147e-06       7.753e-06       8.399e-06       9.997e-08       
  4.95      3.482e-82       2.281e-82       1.700e-82       2.399e-82       2.303e-82       1.255e-82       1.253e-19       7.649e-08       1.927e-06       4.851e-06       5.372e-06       6.187e-08       
  5.05      2.563e-85       1.679e-85       1.251e-85       1.766e-85       1.695e-85       9.239e-86       3.822e-20       4.600e-08       1.174e-06       3.018e-06       3.416e-06       3.823e-08       
  5.15      1.659e-88       1.087e-88       8.100e-89       1.143e-88       1.098e-88       5.981e-89       1.179e-20       2.764e-08       7.129e-07       1.870e-06       2.162e-06       2.360e-08       
  5.25      1.152e-91       7.546e-92       5.623e-92       7.937e-92       7.620e-92       4.152e-92       3.673e-21       1.662e-08       4.322e-07       1.156e-06       1.365e-06       1.460e-08       
  5.35      6.696e-95       4.386e-95       3.268e-95       4.613e-95       4.429e-95       2.413e-95       1.161e-21       1.003e-08       2.621e-07       7.138e-07       8.608e-07       9.050e-09       
  5.45      4.183e-98       2.740e-98       2.042e-98       2.882e-98       2.767e-98       1.508e-98       3.739e-22       6.063e-09       1.590e-07       4.406e-07       5.422e-07       5.627e-09       
  5.55      2.508e-101      1.643e-101      1.224e-101      1.728e-101      1.659e-101      9.040e-102      1.230e-22       3.673e-09       9.641e-08       2.717e-07       3.410e-07       3.504e-09       
  5.65      1.818e-104      1.191e-104      8.873e-105      1.252e-104      1.202e-104      6.552e-105      4.131e-23       2.227e-09       5.838e-08       1.672e-07       2.139e-07       2.184e-09       
  5.75      1.258e-107      8.242e-108      6.142e-108      8.669e-108      8.323e-108      4.535e-108      1.408e-23       1.350e-09       3.529e-08       1.026e-07       1.338e-07       1.362e-09       
  5.85      7.557e-111      4.949e-111      3.688e-111      5.206e-111      4.998e-111      2.724e-111      4.859e-24       8.187e-10       2.129e-08       6.283e-08       8.347e-08       8.493e-10       
  5.95      8.399e-114      5.501e-114      4.099e-114      5.786e-114      5.555e-114      3.027e-114      1.691e-24       4.963e-10       1.282e-08       3.837e-08       5.192e-08       5.296e-10       
  6.05      3.587e-117      2.350e-117      1.751e-117      2.471e-117      2.373e-117      1.293e-117      5.934e-25       3.008e-10       7.704e-09       2.337e-08       3.221e-08       3.303e-10       
  6.15      4.065e-120      2.663e-120      1.984e-120      2.800e-120      2.689e-120      1.465e-120      2.097e-25       1.823e-10       4.621e-09       1.421e-08       1.993e-08       2.060e-10       
  6.25      1.129e-123      7.394e-124      5.510e-124      7.777e-124      7.467e-124      4.069e-124      7.460e-26       1.105e-10       2.767e-09       8.614e-09       1.230e-08       1.284e-10       
  6.35      2.839e-127      1.859e-127      1.386e-127      1.956e-127      1.878e-127      1.023e-127      2.672e-26       6.692e-11       1.654e-09       5.211e-09       7.573e-09       8.009e-11       
  6.45      2.314e-130      1.515e-130      1.129e-130      1.594e-130      1.530e-130      8.340e-131      9.628e-27       4.053e-11       9.872e-10       3.146e-09       4.651e-09       4.995e-11       
  6.55      4.277e-134      2.801e-134      2.088e-134      2.947e-134      2.829e-134      1.542e-134      3.490e-27       2.455e-11       5.882e-10       1.896e-09       2.850e-09       3.115e-11       
  6.65      2.997e-137      1.963e-137      1.463e-137      2.065e-137      1.983e-137      1.080e-137      1.273e-27       1.487e-11       3.499e-10       1.140e-09       1.743e-09       1.943e-11       
  6.75      2.018e-140      1.321e-140      9.848e-141      1.390e-140      1.334e-140      7.272e-141      4.667e-28       9.003e-12       2.078e-10       6.840e-10       1.063e-09       1.212e-11       
  6.85      1.223e-143      8.011e-144      5.970e-144      8.426e-144      8.090e-144      4.408e-144      1.720e-28       5.451e-12       1.233e-10       4.097e-10       6.475e-10       7.558e-12       
  6.95      6.474e-147      4.241e-147      3.160e-147      4.461e-147      4.283e-147      2.334e-147      6.375e-29       3.300e-12       7.302e-11       2.450e-10       3.934e-10       4.714e-12       
  7.05      3.073e-150      2.013e-150      1.500e-150      2.117e-150      2.032e-150      1.108e-150      2.374e-29       1.998e-12       4.319e-11       1.462e-10       2.386e-10       2.941e-12       
  7.15      1.285e-153      8.420e-154      6.275e-154      8.856e-154      8.503e-154      4.633e-154      8.884e-30       1.209e-12       2.551e-11       8.710e-11       1.444e-10       1.834e-12       
  7.25      4.672e-157      3.060e-157      2.281e-157      3.219e-157      3.091e-157      1.684e-157      3.340e-30       7.319e-13       1.505e-11       5.181e-11       8.724e-11       1.144e-12       
  7.35      1.514e-160      9.914e-161      7.388e-161      1.043e-160      1.001e-160      5.456e-161      1.261e-30       4.429e-13       8.869e-12       3.077e-11       5.261e-11       7.140e-13       
  7.45      4.311e-164      2.824e-164      2.104e-164      2.970e-164      2.852e-164      1.554e-164      4.785e-31       2.680e-13       5.219e-12       1.824e-11       3.167e-11       4.454e-13       
  7.55      1.075e-167      7.041e-168      5.247e-168      7.406e-168      7.111e-168      3.875e-168      1.823e-31       1.622e-13       3.068e-12       1.080e-11       1.903e-11       2.779e-13       
  7.65      2.350e-171      1.539e-171      1.147e-171      1.619e-171      1.554e-171      8.471e-172      6.973e-32       9.815e-14       1.801e-12       6.382e-12       1.142e-11       1.734e-13       
  7.75      4.442e-175      2.910e-175      2.168e-175      3.061e-175      2.938e-175      1.601e-175      2.678e-32       5.939e-14       1.056e-12       3.767e-12       6.839e-12       1.082e-13       
  7.85      7.424e-179      4.863e-179      3.624e-179      5.115e-179      4.911e-179      2.676e-179      1.032e-32       3.593e-14       6.188e-13       2.220e-12       4.090e-12       6.754e-14       
  8.00      1.240e-184      8.124e-185      6.054e-185      8.544e-185      8.204e-185      4.470e-185      2.489e-33       1.691e-14       2.769e-13       1.002e-12       1.886e-12       3.330e-14       