* De conditionele overschrijdingskans van de zeewaterstand zonder statistische onzekerheid gegeven de windrichting
* voor een 12-uursperiode te Harlingen, gelegen op locatie: 
* 156480, 576550
* 
* Het waterstandsbereik waarvoor de overschrijdingskansen zijn gegeven is het hoogwater 1991 tot 8.00 m + NAP
* met een stapgrootte van 0.1 m. De laatste stapgrootte kan afwijken om op 8.00 m uit te komen. Hierbij wordt
* een stapgrootte van mimimaal 6 en maximaal 15 cm gekozen.
* 
* Betreft zichtjaar 1985 (het jaar waarvoor de basispeilen zijn afgeleid); 
* zeespiegelstijging sinds 1985 moet apart in rekening worden gebracht.
*
* Door: G.W.F. Rongen van HKV lijn in water
* Project: PR3280.20.03
*
* m (m+NAP) 30              60              90              120             150             180             210             240             270             300             330             360
  0.95      1.000e+00       1.000e+00       1.000e+00       1.000e+00       1.000e+00       1.000e+00       1.000e+00       1.000e+00       1.000e+00       1.000e+00       1.000e+00       1.000e+00       
  1.05      1.000e+00       1.000e+00       1.000e+00       1.000e+00       1.000e+00       1.000e+00       9.404e-01       4.231e-01       5.930e-01       5.828e-01       4.749e-01       3.431e-01       
  1.15      1.000e+00       1.000e+00       1.000e+00       1.000e+00       1.000e+00       1.000e+00       8.843e-01       1.790e-01       3.517e-01       3.396e-01       2.255e-01       1.177e-01       
  1.25      1.000e+00       1.000e+00       1.000e+00       1.000e+00       1.000e+00       1.000e+00       8.316e-01       7.573e-02       2.086e-01       1.979e-01       1.071e-01       4.040e-02       
  1.35      1.000e+00       1.000e+00       1.000e+00       1.000e+00       1.000e+00       1.000e+00       3.212e-01       6.201e-02       1.850e-01       1.793e-01       9.806e-02       3.288e-02       
  1.45      1.000e+00       1.000e+00       1.000e+00       1.000e+00       1.000e+00       1.000e+00       1.210e-01       5.016e-02       1.623e-01       1.608e-01       8.899e-02       2.646e-02       
  1.55      1.000e+00       1.000e+00       1.000e+00       1.000e+00       1.000e+00       9.641e-01       4.451e-02       4.008e-02       1.409e-01       1.428e-01       8.002e-02       2.105e-02       
  1.65      4.979e-01       3.261e-01       2.430e-01       3.430e-01       3.293e-01       1.795e-01       1.600e-02       3.166e-02       1.209e-01       1.255e-01       7.126e-02       1.657e-02       
  1.75      7.335e-02       4.804e-02       3.580e-02       5.053e-02       4.852e-02       2.644e-02       5.628e-03       2.471e-02       1.026e-01       1.092e-01       6.285e-02       1.289e-02       
  1.85      8.413e-03       5.510e-03       4.106e-03       5.796e-03       5.565e-03       3.032e-03       1.938e-03       1.906e-02       8.607e-02       9.394e-02       5.489e-02       9.931e-03       
  1.95      7.389e-04       4.840e-04       3.607e-04       5.091e-04       4.887e-04       2.663e-04       6.540e-04       1.454e-02       7.139e-02       7.998e-02       4.745e-02       7.568e-03       
  2.05      4.888e-05       3.201e-05       2.386e-05       3.367e-05       3.233e-05       1.762e-05       2.164e-04       1.097e-02       5.854e-02       6.736e-02       4.060e-02       5.708e-03       
  2.15      2.394e-06       1.568e-06       1.169e-06       1.650e-06       1.584e-06       8.630e-07       7.024e-05       8.177e-03       4.744e-02       5.611e-02       3.438e-02       4.262e-03       
  2.25      8.541e-08       5.595e-08       4.169e-08       5.884e-08       5.650e-08       3.079e-08       2.238e-05       6.030e-03       3.800e-02       4.621e-02       2.880e-02       3.150e-03       
  2.35      2.181e-09       1.429e-09       1.065e-09       1.503e-09       1.443e-09       7.862e-10       7.005e-06       4.398e-03       3.008e-02       3.763e-02       2.387e-02       2.305e-03       
  2.45      3.920e-11       2.568e-11       1.913e-11       2.701e-11       2.593e-11       1.413e-11       2.155e-06       3.173e-03       2.353e-02       3.029e-02       1.957e-02       1.670e-03       
  2.55      4.873e-13       3.192e-13       2.378e-13       3.357e-13       3.223e-13       1.756e-13       6.516e-07       2.264e-03       1.818e-02       2.411e-02       1.587e-02       1.198e-03       
  2.65      4.118e-15       2.697e-15       2.010e-15       2.837e-15       2.724e-15       1.484e-15       1.938e-07       1.599e-03       1.388e-02       1.896e-02       1.272e-02       8.515e-04       
  2.75      2.324e-17       1.523e-17       1.135e-17       1.601e-17       1.538e-17       8.378e-18       5.674e-08       1.117e-03       1.047e-02       1.473e-02       1.008e-02       5.994e-04       
  2.85      8.613e-20       5.642e-20       4.204e-20       5.934e-20       5.697e-20       3.105e-20       1.635e-08       7.719e-04       7.800e-03       1.131e-02       7.901e-03       4.179e-04       
  2.95      2.058e-22       1.348e-22       1.005e-22       1.418e-22       1.361e-22       7.419e-23       4.638e-09       5.280e-04       5.741e-03       8.580e-03       6.120e-03       2.887e-04       
  3.05      3.116e-25       2.041e-25       1.521e-25       2.147e-25       2.061e-25       1.123e-25       1.296e-09       3.573e-04       4.173e-03       6.430e-03       4.684e-03       1.976e-04       
  3.15      2.937e-28       1.923e-28       1.433e-28       2.023e-28       1.942e-28       1.058e-28       3.570e-10       2.394e-04       2.995e-03       4.759e-03       3.543e-03       1.340e-04       
  3.25      1.692e-31       1.108e-31       8.257e-32       1.165e-31       1.119e-31       6.097e-32       9.692e-11       1.587e-04       2.123e-03       3.478e-03       2.648e-03       9.005e-05       
  3.35      5.851e-35       3.832e-35       2.856e-35       4.031e-35       3.870e-35       2.109e-35       2.594e-11       1.041e-04       1.486e-03       2.511e-03       1.955e-03       5.997e-05       
  3.45      1.193e-38       7.815e-39       5.824e-39       8.220e-39       7.892e-39       4.301e-39       6.849e-12       6.765e-05       1.027e-03       1.789e-03       1.426e-03       3.958e-05       
  3.55      1.409e-42       9.229e-43       6.877e-43       9.707e-43       9.320e-43       5.079e-43       1.784e-12       4.350e-05       7.011e-04       1.259e-03       1.027e-03       2.589e-05       
  3.65      9.460e-47       6.196e-47       4.617e-47       6.517e-47       6.257e-47       3.410e-47       4.583e-13       2.769e-05       4.724e-04       8.744e-04       7.303e-04       1.679e-05       
  3.75      3.545e-51       2.322e-51       1.730e-51       2.442e-51       2.345e-51       1.278e-51       1.163e-13       1.745e-05       3.142e-04       5.995e-04       5.130e-04       1.079e-05       
  3.85      7.282e-56       4.770e-56       3.554e-56       5.017e-56       4.817e-56       2.625e-56       2.911e-14       1.089e-05       2.063e-04       4.057e-04       3.557e-04       6.877e-06       
  3.95      8.047e-61       5.271e-61       3.928e-61       5.544e-61       5.323e-61       2.900e-61       7.197e-15       6.730e-06       1.337e-04       2.709e-04       2.435e-04       4.345e-06       
  4.05      4.696e-66       3.076e-66       2.292e-66       3.235e-66       3.106e-66       1.693e-66       1.757e-15       4.117e-06       8.555e-05       1.785e-04       1.646e-04       2.721e-06       
  4.15      1.421e-71       9.305e-72       6.935e-72       9.788e-72       9.397e-72       5.121e-72       4.239e-16       2.495e-06       5.402e-05       1.161e-04       1.098e-04       1.690e-06       
  4.25      2.187e-77       1.432e-77       1.067e-77       1.507e-77       1.446e-77       7.882e-78       1.010e-16       1.497e-06       3.366e-05       7.447e-05       7.225e-05       1.041e-06       
  4.35      1.681e-83       1.101e-83       8.203e-84       1.158e-83       1.112e-83       6.058e-84       2.380e-17       8.892e-07       2.070e-05       4.713e-05       4.693e-05       6.357e-07       
  4.45      6.329e-90       4.146e-90       3.089e-90       4.360e-90       4.186e-90       2.281e-90       5.539e-18       5.233e-07       1.256e-05       2.942e-05       3.008e-05       3.850e-07       
  4.55      1.146e-96       7.507e-97       5.594e-97       7.896e-97       7.581e-97       4.131e-97       1.275e-18       3.050e-07       7.525e-06       1.812e-05       1.902e-05       2.312e-07       
  4.65      9.793e-104      6.414e-104      4.780e-104      6.746e-104      6.477e-104      3.530e-104      2.900e-19       1.761e-07       4.447e-06       1.100e-05       1.186e-05       1.377e-07       
  4.75      3.873e-111      2.537e-111      1.891e-111      2.668e-111      2.562e-111      1.396e-111      6.525e-20       1.007e-07       2.593e-06       6.589e-06       7.299e-06       8.137e-08       
  4.85      6.958e-119      4.557e-119      3.396e-119      4.793e-119      4.602e-119      2.508e-119      1.452e-20       5.702e-08       1.492e-06       3.891e-06       4.430e-06       4.768e-08       
  4.95      5.569e-127      3.648e-127      2.718e-127      3.837e-127      3.684e-127      2.007e-127      3.196e-21       3.199e-08       8.466e-07       2.266e-06       2.651e-06       2.772e-08       
  5.05      1.948e-135      1.276e-135      9.510e-136      1.342e-135      1.289e-135      7.023e-136      6.960e-22       1.778e-08       4.740e-07       1.301e-06       1.565e-06       1.598e-08       
  5.15      2.923e-144      1.914e-144      1.427e-144      2.014e-144      1.933e-144      1.053e-144      1.500e-22       9.790e-09       2.618e-07       7.363e-07       9.105e-07       9.142e-09       
  5.25      1.844e-153      1.208e-153      9.000e-154      1.270e-153      1.220e-153      6.646e-154      3.198e-23       5.340e-09       1.427e-07       4.108e-07       5.224e-07       5.188e-09       
  5.35      4.798e-163      3.143e-163      2.342e-163      3.306e-163      3.174e-163      1.729e-163      6.748e-24       2.886e-09       7.668e-08       2.259e-07       2.955e-07       2.921e-09       
  5.45      5.051e-173      3.309e-173      2.466e-173      3.480e-173      3.341e-173      1.821e-173      1.410e-24       1.545e-09       4.065e-08       1.225e-07       1.648e-07       1.631e-09       
  5.55      2.110e-183      1.382e-183      1.030e-183      1.454e-183      1.396e-183      7.605e-184      2.915e-25       8.198e-10       2.126e-08       6.543e-08       9.055e-08       9.041e-10       
  5.65      3.429e-194      2.246e-194      1.674e-194      2.362e-194      2.268e-194      1.236e-194      5.968e-26       4.310e-10       1.096e-08       3.445e-08       4.905e-08       4.972e-10       
  5.75      2.126e-205      1.393e-205      1.038e-205      1.465e-205      1.406e-205      7.663e-206      1.210e-26       2.245e-10       5.576e-09       1.787e-08       2.618e-08       2.713e-10       
  5.85      4.932e-217      3.230e-217      2.407e-217      3.398e-217      3.262e-217      1.778e-217      2.429e-27       1.159e-10       2.797e-09       9.135e-09       1.377e-08       1.469e-10       
  5.95      4.196e-229      2.749e-229      2.048e-229      2.891e-229      2.776e-229      1.513e-229      4.830e-28       5.925e-11       1.384e-09       4.601e-09       7.139e-09       7.890e-11       
  6.05      1.284e-241      8.411e-242      6.268e-242      8.847e-242      8.494e-242      4.629e-242      9.513e-29       3.003e-11       6.750e-10       2.283e-09       3.646e-09       4.207e-11       
  6.15      1.386e-254      9.076e-255      6.764e-255      9.547e-255      9.166e-255      4.995e-255      1.856e-29       1.508e-11       3.247e-10       1.116e-09       1.834e-09       2.226e-11       
  6.25      5.169e-268      3.385e-268      2.523e-268      3.561e-268      3.419e-268      1.863e-268      3.588e-30       7.508e-12       1.540e-10       5.373e-10       9.090e-10       1.169e-11       
  6.35      6.533e-282      4.279e-282      3.189e-282      4.501e-282      4.321e-282      2.355e-282      6.871e-31       3.704e-12       7.202e-11       2.549e-10       4.437e-10       6.090e-12       
  6.45      2.743e-296      1.797e-296      1.339e-296      1.890e-296      1.814e-296      9.887e-297      1.304e-31       1.811e-12       3.321e-11       1.191e-10       2.134e-10       3.150e-12       
  6.55      0.000e+00       0.000e+00       0.000e+00       0.000e+00       0.000e+00       0.000e+00       2.452e-32       8.774e-13       1.510e-11       5.477e-11       1.010e-10       1.617e-12       
  6.65      0.000e+00       0.000e+00       0.000e+00       0.000e+00       0.000e+00       0.000e+00       4.571e-33       4.214e-13       6.766e-12       2.482e-11       4.712e-11       8.239e-13       
  6.75      0.000e+00       0.000e+00       0.000e+00       0.000e+00       0.000e+00       0.000e+00       8.445e-34       2.006e-13       2.990e-12       1.107e-11       2.164e-11       4.167e-13       
  6.85      0.000e+00       0.000e+00       0.000e+00       0.000e+00       0.000e+00       0.000e+00       1.547e-34       9.464e-14       1.302e-12       4.864e-12       9.783e-12       2.092e-13       
  6.95      0.000e+00       0.000e+00       0.000e+00       0.000e+00       0.000e+00       0.000e+00       2.808e-35       4.426e-14       5.592e-13       2.104e-12       4.355e-12       1.042e-13       
  7.05      0.000e+00       0.000e+00       0.000e+00       0.000e+00       0.000e+00       0.000e+00       5.054e-36       2.052e-14       2.367e-13       8.959e-13       1.909e-12       5.157e-14       
  7.15      0.000e+00       0.000e+00       0.000e+00       0.000e+00       0.000e+00       0.000e+00       9.019e-37       9.429e-15       9.877e-14       3.756e-13       8.234e-13       2.532e-14       
  7.25      0.000e+00       0.000e+00       0.000e+00       0.000e+00       0.000e+00       0.000e+00       1.596e-37       4.295e-15       4.062e-14       1.550e-13       3.497e-13       1.234e-14       
  7.35      0.000e+00       0.000e+00       0.000e+00       0.000e+00       0.000e+00       0.000e+00       2.801e-38       1.940e-15       1.647e-14       6.298e-14       1.462e-13       5.974e-15       
  7.45      0.000e+00       0.000e+00       0.000e+00       0.000e+00       0.000e+00       0.000e+00       4.874e-39       8.683e-16       6.579e-15       2.519e-14       6.013e-14       2.870e-15       
  7.55      0.000e+00       0.000e+00       0.000e+00       0.000e+00       0.000e+00       0.000e+00       8.413e-40       3.853e-16       2.590e-15       9.913e-15       2.434e-14       1.369e-15       
  7.65      0.000e+00       0.000e+00       0.000e+00       0.000e+00       0.000e+00       0.000e+00       1.440e-40       1.695e-16       1.005e-15       3.840e-15       9.699e-15       6.484e-16       
  7.75      0.000e+00       0.000e+00       0.000e+00       0.000e+00       0.000e+00       0.000e+00       2.446e-41       7.395e-17       3.845e-16       1.464e-15       3.802e-15       3.049e-16       
  7.85      0.000e+00       0.000e+00       0.000e+00       0.000e+00       0.000e+00       0.000e+00       4.120e-42       3.198e-17       1.449e-16       5.491e-16       1.467e-15       1.423e-16       
  8.00      0.000e+00       0.000e+00       0.000e+00       0.000e+00       0.000e+00       0.000e+00       2.807e-43       8.949e-18       3.262e-17       1.224e-16       3.408e-16       4.480e-17       