* De conditionele overschrijdingskans van de zeewaterstand zonder statistische onzekerheid gegeven de windrichting
* voor een 12-uursperiode te Harlingen, gelegen op locatie: 
* 156480, 576550
* 
* Deze statistiek is afgeleid met dezelfde methode als gebruikt in 3280.20.03.
* De door Deltares op 10 november 2016 aangeleverde statistiek is gebruikt als bron.
*
* Het waterstandsbereik waarvoor de overschrijdingskansen zijn gegeven is het hoogwater 2017 tot 8.00 m + NAP
* met een stapgrootte van 0.1 m. De laatste stapgrootte kan afwijken om op 8.00 m uit te komen. Hierbij wordt
* een stapgrootte van minimaal 6 en maximaal 15 cm gekozen.
* 
* Door: G.W.F. Rongen van HKV lijn in water
* Project: PR3510.10
*
* m (m+NAP) 30              60              90              120             150             180             210             240             270             300             330             360
  1.05      1.000e+00       1.000e+00       1.000e+00       1.000e+00       1.000e+00       1.000e+00       1.000e+00       1.000e+00       1.000e+00       1.000e+00       1.000e+00       1.000e+00       
  1.15      1.000e+00       1.000e+00       1.000e+00       1.000e+00       1.000e+00       1.000e+00       9.485e-01       4.261e-01       5.976e-01       5.869e-01       4.778e-01       3.451e-01       
  1.25      1.000e+00       1.000e+00       1.000e+00       1.000e+00       1.000e+00       1.000e+00       8.997e-01       1.816e-01       3.571e-01       3.444e-01       2.283e-01       1.191e-01       
  1.35      1.000e+00       1.000e+00       1.000e+00       1.000e+00       1.000e+00       1.000e+00       8.534e-01       7.737e-02       2.134e-01       2.021e-01       1.091e-01       4.111e-02       
  1.45      1.000e+00       1.000e+00       1.000e+00       1.000e+00       1.000e+00       1.000e+00       3.266e-01       6.296e-02       1.882e-01       1.821e-01       9.940e-02       3.327e-02       
  1.55      1.000e+00       1.000e+00       1.000e+00       1.000e+00       1.000e+00       1.000e+00       1.221e-01       5.064e-02       1.642e-01       1.625e-01       8.978e-02       2.664e-02       
  1.65      1.000e+00       1.000e+00       1.000e+00       1.000e+00       1.000e+00       1.000e+00       4.461e-02       4.026e-02       1.417e-01       1.436e-01       8.035e-02       2.109e-02       
  1.75      5.391e-01       3.531e-01       2.631e-01       3.714e-01       3.566e-01       1.943e-01       1.595e-02       3.164e-02       1.210e-01       1.256e-01       7.124e-02       1.653e-02       
  1.85      7.646e-02       5.008e-02       3.732e-02       5.268e-02       5.057e-02       2.756e-02       5.586e-03       2.459e-02       1.022e-01       1.087e-01       6.257e-02       1.281e-02       
  1.95      8.512e-03       5.576e-03       4.155e-03       5.864e-03       5.630e-03       3.068e-03       1.917e-03       1.889e-02       8.537e-02       9.316e-02       5.441e-02       9.834e-03       
  2.05      7.327e-04       4.799e-04       3.576e-04       5.048e-04       4.846e-04       2.641e-04       6.452e-04       1.436e-02       7.051e-02       7.899e-02       4.685e-02       7.471e-03       
  2.15      4.802e-05       3.145e-05       2.344e-05       3.308e-05       3.176e-05       1.731e-05       2.131e-04       1.079e-02       5.758e-02       6.627e-02       3.994e-02       5.619e-03       
  2.25      2.360e-06       1.546e-06       1.152e-06       1.626e-06       1.561e-06       8.505e-07       6.911e-05       8.022e-03       4.649e-02       5.499e-02       3.370e-02       4.184e-03       
  2.35      8.560e-08       5.607e-08       4.178e-08       5.897e-08       5.662e-08       3.085e-08       2.202e-05       5.901e-03       3.711e-02       4.513e-02       2.814e-02       3.086e-03       
  2.45      2.257e-09       1.478e-09       1.101e-09       1.555e-09       1.493e-09       8.134e-10       6.895e-06       4.294e-03       2.928e-02       3.664e-02       2.326e-02       2.254e-03       
  2.55      4.256e-11       2.788e-11       2.077e-11       2.932e-11       2.815e-11       1.534e-11       2.123e-06       3.092e-03       2.284e-02       2.941e-02       1.901e-02       1.630e-03       
  2.65      5.652e-13       3.702e-13       2.759e-13       3.894e-13       3.739e-13       2.037e-13       6.432e-07       2.203e-03       1.760e-02       2.334e-02       1.538e-02       1.168e-03       
  2.75      5.203e-15       3.408e-15       2.540e-15       3.584e-15       3.441e-15       1.875e-15       1.918e-07       1.553e-03       1.341e-02       1.831e-02       1.230e-02       8.296e-04       
  2.85      3.266e-17       2.139e-17       1.594e-17       2.250e-17       2.160e-17       1.177e-17       5.630e-08       1.084e-03       1.009e-02       1.420e-02       9.730e-03       5.836e-04       
  2.95      1.376e-19       9.013e-20       6.717e-20       9.480e-20       9.102e-20       4.960e-20       1.628e-08       7.486e-04       7.509e-03       1.088e-02       7.611e-03       4.068e-04       
  3.05      3.829e-22       2.508e-22       1.869e-22       2.638e-22       2.532e-22       1.380e-22       4.637e-09       5.118e-04       5.518e-03       8.241e-03       5.886e-03       2.810e-04       
  3.15      6.921e-25       4.533e-25       3.378e-25       4.768e-25       4.578e-25       2.495e-25       1.302e-09       3.464e-04       4.007e-03       6.168e-03       4.500e-03       1.923e-04       
  3.25      7.996e-28       5.238e-28       3.903e-28       5.509e-28       5.289e-28       2.882e-28       3.603e-10       2.321e-04       2.875e-03       4.561e-03       3.401e-03       1.305e-04       
  3.35      5.809e-31       3.805e-31       2.835e-31       4.002e-31       3.842e-31       2.094e-31       9.834e-11       1.540e-04       2.037e-03       3.331e-03       2.540e-03       8.776e-05       
  3.45      2.610e-34       1.709e-34       1.274e-34       1.798e-34       1.726e-34       9.407e-35       2.648e-11       1.011e-04       1.426e-03       2.404e-03       1.875e-03       5.851e-05       
  3.55      7.133e-38       4.672e-38       3.481e-38       4.914e-38       4.718e-38       2.571e-38       7.034e-12       6.575e-05       9.859e-04       1.713e-03       1.367e-03       3.866e-05       
  3.65      1.166e-41       7.638e-42       5.692e-42       8.034e-42       7.713e-42       4.203e-42       1.844e-12       4.234e-05       6.733e-04       1.206e-03       9.852e-04       2.533e-05       
  3.75      1.122e-45       7.347e-46       5.475e-46       7.728e-46       7.419e-46       4.043e-46       4.772e-13       2.700e-05       4.541e-04       8.383e-04       7.013e-04       1.646e-05       
  3.85      6.242e-50       4.088e-50       3.047e-50       4.300e-50       4.129e-50       2.250e-50       1.219e-13       1.705e-05       3.025e-04       5.753e-04       4.931e-04       1.060e-05       
  3.95      1.976e-54       1.294e-54       9.644e-55       1.361e-54       1.307e-54       7.121e-55       3.077e-14       1.066e-05       1.989e-04       3.899e-04       3.424e-04       6.769e-06       
  4.05      3.498e-59       2.291e-59       1.707e-59       2.410e-59       2.314e-59       1.261e-59       7.671e-15       6.605e-06       1.292e-04       2.608e-04       2.348e-04       4.287e-06       
  4.15      3.405e-64       2.230e-64       1.662e-64       2.346e-64       2.252e-64       1.227e-64       1.889e-15       4.052e-06       8.286e-05       1.722e-04       1.590e-04       2.693e-06       
  4.25      1.792e-69       1.174e-69       8.747e-70       1.235e-69       1.185e-69       6.459e-70       4.598e-16       2.462e-06       5.246e-05       1.123e-04       1.063e-04       1.677e-06       
  4.35      5.011e-75       3.282e-75       2.446e-75       3.453e-75       3.315e-75       1.806e-75       1.106e-16       1.482e-06       3.280e-05       7.223e-05       7.019e-05       1.036e-06       
  4.45      7.320e-81       4.795e-81       3.573e-81       5.043e-81       4.842e-81       2.639e-81       2.630e-17       8.839e-07       2.024e-05       4.586e-05       4.574e-05       6.351e-07       
  4.55      5.490e-87       3.596e-87       2.680e-87       3.783e-87       3.632e-87       1.979e-87       6.182e-18       5.221e-07       1.233e-05       2.873e-05       2.942e-05       3.860e-07       
  4.65      2.078e-93       1.361e-93       1.014e-93       1.432e-93       1.374e-93       7.490e-94       1.437e-18       3.056e-07       7.416e-06       1.776e-05       1.867e-05       2.327e-07       
  4.75      3.900e-100      2.555e-100      1.904e-100      2.687e-100      2.580e-100      1.406e-100      3.304e-19       1.772e-07       4.403e-06       1.083e-05       1.170e-05       1.392e-07       
  4.85      3.568e-107      2.337e-107      1.742e-107      2.458e-107      2.360e-107      1.286e-107      7.514e-20       1.018e-07       2.580e-06       6.520e-06       7.232e-06       8.261e-08       
  4.95      1.563e-114      1.024e-114      7.630e-115      1.077e-114      1.034e-114      5.635e-115      1.691e-20       5.792e-08       1.492e-06       3.870e-06       4.411e-06       4.863e-08       
  5.05      3.223e-122      2.111e-122      1.573e-122      2.221e-122      2.132e-122      1.162e-122      3.764e-21       3.266e-08       8.518e-07       2.266e-06       2.655e-06       2.840e-08       
  5.15      3.074e-130      2.013e-130      1.500e-130      2.118e-130      2.033e-130      1.108e-130      8.291e-22       1.825e-08       4.799e-07       1.309e-06       1.576e-06       1.646e-08       
  5.25      1.332e-138      8.722e-139      6.500e-139      9.174e-139      8.808e-139      4.800e-139      1.808e-22       1.011e-08       2.668e-07       7.455e-07       9.230e-07       9.464e-09       
  5.35      2.575e-147      1.687e-147      1.257e-147      1.774e-147      1.703e-147      9.282e-148      3.901e-23       5.545e-09       1.464e-07       4.187e-07       5.331e-07       5.400e-09       
  5.45      2.184e-156      1.431e-156      1.066e-156      1.505e-156      1.445e-156      7.872e-157      8.335e-24       3.015e-09       7.924e-08       2.319e-07       3.037e-07       3.057e-09       
  5.55      7.980e-166      5.227e-166      3.895e-166      5.498e-166      5.279e-166      2.876e-166      1.763e-24       1.625e-09       4.233e-08       1.267e-07       1.706e-07       1.718e-09       
  5.65      1.234e-175      8.083e-176      6.024e-176      8.502e-176      8.163e-176      4.448e-176      3.693e-25       8.677e-10       2.231e-08       6.822e-08       9.453e-08       9.576e-10       
  5.75      7.933e-186      5.196e-186      3.872e-186      5.465e-186      5.247e-186      2.859e-186      7.661e-26       4.592e-10       1.161e-08       3.622e-08       5.163e-08       5.299e-10       
  5.85      2.082e-196      1.364e-196      1.016e-196      1.435e-196      1.377e-196      7.506e-197      1.574e-26       2.409e-10       5.955e-09       1.896e-08       2.781e-08       2.910e-10       
  5.95      2.192e-207      1.436e-207      1.070e-207      1.510e-207      1.450e-207      7.901e-208      3.203e-27       1.253e-10       3.015e-09       9.781e-09       1.476e-08       1.586e-10       
  6.05      9.090e-219      5.954e-219      4.437e-219      6.262e-219      6.013e-219      3.276e-219      6.457e-28       6.455e-11       1.506e-09       4.974e-09       7.726e-09       8.578e-11       
  6.15      1.458e-230      9.551e-231      7.117e-231      1.005e-230      9.645e-231      5.256e-231      1.290e-28       3.297e-11       7.419e-10       2.493e-09       3.986e-09       4.606e-11       
  6.25      8.886e-243      5.820e-243      4.337e-243      6.122e-243      5.878e-243      3.203e-243      2.552e-29       1.669e-11       3.606e-10       1.232e-09       2.027e-09       2.455e-11       
  6.35      2.020e-255      1.323e-255      9.862e-256      1.392e-255      1.336e-255      7.282e-256      5.005e-30       8.378e-12       1.729e-10       5.996e-10       1.016e-09       1.299e-11       
  6.45      1.683e-268      1.102e-268      8.214e-269      1.159e-268      1.113e-268      6.066e-269      9.727e-31       4.168e-12       8.177e-11       2.876e-10       5.015e-10       6.819e-12       
  6.55      5.042e-282      3.303e-282      2.461e-282      3.474e-282      3.335e-282      1.817e-282      1.874e-31       2.056e-12       3.814e-11       1.360e-10       2.440e-10       3.554e-12       
  6.65      5.336e-296      3.495e-296      2.605e-296      3.676e-296      3.530e-296      1.923e-296      3.577e-32       1.005e-12       1.755e-11       6.333e-11       1.170e-10       1.839e-12       
  6.75      0.000e+00       0.000e+00       0.000e+00       0.000e+00       0.000e+00       0.000e+00       6.770e-33       4.872e-13       7.964e-12       2.906e-11       5.526e-11       9.449e-13       
  6.85      0.000e+00       0.000e+00       0.000e+00       0.000e+00       0.000e+00       0.000e+00       1.270e-33       2.341e-13       3.564e-12       1.314e-11       2.572e-11       4.819e-13       
  6.95      0.000e+00       0.000e+00       0.000e+00       0.000e+00       0.000e+00       0.000e+00       2.363e-34       1.115e-13       1.573e-12       5.851e-12       1.179e-11       2.440e-13       
  7.05      0.000e+00       0.000e+00       0.000e+00       0.000e+00       0.000e+00       0.000e+00       4.358e-35       5.267e-14       6.849e-13       2.567e-12       5.323e-12       1.227e-13       
  7.15      0.000e+00       0.000e+00       0.000e+00       0.000e+00       0.000e+00       0.000e+00       7.971e-36       2.467e-14       2.940e-13       1.109e-12       2.367e-12       6.123e-14       
  7.25      0.000e+00       0.000e+00       0.000e+00       0.000e+00       0.000e+00       0.000e+00       1.446e-36       1.145e-14       1.245e-13       4.721e-13       1.037e-12       3.034e-14       
  7.35      0.000e+00       0.000e+00       0.000e+00       0.000e+00       0.000e+00       0.000e+00       2.601e-37       5.272e-15       5.196e-14       1.979e-13       4.474e-13       1.493e-14       
  7.45      0.000e+00       0.000e+00       0.000e+00       0.000e+00       0.000e+00       0.000e+00       4.640e-38       2.407e-15       2.139e-14       8.169e-14       1.900e-13       7.294e-15       
  7.55      0.000e+00       0.000e+00       0.000e+00       0.000e+00       0.000e+00       0.000e+00       8.211e-39       1.089e-15       8.680e-15       3.321e-14       7.949e-14       3.539e-15       
  7.65      0.000e+00       0.000e+00       0.000e+00       0.000e+00       0.000e+00       0.000e+00       1.441e-39       4.889e-16       3.474e-15       1.329e-14       3.274e-14       1.705e-15       
  7.75      0.000e+00       0.000e+00       0.000e+00       0.000e+00       0.000e+00       0.000e+00       2.510e-40       2.176e-16       1.371e-15       5.240e-15       1.327e-14       8.155e-16       
  7.85      0.000e+00       0.000e+00       0.000e+00       0.000e+00       0.000e+00       0.000e+00       4.337e-41       9.601e-17       5.332e-16       2.034e-15       5.299e-15       3.874e-16       
  8.00      0.000e+00       0.000e+00       0.000e+00       0.000e+00       0.000e+00       0.000e+00       3.069e-42       2.771e-17       1.260e-16       4.775e-16       1.298e-15       1.252e-16       