* De conditionele overschrijdingskans van de potentiële windsnelheid, gegeven de windrichting
* voor een 12-uursperiode te de Kooy. Met onzekerheid.
* 
* Het waterstandsbereik waarvoor de overschrijdingskansen zijn 0.0 m/s en 2.0 m/s tot 42.00 m/s
* met een stapgrootte van 0.5 m/s.
*
* Door: G.W.F. Rongen van HKV lijn in water
* Project: PR3280.14
*
* u (m/s)   30              60              90              120             150             180             210             240             270             300             330             360
  0.00      1.000e+00       1.000e+00       1.000e+00       1.000e+00       1.000e+00       1.000e+00       1.000e+00       1.000e+00       1.000e+00       1.000e+00       1.000e+00       1.000e+00       
  2.00      9.960e-01       9.987e-01       9.941e-01       9.927e-01       9.933e-01       9.947e-01       9.971e-01       9.971e-01       9.980e-01       9.974e-01       9.949e-01       9.813e-01       
  2.50      9.753e-01       9.833e-01       9.837e-01       9.860e-01       9.799e-01       9.843e-01       9.923e-01       9.943e-01       9.900e-01       9.891e-01       9.806e-01       9.702e-01       
  3.00      9.416e-01       9.670e-01       9.646e-01       9.656e-01       9.595e-01       9.689e-01       9.831e-01       9.890e-01       9.823e-01       9.768e-01       9.623e-01       9.354e-01       
  3.50      8.830e-01       9.366e-01       9.285e-01       9.171e-01       9.041e-01       9.350e-01       9.663e-01       9.788e-01       9.696e-01       9.485e-01       9.288e-01       8.588e-01       
  4.00      8.241e-01       8.896e-01       8.820e-01       8.656e-01       8.379e-01       8.968e-01       9.490e-01       9.651e-01       9.559e-01       9.223e-01       9.019e-01       8.076e-01       
  4.50      7.446e-01       8.287e-01       8.220e-01       7.859e-01       7.483e-01       8.503e-01       9.298e-01       9.469e-01       9.354e-01       8.825e-01       8.696e-01       7.357e-01       
  5.00      6.675e-01       7.670e-01       7.639e-01       7.102e-01       6.594e-01       7.944e-01       9.089e-01       9.280e-01       9.087e-01       8.407e-01       8.266e-01       6.531e-01       
  5.50      5.871e-01       7.219e-01       6.951e-01       6.307e-01       5.787e-01       7.476e-01       8.877e-01       9.074e-01       8.760e-01       7.934e-01       7.745e-01       5.935e-01       
  6.00      5.218e-01       6.813e-01       6.195e-01       5.571e-01       4.959e-01       6.879e-01       8.586e-01       8.799e-01       8.402e-01       7.516e-01       7.126e-01       5.217e-01       
  6.50      4.515e-01       6.198e-01       5.401e-01       4.686e-01       4.032e-01       6.259e-01       8.265e-01       8.476e-01       7.976e-01       7.029e-01       6.559e-01       4.533e-01       
  7.00      3.809e-01       5.488e-01       4.617e-01       3.829e-01       3.286e-01       5.590e-01       7.837e-01       8.086e-01       7.499e-01       6.467e-01       5.899e-01       3.863e-01       
  7.50      3.245e-01       4.851e-01       3.830e-01       2.972e-01       2.639e-01       4.967e-01       7.413e-01       7.663e-01       7.005e-01       5.939e-01       5.264e-01       3.363e-01       
  8.00      2.776e-01       4.254e-01       3.106e-01       2.260e-01       2.073e-01       4.290e-01       6.947e-01       7.168e-01       6.487e-01       5.413e-01       4.602e-01       2.848e-01       
  8.50      2.278e-01       3.715e-01       2.496e-01       1.704e-01       1.574e-01       3.710e-01       6.485e-01       6.681e-01       5.957e-01       4.883e-01       3.983e-01       2.323e-01       
  9.00      1.783e-01       3.170e-01       2.031e-01       1.271e-01       1.241e-01       3.223e-01       5.987e-01       6.158e-01       5.424e-01       4.361e-01       3.387e-01       1.882e-01       
  9.50      1.377e-01       2.636e-01       1.672e-01       9.054e-02       9.689e-02       2.784e-01       5.474e-01       5.620e-01       4.931e-01       3.904e-01       2.854e-01       1.528e-01       
  10.00     1.080e-01       2.131e-01       1.365e-01       6.204e-02       7.104e-02       2.368e-01       4.949e-01       5.087e-01       4.503e-01       3.490e-01       2.377e-01       1.251e-01       
  10.50     8.630e-02       1.699e-01       1.081e-01       4.227e-02       5.180e-02       1.977e-01       4.444e-01       4.553e-01       4.110e-01       3.081e-01       1.958e-01       1.022e-01       
  11.00     6.951e-02       1.355e-01       8.227e-02       2.882e-02       3.877e-02       1.628e-01       3.954e-01       3.996e-01       3.709e-01       2.673e-01       1.600e-01       8.284e-02       
  11.50     5.609e-02       1.092e-01       6.148e-02       1.966e-02       2.931e-02       1.322e-01       3.476e-01       3.445e-01       3.287e-01       2.296e-01       1.310e-01       6.692e-02       
  12.00     4.527e-02       8.714e-02       4.525e-02       1.341e-02       2.218e-02       1.054e-01       3.010e-01       2.925e-01       2.855e-01       1.957e-01       1.082e-01       5.406e-02       
  12.50     3.654e-02       6.721e-02       3.249e-02       9.150e-03       1.679e-02       8.383e-02       2.580e-01       2.449e-01       2.444e-01       1.638e-01       8.967e-02       4.367e-02       
  13.00     2.949e-02       5.072e-02       2.303e-02       6.235e-03       1.271e-02       6.730e-02       2.188e-01       2.016e-01       2.083e-01       1.342e-01       7.421e-02       3.528e-02       
  13.50     2.381e-02       3.817e-02       1.628e-02       4.229e-03       9.624e-03       5.431e-02       1.825e-01       1.632e-01       1.774e-01       1.093e-01       6.137e-02       2.850e-02       
  14.00     1.922e-02       2.879e-02       1.151e-02       2.842e-03       7.287e-03       4.356e-02       1.489e-01       1.299e-01       1.506e-01       8.983e-02       5.074e-02       2.303e-02       
  14.50     1.552e-02       2.174e-02       8.143e-03       1.893e-03       5.511e-03       3.440e-02       1.189e-01       1.026e-01       1.266e-01       7.494e-02       4.196e-02       1.861e-02       
  15.00     1.253e-02       1.642e-02       5.766e-03       1.254e-03       4.147e-03       2.653e-02       9.345e-02       8.140e-02       1.052e-01       6.278e-02       3.470e-02       1.504e-02       
  15.50     1.011e-02       1.240e-02       4.097e-03       8.293e-04       3.082e-03       1.994e-02       7.354e-02       6.501e-02       8.654e-02       5.188e-02       2.870e-02       1.215e-02       
  16.00     8.127e-03       9.373e-03       2.937e-03       5.485e-04       2.246e-03       1.471e-02       5.869e-02       5.197e-02       7.091e-02       4.199e-02       2.374e-02       9.808e-03       
  16.50     6.490e-03       7.089e-03       2.136e-03       3.629e-04       1.603e-03       1.077e-02       4.717e-02       4.125e-02       5.793e-02       3.350e-02       1.964e-02       7.889e-03       
  17.00     5.130e-03       5.375e-03       1.577e-03       2.402e-04       1.128e-03       7.874e-03       3.741e-02       3.218e-02       4.709e-02       2.658e-02       1.625e-02       6.300e-03       
  17.50     4.014e-03       4.097e-03       1.177e-03       1.590e-04       7.893e-04       5.758e-03       2.879e-02       2.459e-02       3.796e-02       2.107e-02       1.344e-02       4.978e-03       
  18.00     3.121e-03       3.147e-03       8.820e-04       1.053e-04       5.515e-04       4.212e-03       2.143e-02       1.853e-02       3.033e-02       1.669e-02       1.112e-02       3.891e-03       
  18.50     2.419e-03       2.437e-03       6.619e-04       6.976e-05       3.853e-04       3.085e-03       1.552e-02       1.389e-02       2.406e-02       1.323e-02       9.195e-03       3.020e-03       
  19.00     1.873e-03       1.898e-03       4.970e-04       4.623e-05       2.693e-04       2.265e-03       1.102e-02       1.040e-02       1.903e-02       1.049e-02       7.596e-03       2.335e-03       
  19.50     1.451e-03       1.483e-03       3.732e-04       3.064e-05       1.882e-04       1.668e-03       7.738e-03       7.793e-03       1.504e-02       8.312e-03       6.259e-03       1.804e-03       
  20.00     1.123e-03       1.160e-03       2.803e-04       2.032e-05       1.316e-04       1.233e-03       5.414e-03       5.840e-03       1.188e-02       6.587e-03       5.132e-03       1.394e-03       
  20.50     8.702e-04       9.072e-04       2.106e-04       1.348e-05       9.201e-05       9.144e-04       3.783e-03       4.377e-03       9.386e-03       5.215e-03       4.181e-03       1.077e-03       
  21.00     6.741e-04       7.098e-04       1.582e-04       8.944e-06       6.436e-05       6.794e-04       2.644e-03       3.279e-03       7.416e-03       4.121e-03       3.383e-03       8.319e-04       
  21.50     5.223e-04       5.555e-04       1.189e-04       5.936e-06       4.503e-05       5.052e-04       1.847e-03       2.454e-03       5.860e-03       3.245e-03       2.723e-03       6.429e-04       
  22.00     4.047e-04       4.348e-04       8.935e-05       3.941e-06       3.151e-05       3.758e-04       1.289e-03       1.832e-03       4.631e-03       2.543e-03       2.185e-03       4.969e-04       
  22.50     3.136e-04       3.403e-04       6.716e-05       2.618e-06       2.206e-05       2.797e-04       8.997e-04       1.364e-03       3.659e-03       1.982e-03       1.751e-03       3.840e-04       
  23.00     2.431e-04       2.664e-04       5.049e-05       1.739e-06       1.544e-05       2.081e-04       6.275e-04       1.011e-03       2.890e-03       1.537e-03       1.403e-03       2.969e-04       
  23.50     1.884e-04       2.086e-04       3.796e-05       1.156e-06       1.082e-05       1.549e-04       4.374e-04       7.469e-04       2.282e-03       1.189e-03       1.124e-03       2.295e-04       
  24.00     1.461e-04       1.633e-04       2.855e-05       7.683e-07       7.577e-06       1.153e-04       3.049e-04       5.505e-04       1.802e-03       9.175e-04       9.000e-04       1.775e-04       
  24.50     1.133e-04       1.279e-04       2.147e-05       5.109e-07       5.309e-06       8.588e-05       2.126e-04       4.052e-04       1.422e-03       7.079e-04       7.210e-04       1.373e-04       
  25.00     8.784e-05       1.002e-04       1.615e-05       3.398e-07       3.720e-06       6.396e-05       1.482e-04       2.980e-04       1.122e-03       5.461e-04       5.777e-04       1.062e-04       
  25.50     6.813e-05       7.846e-05       1.215e-05       2.261e-07       2.608e-06       4.764e-05       1.034e-04       2.192e-04       8.848e-04       4.213e-04       4.629e-04       8.212e-05       
  26.00     5.284e-05       6.147e-05       9.146e-06       1.505e-07       1.829e-06       3.549e-05       7.211e-05       1.613e-04       6.980e-04       3.251e-04       3.710e-04       6.353e-05       
  26.50     4.099e-05       4.816e-05       6.883e-06       1.002e-07       1.282e-06       2.644e-05       5.031e-05       1.186e-04       5.507e-04       2.509e-04       2.973e-04       4.916e-05       
  27.00     3.181e-05       3.774e-05       5.181e-06       6.672e-08       8.996e-07       1.971e-05       3.511e-05       8.731e-05       4.345e-04       1.936e-04       2.383e-04       3.804e-05       
  27.50     2.468e-05       2.957e-05       3.900e-06       4.445e-08       6.312e-07       1.469e-05       2.451e-05       6.426e-05       3.429e-04       1.494e-04       1.910e-04       2.944e-05       
  28.00     1.915e-05       2.318e-05       2.937e-06       2.962e-08       4.430e-07       1.095e-05       1.711e-05       4.730e-05       2.706e-04       1.154e-04       1.531e-04       2.279e-05       
  28.50     1.486e-05       1.817e-05       2.212e-06       1.974e-08       3.109e-07       8.163e-06       1.195e-05       3.483e-05       2.136e-04       8.907e-05       1.228e-04       1.764e-05       
  29.00     1.154e-05       1.424e-05       1.666e-06       1.316e-08       2.183e-07       6.087e-06       8.350e-06       2.565e-05       1.686e-04       6.878e-05       9.844e-05       1.366e-05       
  29.50     8.958e-06       1.117e-05       1.255e-06       8.780e-09       1.533e-07       4.540e-06       5.834e-06       1.889e-05       1.331e-04       5.312e-05       7.894e-05       1.058e-05       
  30.00     6.955e-06       8.755e-06       9.454e-07       5.857e-09       1.077e-07       3.387e-06       4.077e-06       1.391e-05       1.051e-04       4.103e-05       6.330e-05       8.190e-06       
  30.50     5.401e-06       6.866e-06       7.124e-07       3.909e-09       7.567e-08       2.527e-06       2.850e-06       1.025e-05       8.297e-05       3.169e-05       5.077e-05       6.343e-06       
  31.00     4.194e-06       5.385e-06       5.369e-07       2.609e-09       5.318e-08       1.885e-06       1.993e-06       7.554e-06       6.552e-05       2.448e-05       4.073e-05       4.913e-06       
  31.50     3.258e-06       4.223e-06       4.047e-07       1.742e-09       3.738e-08       1.407e-06       1.394e-06       5.568e-06       5.174e-05       1.892e-05       3.267e-05       3.806e-06       
  32.00     2.531e-06       3.313e-06       3.051e-07       1.164e-09       2.628e-08       1.050e-06       9.750e-07       4.104e-06       4.087e-05       1.462e-05       2.621e-05       2.949e-06       
  32.50     1.966e-06       2.599e-06       2.300e-07       7.775e-10       1.848e-08       7.840e-07       6.822e-07       3.026e-06       3.229e-05       1.130e-05       2.103e-05       2.285e-06       
  33.00     1.528e-06       2.039e-06       1.734e-07       5.196e-10       1.300e-08       5.854e-07       4.775e-07       2.231e-06       2.551e-05       8.733e-06       1.687e-05       1.771e-06       
  33.50     1.187e-06       1.600e-06       1.308e-07       3.473e-10       9.145e-09       4.371e-07       3.342e-07       1.646e-06       2.015e-05       6.751e-06       1.354e-05       1.373e-06       
  34.00     9.225e-07       1.256e-06       9.867e-08       2.323e-10       6.435e-09       3.265e-07       2.340e-07       1.214e-06       1.593e-05       5.220e-06       1.087e-05       1.064e-06       
  34.50     7.170e-07       9.858e-07       7.444e-08       1.553e-10       4.530e-09       2.439e-07       1.639e-07       8.956e-07       1.259e-05       4.036e-06       8.723e-06       8.250e-07       
  35.00     5.574e-07       7.738e-07       5.616e-08       1.039e-10       3.189e-09       1.822e-07       1.148e-07       6.608e-07       9.947e-06       3.121e-06       7.002e-06       6.396e-07       
  35.50     4.333e-07       6.075e-07       4.238e-08       6.956e-11       2.245e-09       1.362e-07       8.043e-08       4.877e-07       7.862e-06       2.414e-06       5.621e-06       4.960e-07       
  36.00     3.369e-07       4.770e-07       3.199e-08       4.656e-11       1.581e-09       1.018e-07       5.637e-08       3.600e-07       6.215e-06       1.867e-06       4.513e-06       3.847e-07       
  36.50     2.620e-07       3.745e-07       2.415e-08       3.118e-11       1.114e-09       7.606e-08       3.951e-08       2.658e-07       4.914e-06       1.445e-06       3.624e-06       2.984e-07       
  37.00     2.038e-07       2.941e-07       1.823e-08       2.088e-11       7.850e-10       5.686e-08       2.770e-08       1.962e-07       3.885e-06       1.118e-06       2.910e-06       2.315e-07       
  37.50     1.585e-07       2.310e-07       1.376e-08       1.399e-11       5.532e-10       4.251e-08       1.943e-08       1.449e-07       3.072e-06       8.649e-07       2.337e-06       1.796e-07       
  38.00     1.233e-07       1.815e-07       1.039e-08       9.377e-12       3.900e-10       3.179e-08       1.363e-08       1.070e-07       2.430e-06       6.694e-07       1.877e-06       1.393e-07       
  38.50     9.592e-08       1.426e-07       7.851e-09       6.286e-12       2.750e-10       2.378e-08       9.560e-09       7.908e-08       1.922e-06       5.181e-07       1.507e-06       1.081e-07       
  39.00     7.463e-08       1.120e-07       5.930e-09       4.215e-12       1.939e-10       1.779e-08       6.708e-09       5.843e-08       1.520e-06       4.010e-07       1.211e-06       8.392e-08       
  39.50     5.808e-08       8.800e-08       4.480e-09       2.827e-12       1.368e-10       1.331e-08       4.708e-09       4.318e-08       1.203e-06       3.105e-07       9.728e-07       6.514e-08       
  40.00     4.520e-08       6.915e-08       3.385e-09       1.896e-12       9.650e-11       9.957e-09       3.305e-09       3.191e-08       9.515e-07       2.404e-07       7.816e-07       5.056e-08       
  40.50     3.518e-08       5.435e-08       2.558e-09       1.273e-12       6.810e-11       7.451e-09       2.321e-09       2.359e-08       7.528e-07       1.862e-07       6.280e-07       3.926e-08       
  41.00     2.739e-08       4.272e-08       1.934e-09       8.543e-13       4.806e-11       5.577e-09       1.630e-09       1.744e-08       5.958e-07       1.442e-07       5.047e-07       3.048e-08       
  41.50     2.132e-08       3.358e-08       1.462e-09       5.736e-13       3.393e-11       4.175e-09       1.145e-09       1.290e-08       4.715e-07       1.117e-07       4.056e-07       2.367e-08       
  42.00     1.660e-08       2.640e-08       1.105e-09       3.852e-13       2.396e-11       3.126e-09       8.046e-10       9.540e-09       3.732e-07       8.650e-08       3.260e-07       1.838e-08       