* De conditionele overschrijdingskans van de potentiële windsnelheid, gegeven de windrichting
* voor een 12-uursperiode te de Kooy. Zonder onzekerheid.
* 
* Het waterstandsbereik waarvoor de overschrijdingskansen zijn 0.0 m/s en 2.0 m/s tot 42.00 m/s
* met een stapgrootte van 0.5 m/s.
*
* Door: G.W.F. Rongen van HKV lijn in water
* Project: PR3280.14
*
* u (m/s)   30              60              90              120             150             180             210             240             270             300             330             360
  0.00      1.000e+00       1.000e+00       1.000e+00       1.000e+00       1.000e+00       1.000e+00       1.000e+00       1.000e+00       1.000e+00       1.000e+00       1.000e+00       1.000e+00       
  2.00      9.977e-01       1.000e+00       9.948e-01       9.931e-01       9.943e-01       9.955e-01       9.974e-01       9.973e-01       9.987e-01       9.981e-01       9.960e-01       9.817e-01       
  2.50      9.765e-01       9.832e-01       9.845e-01       9.871e-01       9.801e-01       9.846e-01       9.927e-01       9.946e-01       9.899e-01       9.893e-01       9.808e-01       9.723e-01       
  3.00      9.460e-01       9.691e-01       9.672e-01       9.702e-01       9.650e-01       9.718e-01       9.843e-01       9.897e-01       9.832e-01       9.796e-01       9.651e-01       9.432e-01       
  3.50      8.826e-01       9.394e-01       9.302e-01       9.167e-01       9.054e-01       9.359e-01       9.665e-01       9.794e-01       9.697e-01       9.476e-01       9.276e-01       8.540e-01       
  4.00      8.310e-01       8.930e-01       8.862e-01       8.740e-01       8.448e-01       8.987e-01       9.497e-01       9.663e-01       9.575e-01       9.262e-01       9.035e-01       8.134e-01       
  4.50      7.441e-01       8.312e-01       8.216e-01       7.847e-01       7.502e-01       8.550e-01       9.308e-01       9.473e-01       9.367e-01       8.825e-01       8.727e-01       7.424e-01       
  5.00      6.737e-01       7.642e-01       7.690e-01       7.163e-01       6.604e-01       7.903e-01       9.083e-01       9.283e-01       9.111e-01       8.447e-01       8.284e-01       6.450e-01       
  5.50      5.822e-01       7.204e-01       6.983e-01       6.270e-01       5.799e-01       7.563e-01       8.920e-01       9.104e-01       8.767e-01       7.913e-01       7.815e-01       6.045e-01       
  6.00      5.282e-01       6.907e-01       6.241e-01       5.704e-01       5.080e-01       6.863e-01       8.569e-01       8.805e-01       8.437e-01       7.553e-01       7.078e-01       5.183e-01       
  6.50      4.554e-01       6.263e-01       5.414e-01       4.653e-01       3.955e-01       6.350e-01       8.354e-01       8.528e-01       8.005e-01       7.087e-01       6.676e-01       4.625e-01       
  7.00      3.779e-01       5.451e-01       4.672e-01       3.938e-01       3.340e-01       5.523e-01       7.794e-01       8.072e-01       7.513e-01       6.447e-01       5.845e-01       3.753e-01       
  7.50      3.216e-01       4.910e-01       3.836e-01       2.917e-01       2.592e-01       5.112e-01       7.505e-01       7.762e-01       7.042e-01       5.981e-01       5.375e-01       3.448e-01       
  8.00      2.840e-01       4.201e-01       3.112e-01       2.272e-01       2.167e-01       4.208e-01       6.897e-01       7.116e-01       6.503e-01       5.417e-01       4.544e-01       2.880e-01       
  8.50      2.312e-01       3.806e-01       2.448e-01       1.647e-01       1.438e-01       3.733e-01       6.588e-01       6.779e-01       5.997e-01       4.942e-01       4.075e-01       2.292e-01       
  9.00      1.761e-01       3.144e-01       2.009e-01       1.310e-01       1.277e-01       3.207e-01       5.949e-01       6.143e-01       5.425e-01       4.311e-01       3.324e-01       1.886e-01       
  9.50      1.338e-01       2.706e-01       1.672e-01       8.730e-02       1.003e-01       2.809e-01       5.587e-01       5.687e-01       4.912e-01       3.932e-01       2.909e-01       1.487e-01       
  10.00     1.056e-01       2.075e-01       1.362e-01       5.919e-02       6.623e-02       2.380e-01       4.874e-01       5.046e-01       4.501e-01       3.485e-01       2.332e-01       1.258e-01       
  10.50     8.510e-02       1.714e-01       1.121e-01       4.012e-02       4.996e-02       1.976e-01       4.555e-01       4.688e-01       4.144e-01       3.146e-01       1.984e-01       1.014e-01       
  11.00     6.855e-02       1.276e-01       7.672e-02       2.720e-02       3.769e-02       1.604e-01       3.873e-01       3.949e-01       3.747e-01       2.650e-01       1.555e-01       8.175e-02       
  11.50     5.523e-02       1.108e-01       6.207e-02       1.844e-02       2.843e-02       1.360e-01       3.627e-01       3.525e-01       3.329e-01       2.282e-01       1.287e-01       6.591e-02       
  12.00     4.449e-02       8.892e-02       4.361e-02       1.250e-02       2.145e-02       9.942e-02       2.888e-01       2.852e-01       2.877e-01       1.981e-01       1.072e-01       5.314e-02       
  12.50     3.584e-02       6.443e-02       3.064e-02       8.476e-03       1.618e-02       8.339e-02       2.673e-01       2.531e-01       2.406e-01       1.660e-01       8.852e-02       4.284e-02       
  13.00     2.887e-02       4.846e-02       2.153e-02       5.746e-03       1.221e-02       6.350e-02       2.117e-01       1.923e-01       2.069e-01       1.301e-01       7.307e-02       3.454e-02       
  13.50     2.326e-02       3.644e-02       1.513e-02       3.895e-03       9.209e-03       5.581e-02       1.903e-01       1.700e-01       1.752e-01       1.068e-01       6.032e-02       2.785e-02       
  14.00     1.874e-02       2.741e-02       1.063e-02       2.550e-03       6.947e-03       4.105e-02       1.420e-01       1.217e-01       1.509e-01       8.544e-02       4.979e-02       2.245e-02       
  14.50     1.510e-02       2.061e-02       7.469e-03       1.669e-03       5.241e-03       3.528e-02       1.232e-01       9.832e-02       1.263e-01       7.282e-02       4.110e-02       1.810e-02       
  15.00     1.216e-02       1.550e-02       5.248e-03       1.093e-03       3.954e-03       2.563e-02       8.386e-02       7.876e-02       1.038e-01       6.505e-02       3.393e-02       1.460e-02       
  15.50     9.796e-03       1.166e-02       3.687e-03       7.152e-04       2.983e-03       1.862e-02       7.075e-02       6.247e-02       8.356e-02       5.137e-02       2.801e-02       1.177e-02       
  16.00     7.892e-03       8.766e-03       2.591e-03       4.682e-04       2.065e-03       1.352e-02       5.346e-02       4.943e-02       6.941e-02       4.056e-02       2.312e-02       9.487e-03       
  16.50     6.358e-03       6.593e-03       1.934e-03       3.065e-04       1.430e-03       9.824e-03       5.031e-02       4.237e-02       5.593e-02       3.203e-02       1.909e-02       7.649e-03       
  17.00     4.900e-03       4.958e-03       1.444e-03       2.006e-04       9.899e-04       7.137e-03       3.564e-02       3.042e-02       4.650e-02       2.529e-02       1.575e-02       6.167e-03       
  17.50     3.777e-03       3.729e-03       1.078e-03       1.313e-04       6.854e-04       5.184e-03       2.830e-02       2.266e-02       3.658e-02       1.997e-02       1.301e-02       4.740e-03       
  18.00     2.911e-03       2.904e-03       8.044e-04       8.597e-05       4.745e-04       3.766e-03       1.958e-02       1.688e-02       2.878e-02       1.577e-02       1.074e-02       3.643e-03       
  18.50     2.243e-03       2.262e-03       6.005e-04       5.628e-05       3.285e-04       2.736e-03       1.354e-02       1.257e-02       2.264e-02       1.245e-02       8.862e-03       2.800e-03       
  19.00     1.729e-03       1.761e-03       4.483e-04       3.684e-05       2.275e-04       1.987e-03       9.370e-03       9.363e-03       1.781e-02       9.833e-03       7.316e-03       2.152e-03       
  19.50     1.333e-03       1.372e-03       3.346e-04       2.411e-05       1.575e-04       1.468e-03       6.482e-03       6.974e-03       1.401e-02       7.765e-03       6.039e-03       1.654e-03       
  20.00     1.027e-03       1.068e-03       2.498e-04       1.579e-05       1.090e-04       1.084e-03       4.484e-03       5.195e-03       1.102e-02       6.131e-03       4.985e-03       1.272e-03       
  20.50     7.916e-04       8.320e-04       1.864e-04       1.033e-05       7.550e-05       8.007e-04       3.102e-03       3.869e-03       8.673e-03       4.842e-03       3.976e-03       9.774e-04       
  21.00     6.101e-04       6.479e-04       1.392e-04       6.764e-06       5.227e-05       5.914e-04       2.146e-03       2.882e-03       6.824e-03       3.823e-03       3.171e-03       7.512e-04       
  21.50     4.702e-04       5.046e-04       1.039e-04       4.428e-06       3.619e-05       4.368e-04       1.484e-03       2.147e-03       5.368e-03       3.019e-03       2.529e-03       5.774e-04       
  22.00     3.624e-04       3.930e-04       7.755e-05       2.898e-06       2.506e-05       3.226e-04       1.022e-03       1.599e-03       4.223e-03       2.314e-03       2.017e-03       4.438e-04       
  22.50     2.793e-04       3.061e-04       5.789e-05       1.897e-06       1.735e-05       2.383e-04       7.038e-04       1.165e-03       3.323e-03       1.774e-03       1.608e-03       3.411e-04       
  23.00     2.153e-04       2.384e-04       4.321e-05       1.242e-06       1.201e-05       1.760e-04       4.847e-04       8.491e-04       2.614e-03       1.359e-03       1.283e-03       2.622e-04       
  23.50     1.659e-04       1.856e-04       3.226e-05       8.130e-07       8.316e-06       1.300e-04       3.337e-04       6.188e-04       2.051e-03       1.042e-03       1.023e-03       2.015e-04       
  24.00     1.279e-04       1.446e-04       2.408e-05       5.322e-07       5.758e-06       9.599e-05       2.298e-04       4.509e-04       1.609e-03       7.986e-04       8.158e-04       1.549e-04       
  24.50     9.857e-05       1.126e-04       1.797e-05       3.484e-07       3.987e-06       7.090e-05       1.582e-04       3.286e-04       1.262e-03       6.121e-04       6.507e-04       1.191e-04       
  25.00     7.597e-05       8.769e-05       1.342e-05       2.280e-07       2.760e-06       5.236e-05       1.090e-04       2.395e-04       9.901e-04       4.692e-04       5.189e-04       9.151e-05       
  25.50     5.855e-05       6.829e-05       1.002e-05       1.493e-07       1.911e-06       3.867e-05       7.502e-05       1.745e-04       7.767e-04       3.596e-04       4.138e-04       7.034e-05       
  26.00     4.513e-05       5.319e-05       7.477e-06       9.772e-08       1.323e-06       2.856e-05       5.166e-05       1.272e-04       6.093e-04       2.756e-04       3.300e-04       5.406e-05       
  26.50     3.478e-05       4.142e-05       5.581e-06       6.397e-08       9.161e-07       2.110e-05       3.557e-05       9.267e-05       4.780e-04       2.113e-04       2.632e-04       4.155e-05       
  27.00     2.681e-05       3.226e-05       4.166e-06       4.187e-08       6.342e-07       1.558e-05       2.449e-05       6.753e-05       3.750e-04       1.619e-04       2.099e-04       3.194e-05       
  27.50     2.066e-05       2.512e-05       3.110e-06       2.741e-08       4.391e-07       1.151e-05       1.686e-05       4.921e-05       2.942e-04       1.241e-04       1.674e-04       2.455e-05       
  28.00     1.592e-05       1.957e-05       2.321e-06       1.794e-08       3.040e-07       8.499e-06       1.161e-05       3.586e-05       2.308e-04       9.513e-05       1.335e-04       1.887e-05       
  28.50     1.227e-05       1.524e-05       1.733e-06       1.175e-08       2.105e-07       6.278e-06       7.996e-06       2.613e-05       1.810e-04       7.291e-05       1.065e-04       1.450e-05       
  29.00     9.459e-06       1.187e-05       1.294e-06       7.688e-09       1.457e-07       4.636e-06       5.506e-06       1.904e-05       1.420e-04       5.588e-05       8.493e-05       1.115e-05       
  29.50     7.290e-06       9.242e-06       9.656e-07       5.033e-09       1.009e-07       3.424e-06       3.791e-06       1.388e-05       1.114e-04       4.283e-05       6.773e-05       8.568e-06       
  30.00     5.619e-06       7.198e-06       7.208e-07       3.294e-09       6.986e-08       2.529e-06       2.611e-06       1.011e-05       8.741e-05       3.283e-05       5.402e-05       6.586e-06       
  30.50     4.331e-06       5.606e-06       5.381e-07       2.157e-09       4.837e-08       1.868e-06       1.798e-06       7.370e-06       6.857e-05       2.516e-05       4.308e-05       5.062e-06       
  31.00     3.338e-06       4.366e-06       4.016e-07       1.412e-09       3.349e-08       1.380e-06       1.238e-06       5.370e-06       5.379e-05       1.929e-05       3.436e-05       3.891e-06       
  31.50     2.573e-06       3.400e-06       2.998e-07       9.241e-10       2.319e-08       1.019e-06       8.523e-07       3.914e-06       4.220e-05       1.478e-05       2.740e-05       2.990e-06       
  32.00     1.983e-06       2.648e-06       2.238e-07       6.049e-10       1.605e-08       7.526e-07       5.868e-07       2.852e-06       3.311e-05       1.133e-05       2.185e-05       2.298e-06       
  32.50     1.528e-06       2.062e-06       1.671e-07       3.960e-10       1.112e-08       5.558e-07       4.041e-07       2.078e-06       2.597e-05       8.685e-06       1.743e-05       1.767e-06       
  33.00     1.178e-06       1.606e-06       1.247e-07       2.592e-10       7.696e-09       4.105e-07       2.782e-07       1.515e-06       2.037e-05       6.657e-06       1.390e-05       1.358e-06       
  33.50     9.078e-07       1.251e-06       9.309e-08       1.697e-10       5.328e-09       3.032e-07       1.916e-07       1.104e-06       1.598e-05       5.102e-06       1.108e-05       1.044e-06       
  34.00     6.996e-07       9.741e-07       6.949e-08       1.111e-10       3.689e-09       2.239e-07       1.319e-07       8.043e-07       1.254e-05       3.911e-06       8.840e-06       8.022e-07       
  34.50     5.392e-07       7.586e-07       5.187e-08       7.271e-11       2.554e-09       1.654e-07       9.084e-08       5.861e-07       9.837e-06       2.997e-06       7.050e-06       6.166e-07       
  35.00     4.156e-07       5.908e-07       3.872e-08       4.759e-11       1.768e-09       1.222e-07       6.255e-08       4.271e-07       7.717e-06       2.297e-06       5.623e-06       4.739e-07       
  35.50     3.203e-07       4.601e-07       2.890e-08       3.116e-11       1.224e-09       9.023e-08       4.307e-08       3.112e-07       6.054e-06       1.761e-06       4.484e-06       3.643e-07       
  36.00     2.469e-07       3.584e-07       2.158e-08       2.039e-11       8.477e-10       6.664e-08       2.966e-08       2.268e-07       4.749e-06       1.350e-06       3.576e-06       2.800e-07       
  36.50     1.903e-07       2.791e-07       1.611e-08       1.335e-11       5.869e-10       4.922e-08       2.042e-08       1.653e-07       3.726e-06       1.035e-06       2.852e-06       2.152e-07       
  37.00     1.467e-07       2.174e-07       1.202e-08       8.739e-12       4.064e-10       3.635e-08       1.406e-08       1.204e-07       2.923e-06       7.929e-07       2.275e-06       1.654e-07       
  37.50     1.130e-07       1.693e-07       8.975e-09       5.721e-12       2.814e-10       2.685e-08       9.682e-09       8.777e-08       2.293e-06       6.078e-07       1.814e-06       1.271e-07       
  38.00     8.712e-08       1.318e-07       6.699e-09       3.745e-12       1.948e-10       1.983e-08       6.667e-09       6.396e-08       1.799e-06       4.658e-07       1.447e-06       9.772e-08       
  38.50     6.714e-08       1.027e-07       5.001e-09       2.451e-12       1.349e-10       1.465e-08       4.591e-09       4.661e-08       1.411e-06       3.570e-07       1.154e-06       7.511e-08       
  39.00     5.175e-08       7.996e-08       3.733e-09       1.605e-12       9.338e-11       1.082e-08       3.161e-09       3.397e-08       1.107e-06       2.737e-07       9.202e-07       5.773e-08       
  39.50     3.988e-08       6.227e-08       2.787e-09       1.050e-12       6.465e-11       7.989e-09       2.177e-09       2.475e-08       8.684e-07       2.098e-07       7.339e-07       4.437e-08       
  40.00     3.074e-08       4.850e-08       2.080e-09       6.876e-13       4.476e-11       5.900e-09       1.499e-09       1.804e-08       6.813e-07       1.608e-07       5.853e-07       3.411e-08       
  40.50     2.369e-08       3.777e-08       1.553e-09       4.501e-13       3.099e-11       4.358e-09       1.032e-09       1.314e-08       5.345e-07       1.232e-07       4.668e-07       2.621e-08       
  41.00     1.826e-08       2.942e-08       1.159e-09       2.947e-13       2.146e-11       3.219e-09       7.106e-10       9.579e-09       4.193e-07       9.445e-08       3.723e-07       2.015e-08       
  41.50     1.407e-08       2.291e-08       8.652e-10       1.928e-13       1.486e-11       2.377e-09       4.893e-10       6.980e-09       3.289e-07       7.239e-08       2.969e-07       1.549e-08       
  42.00     1.085e-08       1.784e-08       6.459e-10       1.262e-13       1.029e-11       1.756e-09       3.369e-10       5.087e-09       2.580e-07       5.549e-08       2.368e-07       1.190e-08       