* De conditionele overschrijdingskans van de zeewaterstand zonder statistische onzekerheid gegeven de windrichting
* voor een 12-uursperiode te Den Oever Buiten, gelegen op locatie: 
* 132030, 549440
* 
* Deze statistiek is afgeleid met dezelfde methode als gebruikt in 3280.20.03.
* De door Deltares op 10 november 2016 aangeleverde statistiek is gebruikt als bron.
*
* Het waterstandsbereik waarvoor de overschrijdingskansen zijn gegeven is het hoogwater 2017 tot 8.00 m + NAP
* met een stapgrootte van 0.1 m. De laatste stapgrootte kan afwijken om op 8.00 m uit te komen. Hierbij wordt
* een stapgrootte van minimaal 6 en maximaal 15 cm gekozen.
* 
* Door: G.W.F. Rongen van HKV lijn in water
* Project: PR3510.10
*
* m (m+NAP) 30              60              90              120             150             180             210             240             270             300             330             360
  0.78      1.000e+00       1.000e+00       1.000e+00       1.000e+00       1.000e+00       1.000e+00       1.000e+00       1.000e+00       1.000e+00       1.000e+00       1.000e+00       1.000e+00       
  0.88      5.859e-01       5.088e-01       4.613e-01       5.175e-01       5.105e-01       4.170e-01       2.570e-01       3.815e-01       5.280e-01       5.406e-01       4.309e-01       3.217e-01       
  0.98      3.433e-01       2.589e-01       2.128e-01       2.678e-01       2.606e-01       1.739e-01       6.604e-02       1.455e-01       2.788e-01       2.922e-01       1.856e-01       1.035e-01       
  1.08      2.011e-01       1.317e-01       9.819e-02       1.386e-01       1.331e-01       7.250e-02       1.697e-02       5.552e-02       1.472e-01       1.580e-01       7.999e-02       3.329e-02       
  1.18      8.975e-02       5.878e-02       4.381e-02       6.183e-02       5.937e-02       3.235e-02       9.383e-03       4.258e-02       1.285e-01       1.409e-01       7.356e-02       2.776e-02       
  1.28      3.899e-02       2.554e-02       1.903e-02       2.686e-02       2.579e-02       1.405e-02       5.114e-03       3.228e-02       1.110e-01       1.245e-01       6.708e-02       2.292e-02       
  1.38      1.652e-02       1.082e-02       8.062e-03       1.138e-02       1.093e-02       5.953e-03       2.750e-03       2.421e-02       9.479e-02       1.089e-01       6.066e-02       1.872e-02       
  1.48      6.828e-03       4.473e-03       3.333e-03       4.704e-03       4.517e-03       2.461e-03       1.460e-03       1.797e-02       8.011e-02       9.432e-02       5.438e-02       1.515e-02       
  1.58      2.759e-03       1.807e-03       1.347e-03       1.901e-03       1.825e-03       9.944e-04       7.655e-04       1.320e-02       6.699e-02       8.090e-02       4.834e-02       1.214e-02       
  1.68      1.090e-03       7.139e-04       5.321e-04       7.510e-04       7.211e-04       3.929e-04       3.968e-04       9.603e-03       5.543e-02       6.871e-02       4.259e-02       9.640e-03       
  1.78      4.216e-04       2.761e-04       2.058e-04       2.904e-04       2.789e-04       1.520e-04       2.034e-04       6.920e-03       4.539e-02       5.779e-02       3.720e-02       7.584e-03       
  1.88      1.597e-04       1.046e-04       7.797e-05       1.100e-04       1.057e-04       5.757e-05       1.032e-04       4.942e-03       3.678e-02       4.813e-02       3.220e-02       5.913e-03       
  1.98      5.932e-05       3.885e-05       2.896e-05       4.087e-05       3.924e-05       2.138e-05       5.179e-05       3.497e-03       2.949e-02       3.970e-02       2.763e-02       4.570e-03       
  2.08      2.161e-05       1.415e-05       1.055e-05       1.489e-05       1.429e-05       7.789e-06       2.574e-05       2.453e-03       2.341e-02       3.243e-02       2.349e-02       3.502e-03       
  2.18      7.726e-06       5.061e-06       3.772e-06       5.323e-06       5.111e-06       2.785e-06       1.267e-05       1.707e-03       1.839e-02       2.624e-02       1.980e-02       2.660e-03       
  2.28      2.713e-06       1.777e-06       1.324e-06       1.869e-06       1.794e-06       9.778e-07       6.184e-06       1.177e-03       1.430e-02       2.102e-02       1.653e-02       2.004e-03       
  2.38      9.357e-07       6.129e-07       4.568e-07       6.447e-07       6.190e-07       3.373e-07       2.990e-06       8.057e-04       1.101e-02       1.668e-02       1.368e-02       1.498e-03       
  2.48      3.173e-07       2.078e-07       1.549e-07       2.186e-07       2.099e-07       1.144e-07       1.433e-06       5.470e-04       8.386e-03       1.311e-02       1.122e-02       1.110e-03       
  2.58      1.058e-07       6.929e-08       5.164e-08       7.288e-08       6.998e-08       3.813e-08       6.814e-07       3.685e-04       6.326e-03       1.020e-02       9.116e-03       8.161e-04       
  2.68      3.470e-08       2.273e-08       1.694e-08       2.391e-08       2.295e-08       1.251e-08       3.213e-07       2.464e-04       4.724e-03       7.862e-03       7.338e-03       5.954e-04       
  2.78      1.120e-08       7.337e-09       5.468e-09       7.717e-09       7.410e-09       4.038e-09       1.503e-07       1.635e-04       3.493e-03       6.002e-03       5.853e-03       4.310e-04       
  2.88      3.560e-09       2.332e-09       1.738e-09       2.453e-09       2.355e-09       1.283e-09       6.976e-08       1.077e-04       2.557e-03       4.538e-03       4.624e-03       3.096e-04       
  2.98      1.114e-09       7.298e-10       5.439e-10       7.676e-10       7.371e-10       4.016e-10       3.214e-08       7.044e-05       1.853e-03       3.398e-03       3.620e-03       2.207e-04       
  3.08      3.436e-10       2.250e-10       1.677e-10       2.367e-10       2.273e-10       1.238e-10       1.470e-08       4.575e-05       1.330e-03       2.520e-03       2.807e-03       1.562e-04       
  3.18      1.044e-10       6.838e-11       5.096e-11       7.192e-11       6.906e-11       3.763e-11       6.675e-09       2.951e-05       9.449e-04       1.852e-03       2.156e-03       1.097e-04       
  3.28      3.127e-11       2.048e-11       1.526e-11       2.154e-11       2.068e-11       1.127e-11       3.010e-09       1.890e-05       6.648e-04       1.347e-03       1.641e-03       7.648e-05       
  3.38      9.234e-12       6.048e-12       4.508e-12       6.362e-12       6.109e-12       3.329e-12       1.348e-09       1.202e-05       4.632e-04       9.709e-04       1.236e-03       5.294e-05       
  3.48      2.690e-12       1.762e-12       1.313e-12       1.853e-12       1.779e-12       9.695e-13       5.996e-10       7.600e-06       3.196e-04       6.931e-04       9.230e-04       3.639e-05       
  3.58      7.729e-13       5.062e-13       3.773e-13       5.325e-13       5.113e-13       2.786e-13       2.650e-10       4.773e-06       2.184e-04       4.900e-04       6.825e-04       2.483e-05       
  3.68      2.191e-13       1.435e-13       1.070e-13       1.510e-13       1.450e-13       7.899e-14       1.163e-10       2.978e-06       1.478e-04       3.432e-04       4.998e-04       1.683e-05       
  3.78      6.132e-14       4.017e-14       2.994e-14       4.225e-14       4.057e-14       2.210e-14       5.077e-11       1.846e-06       9.901e-05       2.380e-04       3.625e-04       1.132e-05       
  3.88      1.694e-14       1.110e-14       8.270e-15       1.167e-14       1.121e-14       6.106e-15       2.201e-11       1.137e-06       6.571e-05       1.636e-04       2.604e-04       7.568e-06       
  3.98      4.621e-15       3.027e-15       2.256e-15       3.183e-15       3.057e-15       1.666e-15       9.489e-12       6.964e-07       4.319e-05       1.113e-04       1.852e-04       5.023e-06       
  4.08      1.245e-15       8.153e-16       6.076e-16       8.575e-16       8.234e-16       4.487e-16       4.066e-12       4.239e-07       2.812e-05       7.504e-05       1.305e-04       3.312e-06       
  4.18      3.312e-16       2.169e-16       1.617e-16       2.282e-16       2.191e-16       1.194e-16       1.732e-12       2.564e-07       1.813e-05       5.011e-05       9.101e-05       2.169e-06       
  4.28      8.707e-17       5.703e-17       4.250e-17       5.998e-17       5.759e-17       3.138e-17       7.335e-13       1.542e-07       1.158e-05       3.314e-05       6.287e-05       1.411e-06       
  4.38      2.262e-17       1.481e-17       1.104e-17       1.558e-17       1.496e-17       8.152e-18       3.089e-13       9.219e-08       7.324e-06       2.171e-05       4.300e-05       9.120e-07       
  4.48      5.806e-18       3.803e-18       2.834e-18       4.000e-18       3.841e-18       2.093e-18       1.294e-13       5.479e-08       4.589e-06       1.409e-05       2.913e-05       5.856e-07       
  4.58      1.473e-18       9.650e-19       7.192e-19       1.015e-18       9.746e-19       5.311e-19       5.388e-14       3.238e-08       2.848e-06       9.059e-06       1.953e-05       3.735e-07       
  4.68      3.696e-19       2.421e-19       1.804e-19       2.546e-19       2.445e-19       1.332e-19       2.232e-14       1.903e-08       1.751e-06       5.769e-06       1.297e-05       2.368e-07       
  4.78      9.168e-20       6.005e-20       4.475e-20       6.316e-20       6.064e-20       3.305e-20       9.198e-15       1.112e-08       1.066e-06       3.639e-06       8.527e-06       1.491e-07       
  4.88      2.249e-20       1.473e-20       1.098e-20       1.549e-20       1.488e-20       8.106e-21       3.771e-15       6.462e-09       6.433e-07       2.274e-06       5.551e-06       9.331e-08       
  4.98      5.456e-21       3.573e-21       2.663e-21       3.759e-21       3.609e-21       1.967e-21       1.538e-15       3.735e-09       3.844e-07       1.407e-06       3.577e-06       5.803e-08       
  5.08      1.309e-21       8.576e-22       6.391e-22       9.020e-22       8.661e-22       4.719e-22       6.240e-16       2.147e-09       2.276e-07       8.629e-07       2.282e-06       3.586e-08       
  5.18      3.109e-22       2.036e-22       1.517e-22       2.142e-22       2.056e-22       1.121e-22       2.520e-16       1.227e-09       1.335e-07       5.241e-07       1.442e-06       2.203e-08       
  5.28      7.303e-23       4.783e-23       3.565e-23       5.031e-23       4.831e-23       2.632e-23       1.012e-16       6.980e-10       7.754e-08       3.153e-07       9.016e-07       1.344e-08       
  5.38      1.698e-23       1.112e-23       8.287e-24       1.170e-23       1.123e-23       6.119e-24       4.048e-17       3.949e-10       4.463e-08       1.879e-07       5.582e-07       8.156e-09       
  5.48      3.906e-24       2.558e-24       1.907e-24       2.691e-24       2.584e-24       1.408e-24       1.611e-17       2.222e-10       2.545e-08       1.110e-07       3.421e-07       4.918e-09       
  5.58      8.894e-25       5.826e-25       4.342e-25       6.128e-25       5.884e-25       3.206e-25       6.378e-18       1.244e-10       1.438e-08       6.489e-08       2.075e-07       2.948e-09       
  5.68      2.005e-25       1.313e-25       9.788e-26       1.381e-25       1.326e-25       7.228e-26       2.514e-18       6.930e-11       8.048e-09       3.760e-08       1.246e-07       1.756e-09       
  5.78      4.475e-26       2.931e-26       2.185e-26       3.083e-26       2.960e-26       1.613e-26       9.866e-19       3.840e-11       4.463e-09       2.158e-08       7.409e-08       1.040e-09       
  5.88      9.889e-27       6.477e-27       4.828e-27       6.813e-27       6.542e-27       3.565e-27       3.854e-19       2.117e-11       2.452e-09       1.227e-08       4.360e-08       6.122e-10       
  5.98      2.164e-27       1.417e-27       1.056e-27       1.491e-27       1.432e-27       7.800e-28       1.498e-19       1.162e-11       1.335e-09       6.911e-09       2.540e-08       3.583e-10       
  6.08      4.690e-28       3.072e-28       2.289e-28       3.231e-28       3.102e-28       1.690e-28       5.801e-20       6.342e-12       7.200e-10       3.856e-09       1.464e-08       2.085e-10       
  6.18      1.007e-28       6.593e-29       4.914e-29       6.935e-29       6.659e-29       3.628e-29       2.236e-20       3.446e-12       3.848e-10       2.132e-09       8.355e-09       1.206e-10       
  6.28      2.140e-29       1.402e-29       1.045e-29       1.474e-29       1.416e-29       7.715e-30       8.580e-21       1.863e-12       2.037e-10       1.167e-09       4.719e-09       6.935e-11       
  6.38      4.508e-30       2.953e-30       2.201e-30       3.106e-30       2.982e-30       1.625e-30       3.279e-21       1.002e-12       1.069e-10       6.332e-10       2.638e-09       3.965e-11       
  6.48      9.406e-31       6.161e-31       4.592e-31       6.480e-31       6.222e-31       3.391e-31       1.248e-21       5.367e-13       5.558e-11       3.403e-10       1.460e-09       2.254e-11       
  6.58      1.945e-31       1.274e-31       9.493e-32       1.340e-31       1.286e-31       7.010e-32       4.727e-22       2.860e-13       2.863e-11       1.812e-10       7.993e-10       1.274e-11       
  6.68      3.984e-32       2.610e-32       1.945e-32       2.745e-32       2.636e-32       1.436e-32       1.784e-22       1.517e-13       1.461e-11       9.555e-11       4.332e-10       7.163e-12       
  6.78      8.089e-33       5.298e-33       3.949e-33       5.573e-33       5.351e-33       2.916e-33       6.703e-23       8.009e-14       7.392e-12       4.993e-11       2.324e-10       4.004e-12       
  6.88      1.627e-33       1.066e-33       7.945e-34       1.121e-33       1.077e-33       5.866e-34       2.509e-23       4.208e-14       3.705e-12       2.584e-11       1.233e-10       2.225e-12       
  6.98      3.246e-34       2.126e-34       1.584e-34       2.236e-34       2.147e-34       1.170e-34       9.353e-24       2.201e-14       1.840e-12       1.325e-11       6.479e-11       1.230e-12       
  7.08      6.416e-35       4.202e-35       3.132e-35       4.420e-35       4.244e-35       2.313e-35       3.473e-24       1.146e-14       9.056e-13       6.733e-12       3.369e-11       6.760e-13       
  7.18      1.257e-35       8.234e-36       6.137e-36       8.661e-36       8.316e-36       4.532e-36       1.284e-24       5.941e-15       4.417e-13       3.389e-12       1.733e-11       3.695e-13       
  7.28      2.442e-36       1.600e-36       1.192e-36       1.683e-36       1.616e-36       8.804e-37       4.732e-25       3.066e-15       2.135e-13       1.690e-12       8.823e-12       2.009e-13       
  7.38      4.704e-37       3.081e-37       2.296e-37       3.241e-37       3.112e-37       1.696e-37       1.737e-25       1.575e-15       1.022e-13       8.347e-13       4.445e-12       1.086e-13       
  7.48      8.983e-38       5.884e-38       4.385e-38       6.189e-38       5.943e-38       3.238e-38       6.349e-26       8.055e-16       4.853e-14       4.085e-13       2.216e-12       5.840e-14       
  7.58      1.701e-38       1.114e-38       8.304e-39       1.172e-38       1.125e-38       6.132e-39       2.312e-26       4.101e-16       2.283e-14       1.980e-13       1.093e-12       3.123e-14       
  7.68      3.194e-39       2.092e-39       1.559e-39       2.201e-39       2.113e-39       1.151e-39       8.390e-27       2.079e-16       1.064e-14       9.512e-14       5.337e-13       1.661e-14       
  7.78      5.949e-40       3.897e-40       2.904e-40       4.099e-40       3.935e-40       2.144e-40       3.033e-27       1.049e-16       4.916e-15       4.527e-14       2.578e-13       8.790e-15       
  7.88      1.099e-40       7.197e-41       5.364e-41       7.570e-41       7.269e-41       3.961e-41       1.093e-27       5.274e-17       2.251e-15       2.134e-14       1.232e-13       4.626e-15       
  8.00      1.432e-41       9.381e-42       6.992e-42       9.868e-42       9.475e-42       5.163e-42       3.193e-28       2.297e-17       8.710e-16       8.550e-15       5.011e-14       2.126e-15       