* De conditionele overschrijdingskans van de zeewaterstand met statistische onzekerheid gegeven de windrichting
* voor een 12-uursperiode te Den Oever Buiten, gelegen op locatie: 
* 132030, 549440
* 
* Het waterstandsbereik waarvoor de overschrijdingskansen zijn gegeven is het hoogwater 1991 tot 8.00 m + NAP
* met een stapgrootte van 0.1 m. De laatste stapgrootte kan afwijken om op 8.00 m uit te komen. Hierbij wordt
* een stapgrootte van mimimaal 6 en maximaal 15 cm gekozen.
* 
* Betreft zichtjaar 1985 (het jaar waarvoor de basispeilen zijn afgeleid); 
* zeespiegelstijging sinds 1985 moet apart in rekening worden gebracht.
*
* Door: G.W.F. Rongen van HKV lijn in water
* Project: PR3280.20.03
*
* m (m+NAP) 30              60              90              120             150             180             210             240             270             300             330             360
  0.72      1.000e+00       1.000e+00       1.000e+00       1.000e+00       1.000e+00       1.000e+00       1.000e+00       1.000e+00       1.000e+00       1.000e+00       1.000e+00       1.000e+00       
  0.82      5.763e-01       5.015e-01       4.559e-01       5.098e-01       5.031e-01       4.137e-01       2.647e-01       3.814e-01       5.213e-01       5.337e-01       4.284e-01       3.250e-01       
  0.92      3.360e-01       2.539e-01       2.093e-01       2.625e-01       2.556e-01       1.716e-01       6.799e-02       1.453e-01       2.746e-01       2.879e-01       1.843e-01       1.044e-01       
  1.02      1.900e-01       1.269e-01       9.593e-02       1.332e-01       1.281e-01       7.190e-02       1.884e-02       6.009e-02       1.545e-01       1.660e-01       8.715e-02       3.734e-02       
  1.12      8.836e-02       5.788e-02       4.314e-02       6.088e-02       5.845e-02       3.185e-02       9.291e-03       4.212e-02       1.271e-01       1.397e-01       7.314e-02       2.752e-02       
  1.22      3.865e-02       2.531e-02       1.887e-02       2.663e-02       2.557e-02       1.393e-02       5.080e-03       3.202e-02       1.101e-01       1.237e-01       6.685e-02       2.277e-02       
  1.32      1.647e-02       1.079e-02       8.038e-03       1.134e-02       1.089e-02       5.935e-03       2.739e-03       2.408e-02       9.432e-02       1.085e-01       6.059e-02       1.865e-02       
  1.42      6.843e-03       4.482e-03       3.340e-03       4.714e-03       4.526e-03       2.466e-03       1.458e-03       1.791e-02       7.992e-02       9.420e-02       5.443e-02       1.513e-02       
  1.52      2.776e-03       1.819e-03       1.355e-03       1.913e-03       1.837e-03       1.001e-03       7.660e-04       1.318e-02       6.699e-02       8.098e-02       4.848e-02       1.215e-02       
  1.62      1.101e-03       7.212e-04       5.375e-04       7.586e-04       7.284e-04       3.969e-04       3.977e-04       9.608e-03       5.555e-02       6.892e-02       4.279e-02       9.660e-03       
  1.72      4.272e-04       2.798e-04       2.085e-04       2.943e-04       2.826e-04       1.540e-04       2.041e-04       6.935e-03       4.558e-02       5.808e-02       3.744e-02       7.612e-03       
  1.82      1.622e-04       1.063e-04       7.920e-05       1.118e-04       1.073e-04       5.848e-05       1.036e-04       4.958e-03       3.700e-02       4.847e-02       3.246e-02       5.944e-03       
  1.92      6.038e-05       3.955e-05       2.947e-05       4.160e-05       3.994e-05       2.176e-05       5.207e-05       3.513e-03       2.972e-02       4.004e-02       2.790e-02       4.599e-03       
  2.02      2.203e-05       1.443e-05       1.075e-05       1.518e-05       1.457e-05       7.940e-06       2.590e-05       2.467e-03       2.363e-02       3.276e-02       2.376e-02       3.528e-03       
  2.12      7.884e-06       5.164e-06       3.849e-06       5.432e-06       5.216e-06       2.842e-06       1.276e-05       1.717e-03       1.859e-02       2.654e-02       2.005e-02       2.682e-03       
  2.22      2.770e-06       1.814e-06       1.352e-06       1.908e-06       1.832e-06       9.984e-07       6.224e-06       1.186e-03       1.447e-02       2.129e-02       1.676e-02       2.022e-03       
  2.32      9.557e-07       6.259e-07       4.665e-07       6.584e-07       6.322e-07       3.445e-07       3.009e-06       8.117e-04       1.115e-02       1.691e-02       1.388e-02       1.512e-03       
  2.42      3.240e-07       2.122e-07       1.582e-07       2.232e-07       2.143e-07       1.168e-07       1.442e-06       5.512e-04       8.504e-03       1.330e-02       1.139e-02       1.121e-03       
  2.52      1.080e-07       7.071e-08       5.270e-08       7.438e-08       7.142e-08       3.892e-08       6.851e-07       3.714e-04       6.419e-03       1.036e-02       9.265e-03       8.247e-04       
  2.62      3.538e-08       2.317e-08       1.727e-08       2.438e-08       2.340e-08       1.275e-08       3.228e-07       2.483e-04       4.797e-03       7.990e-03       7.463e-03       6.017e-04       
  2.72      1.141e-08       7.472e-09       5.569e-09       7.859e-09       7.546e-09       4.112e-09       1.509e-07       1.647e-04       3.548e-03       6.103e-03       5.955e-03       4.356e-04       
  2.82      3.620e-09       2.371e-09       1.767e-09       2.494e-09       2.394e-09       1.305e-09       6.997e-08       1.085e-04       2.598e-03       4.616e-03       4.707e-03       3.129e-04       
  2.92      1.131e-09       7.407e-10       5.520e-10       7.790e-10       7.480e-10       4.076e-10       3.220e-08       7.093e-05       1.883e-03       3.458e-03       3.686e-03       2.230e-04       
  3.02      3.479e-10       2.279e-10       1.698e-10       2.397e-10       2.301e-10       1.254e-10       1.471e-08       4.604e-05       1.351e-03       2.565e-03       2.858e-03       1.577e-04       
  3.12      1.054e-10       6.907e-11       5.148e-11       7.265e-11       6.975e-11       3.801e-11       6.669e-09       2.967e-05       9.598e-04       1.884e-03       2.195e-03       1.107e-04       
  3.22      3.110e-11       2.037e-11       1.518e-11       2.143e-11       2.058e-11       1.121e-11       2.971e-09       1.885e-05       6.709e-04       1.363e-03       1.662e-03       7.668e-05       
  3.32      9.354e-12       6.127e-12       4.566e-12       6.445e-12       6.188e-12       3.372e-12       1.337e-09       1.199e-05       4.668e-04       9.806e-04       1.250e-03       5.300e-05       
  3.42      2.833e-12       1.855e-12       1.383e-12       1.952e-12       1.874e-12       1.021e-12       6.041e-10       7.602e-06       3.226e-04       7.008e-04       9.337e-04       3.649e-05       
  3.52      8.538e-13       5.592e-13       4.168e-13       5.882e-13       5.648e-13       3.078e-13       2.722e-10       4.797e-06       2.210e-04       4.965e-04       6.911e-04       2.497e-05       
  3.62      2.562e-13       1.678e-13       1.251e-13       1.765e-13       1.695e-13       9.235e-14       1.223e-10       3.012e-06       1.502e-04       3.488e-04       5.070e-04       1.698e-05       
  3.72      7.655e-14       5.014e-14       3.737e-14       5.274e-14       5.064e-14       2.759e-14       5.482e-11       1.882e-06       1.011e-04       2.428e-04       3.686e-04       1.148e-05       
  3.82      2.275e-14       1.490e-14       1.111e-14       1.568e-14       1.505e-14       8.202e-15       2.447e-11       1.167e-06       6.737e-05       1.673e-04       2.651e-04       7.699e-06       
  3.92      6.734e-15       4.411e-15       3.288e-15       4.640e-15       4.455e-15       2.427e-15       1.088e-11       7.198e-07       4.446e-05       1.142e-04       1.888e-04       5.127e-06       
  4.02      2.019e-15       1.322e-15       9.854e-16       1.391e-15       1.335e-15       7.276e-16       4.878e-12       4.442e-07       2.924e-05       7.759e-05       1.337e-04       3.411e-06       
  4.12      6.174e-16       4.044e-16       3.014e-16       4.254e-16       4.084e-16       2.226e-16       2.209e-12       2.744e-07       1.915e-05       5.250e-05       9.419e-05       2.266e-06       
  4.22      1.905e-16       1.248e-16       9.299e-17       1.312e-16       1.260e-16       6.866e-17       1.003e-12       1.691e-07       1.247e-05       3.530e-05       6.588e-05       1.499e-06       
  4.32      5.899e-17       3.863e-17       2.879e-17       4.064e-17       3.902e-17       2.126e-17       4.563e-13       1.039e-07       8.069e-06       2.356e-05       4.572e-05       9.878e-07       
  4.42      1.832e-17       1.200e-17       8.944e-18       1.262e-17       1.212e-17       6.604e-18       2.077e-13       6.367e-08       5.186e-06       1.562e-05       3.149e-05       6.479e-07       
  4.52      5.711e-18       3.741e-18       2.788e-18       3.935e-18       3.778e-18       2.059e-18       9.478e-14       3.894e-08       3.315e-06       1.030e-05       2.155e-05       4.236e-07       
  4.62      1.793e-18       1.174e-18       8.753e-19       1.235e-18       1.186e-18       6.463e-19       4.348e-14       2.383e-08       2.113e-06       6.766e-06       1.468e-05       2.767e-07       
  4.72      5.706e-19       3.737e-19       2.785e-19       3.931e-19       3.774e-19       2.057e-19       2.014e-14       1.462e-08       1.345e-06       4.436e-06       9.968e-06       1.808e-07       
  4.82      1.848e-19       1.210e-19       9.022e-20       1.273e-19       1.223e-19       6.662e-20       9.412e-15       8.980e-09       8.547e-07       2.901e-06       6.743e-06       1.181e-07       
  4.92      6.082e-20       3.984e-20       2.969e-20       4.190e-20       4.023e-20       2.192e-20       4.431e-15       5.520e-09       5.416e-07       1.891e-06       4.542e-06       7.705e-08       
  5.02      2.024e-20       1.326e-20       9.880e-21       1.394e-20       1.339e-20       7.295e-21       2.096e-15       3.394e-09       3.422e-07       1.228e-06       3.047e-06       5.020e-08       
  5.12      6.788e-21       4.446e-21       3.313e-21       4.676e-21       4.490e-21       2.447e-21       9.965e-16       2.089e-09       2.159e-07       7.964e-07       2.038e-06       3.271e-08       
  5.22      2.294e-21       1.502e-21       1.120e-21       1.580e-21       1.517e-21       8.268e-22       4.767e-16       1.289e-09       1.362e-07       5.159e-07       1.361e-06       2.133e-08       
  5.32      7.827e-22       5.126e-22       3.821e-22       5.392e-22       5.177e-22       2.821e-22       2.299e-16       7.985e-10       8.599e-08       3.344e-07       9.080e-07       1.394e-08       
  5.42      2.705e-22       1.772e-22       1.320e-22       1.863e-22       1.789e-22       9.750e-23       1.120e-16       4.965e-10       5.436e-08       2.168e-07       6.056e-07       9.132e-09       
  5.52      9.498e-23       6.221e-23       4.637e-23       6.543e-23       6.283e-23       3.424e-23       5.514e-17       3.099e-10       3.440e-08       1.406e-07       4.036e-07       5.992e-09       
  5.62      3.393e-23       2.222e-23       1.656e-23       2.337e-23       2.244e-23       1.223e-23       2.739e-17       1.939e-10       2.178e-08       9.120e-08       2.687e-07       3.936e-09       
  5.72      1.231e-23       8.065e-24       6.011e-24       8.483e-24       8.145e-24       4.438e-24       1.370e-17       1.215e-10       1.378e-08       5.909e-08       1.786e-07       2.587e-09       
  5.82      4.527e-24       2.965e-24       2.210e-24       3.119e-24       2.994e-24       1.632e-24       6.893e-18       7.629e-11       8.716e-09       3.825e-08       1.184e-07       1.701e-09       
  5.92      1.681e-24       1.101e-24       8.204e-25       1.158e-24       1.112e-24       6.058e-25       3.484e-18       4.794e-11       5.508e-09       2.473e-08       7.842e-08       1.119e-09       
  6.02      6.288e-25       4.119e-25       3.070e-25       4.332e-25       4.160e-25       2.267e-25       1.768e-18       3.016e-11       3.478e-09       1.597e-08       5.182e-08       7.356e-10       
  6.12      2.368e-25       1.551e-25       1.156e-25       1.631e-25       1.566e-25       8.535e-26       9.007e-19       1.900e-11       2.195e-09       1.030e-08       3.419e-08       4.838e-10       
  6.22      8.969e-26       5.874e-26       4.378e-26       6.179e-26       5.933e-26       3.233e-26       4.605e-19       1.197e-11       1.384e-09       6.634e-09       2.251e-08       3.182e-10       
  6.32      3.415e-26       2.237e-26       1.667e-26       2.353e-26       2.259e-26       1.231e-26       2.363e-19       7.555e-12       8.717e-10       4.270e-09       1.480e-08       2.093e-10       
  6.42      1.307e-26       8.564e-27       6.383e-27       9.008e-27       8.649e-27       4.713e-27       1.216e-19       4.771e-12       5.488e-10       2.745e-09       9.714e-09       1.377e-10       
  6.52      5.030e-27       3.295e-27       2.456e-27       3.465e-27       3.327e-27       1.813e-27       6.281e-20       3.016e-12       3.453e-10       1.763e-09       6.366e-09       9.057e-11       
  6.62      1.945e-27       1.274e-27       9.493e-28       1.340e-27       1.286e-27       7.009e-28       3.254e-20       1.908e-12       2.171e-10       1.131e-09       4.166e-09       5.959e-11       
  6.72      7.552e-28       4.947e-28       3.687e-28       5.203e-28       4.996e-28       2.722e-28       1.691e-20       1.208e-12       1.364e-10       7.252e-10       2.722e-09       3.921e-11       
  6.82      2.946e-28       1.930e-28       1.438e-28       2.030e-28       1.949e-28       1.062e-28       8.812e-21       7.656e-13       8.566e-11       4.645e-10       1.776e-09       2.580e-11       
  6.92      1.154e-28       7.561e-29       5.636e-29       7.953e-29       7.637e-29       4.161e-29       4.605e-21       4.856e-13       5.376e-11       2.972e-10       1.157e-09       1.698e-11       
  7.02      4.542e-29       2.975e-29       2.217e-29       3.129e-29       3.005e-29       1.637e-29       2.414e-21       3.082e-13       3.372e-11       1.901e-10       7.529e-10       1.118e-11       
  7.12      1.795e-29       1.175e-29       8.761e-30       1.236e-29       1.187e-29       6.469e-30       1.268e-21       1.958e-13       2.114e-11       1.214e-10       4.892e-10       7.358e-12       
  7.22      7.118e-30       4.662e-30       3.475e-30       4.904e-30       4.709e-30       2.566e-30       6.682e-22       1.245e-13       1.325e-11       7.751e-11       3.175e-10       4.844e-12       
  7.32      2.834e-30       1.856e-30       1.384e-30       1.953e-30       1.875e-30       1.022e-30       3.529e-22       7.918e-14       8.296e-12       4.944e-11       2.058e-10       3.189e-12       
  7.42      1.133e-30       7.419e-31       5.529e-31       7.803e-31       7.492e-31       4.083e-31       1.869e-22       5.041e-14       5.193e-12       3.152e-11       1.333e-10       2.100e-12       
  7.52      4.543e-31       2.975e-31       2.218e-31       3.130e-31       3.005e-31       1.638e-31       9.919e-23       3.211e-14       3.249e-12       2.007e-11       8.617e-11       1.383e-12       
  7.62      1.828e-31       1.198e-31       8.926e-32       1.260e-31       1.210e-31       6.591e-32       5.277e-23       2.047e-14       2.032e-12       1.278e-11       5.566e-11       9.108e-13       
  7.72      7.385e-32       4.837e-32       3.605e-32       5.088e-32       4.885e-32       2.662e-32       2.814e-23       1.306e-14       1.270e-12       8.127e-12       3.591e-11       6.000e-13       
  7.82      2.992e-32       1.960e-32       1.461e-32       2.062e-32       1.979e-32       1.079e-32       1.504e-23       8.339e-15       7.936e-13       5.166e-12       2.315e-11       3.952e-13       
  7.92      1.216e-32       7.968e-33       5.938e-33       8.381e-33       8.047e-33       4.385e-33       8.054e-24       5.327e-15       4.957e-13       3.282e-12       1.490e-11       2.604e-13       
  8.00      5.934e-33       3.887e-33       2.897e-33       4.088e-33       3.926e-33       2.139e-33       4.895e-24       3.724e-15       3.400e-13       2.282e-12       1.047e-11       1.865e-13       