* De conditionele overschrijdingskans van de zeewaterstand zonder statistische onzekerheid gegeven de windrichting
* voor een 12-uursperiode te Den Oever Buiten, gelegen op locatie: 
* 132030, 549440
* 
* Het waterstandsbereik waarvoor de overschrijdingskansen zijn gegeven is het hoogwater 1991 tot 8.00 m + NAP
* met een stapgrootte van 0.1 m. De laatste stapgrootte kan afwijken om op 8.00 m uit te komen. Hierbij wordt
* een stapgrootte van mimimaal 6 en maximaal 15 cm gekozen.
* 
* Betreft zichtjaar 1985 (het jaar waarvoor de basispeilen zijn afgeleid); 
* zeespiegelstijging sinds 1985 moet apart in rekening worden gebracht.
*
* Door: G.W.F. Rongen van HKV lijn in water
* Project: PR3280.20.03
*
* m (m+NAP) 30              60              90              120             150             180             210             240             270             300             330             360
  0.72      1.000e+00       1.000e+00       1.000e+00       1.000e+00       1.000e+00       1.000e+00       1.000e+00       1.000e+00       1.000e+00       1.000e+00       1.000e+00       1.000e+00       
  0.82      5.830e-01       5.063e-01       4.590e-01       5.149e-01       5.079e-01       4.149e-01       2.568e-01       3.810e-01       5.266e-01       5.394e-01       4.303e-01       3.212e-01       
  0.92      3.398e-01       2.563e-01       2.107e-01       2.651e-01       2.580e-01       1.721e-01       6.595e-02       1.451e-01       2.774e-01       2.909e-01       1.851e-01       1.032e-01       
  1.02      1.981e-01       1.298e-01       9.671e-02       1.365e-01       1.311e-01       7.141e-02       1.694e-02       5.529e-02       1.461e-01       1.569e-01       7.965e-02       3.314e-02       
  1.12      8.898e-02       5.828e-02       4.344e-02       6.130e-02       5.886e-02       3.207e-02       9.399e-03       4.255e-02       1.280e-01       1.405e-01       7.346e-02       2.773e-02       
  1.22      3.887e-02       2.546e-02       1.898e-02       2.678e-02       2.572e-02       1.401e-02       5.139e-03       3.236e-02       1.109e-01       1.245e-01       6.717e-02       2.296e-02       
  1.32      1.654e-02       1.084e-02       8.076e-03       1.140e-02       1.094e-02       5.963e-03       2.770e-03       2.433e-02       9.500e-02       1.092e-01       6.089e-02       1.881e-02       
  1.42      6.867e-03       4.498e-03       3.352e-03       4.731e-03       4.543e-03       2.475e-03       1.474e-03       1.810e-02       8.052e-02       9.483e-02       5.472e-02       1.526e-02       
  1.52      2.783e-03       1.823e-03       1.359e-03       1.917e-03       1.841e-03       1.003e-03       7.742e-04       1.333e-02       6.752e-02       8.155e-02       4.875e-02       1.226e-02       
  1.62      1.103e-03       7.221e-04       5.382e-04       7.596e-04       7.293e-04       3.974e-04       4.019e-04       9.715e-03       5.601e-02       6.943e-02       4.305e-02       9.750e-03       
  1.72      4.272e-04       2.798e-04       2.086e-04       2.943e-04       2.826e-04       1.540e-04       2.062e-04       7.013e-03       4.597e-02       5.853e-02       3.768e-02       7.685e-03       
  1.82      1.621e-04       1.062e-04       7.913e-05       1.117e-04       1.072e-04       5.843e-05       1.047e-04       5.015e-03       3.733e-02       4.885e-02       3.268e-02       6.001e-03       
  1.92      6.025e-05       3.946e-05       2.941e-05       4.151e-05       3.986e-05       2.172e-05       5.258e-05       3.554e-03       2.999e-02       4.038e-02       2.809e-02       4.645e-03       
  2.02      2.196e-05       1.438e-05       1.072e-05       1.513e-05       1.452e-05       7.914e-06       2.614e-05       2.496e-03       2.385e-02       3.304e-02       2.393e-02       3.563e-03       
  2.12      7.850e-06       5.141e-06       3.832e-06       5.408e-06       5.192e-06       2.829e-06       1.287e-05       1.738e-03       1.877e-02       2.677e-02       2.020e-02       2.710e-03       
  2.22      2.754e-06       1.804e-06       1.345e-06       1.898e-06       1.822e-06       9.929e-07       6.279e-06       1.200e-03       1.461e-02       2.148e-02       1.689e-02       2.044e-03       
  2.32      9.493e-07       6.217e-07       4.634e-07       6.540e-07       6.279e-07       3.422e-07       3.035e-06       8.213e-04       1.126e-02       1.707e-02       1.400e-02       1.528e-03       
  2.42      3.214e-07       2.105e-07       1.569e-07       2.214e-07       2.126e-07       1.159e-07       1.454e-06       5.578e-04       8.592e-03       1.343e-02       1.149e-02       1.133e-03       
  2.52      1.070e-07       7.008e-08       5.223e-08       7.371e-08       7.077e-08       3.857e-08       6.907e-07       3.758e-04       6.487e-03       1.046e-02       9.346e-03       8.337e-04       
  2.62      3.502e-08       2.294e-08       1.710e-08       2.413e-08       2.317e-08       1.262e-08       3.254e-07       2.513e-04       4.848e-03       8.071e-03       7.530e-03       6.084e-04       
  2.72      1.128e-08       7.387e-09       5.506e-09       7.770e-09       7.461e-09       4.065e-09       1.520e-07       1.667e-04       3.586e-03       6.166e-03       6.010e-03       4.404e-04       
  2.82      3.575e-09       2.341e-09       1.745e-09       2.463e-09       2.365e-09       1.288e-09       7.048e-08       1.098e-04       2.626e-03       4.665e-03       4.752e-03       3.164e-04       
  2.92      1.115e-09       7.306e-10       5.445e-10       7.685e-10       7.379e-10       4.021e-10       3.243e-08       7.179e-05       1.904e-03       3.495e-03       3.721e-03       2.255e-04       
  3.02      3.428e-10       2.245e-10       1.673e-10       2.362e-10       2.268e-10       1.236e-10       1.481e-08       4.660e-05       1.367e-03       2.593e-03       2.887e-03       1.595e-04       
  3.12      1.038e-10       6.798e-11       5.066e-11       7.150e-11       6.865e-11       3.741e-11       6.713e-09       3.004e-05       9.710e-04       1.905e-03       2.218e-03       1.120e-04       
  3.22      3.096e-11       2.028e-11       1.512e-11       2.133e-11       2.048e-11       1.116e-11       3.021e-09       1.922e-05       6.830e-04       1.386e-03       1.687e-03       7.806e-05       
  3.32      9.107e-12       5.965e-12       4.446e-12       6.274e-12       6.024e-12       3.283e-12       1.351e-09       1.222e-05       4.757e-04       9.986e-04       1.272e-03       5.400e-05       
  3.42      2.641e-12       1.730e-12       1.289e-12       1.819e-12       1.747e-12       9.519e-13       5.995e-10       7.717e-06       3.280e-04       7.126e-04       9.490e-04       3.709e-05       
  3.52      7.553e-13       4.947e-13       3.687e-13       5.204e-13       4.996e-13       2.723e-13       2.644e-10       4.841e-06       2.240e-04       5.036e-04       7.014e-04       2.529e-05       
  3.62      2.131e-13       1.396e-13       1.040e-13       1.468e-13       1.410e-13       7.682e-14       1.158e-10       3.017e-06       1.514e-04       3.524e-04       5.133e-04       1.712e-05       
  3.72      5.933e-14       3.886e-14       2.896e-14       4.087e-14       3.925e-14       2.139e-14       5.042e-11       1.868e-06       1.014e-04       2.443e-04       3.720e-04       1.151e-05       
  3.82      1.630e-14       1.068e-14       7.958e-15       1.123e-14       1.078e-14       5.876e-15       2.181e-11       1.149e-06       6.720e-05       1.677e-04       2.670e-04       7.682e-06       
  3.92      4.422e-15       2.896e-15       2.159e-15       3.046e-15       2.925e-15       1.594e-15       9.377e-12       7.026e-07       4.411e-05       1.140e-04       1.897e-04       5.092e-06       
  4.02      1.184e-15       7.757e-16       5.781e-16       8.159e-16       7.834e-16       4.269e-16       4.007e-12       4.269e-07       2.867e-05       7.675e-05       1.335e-04       3.353e-06       
  4.12      3.132e-16       2.052e-16       1.529e-16       2.158e-16       2.072e-16       1.129e-16       1.702e-12       2.578e-07       1.846e-05       5.118e-05       9.298e-05       2.192e-06       
  4.22      8.183e-17       5.360e-17       3.995e-17       5.638e-17       5.413e-17       2.950e-17       7.189e-13       1.548e-07       1.177e-05       3.380e-05       6.413e-05       1.424e-06       
  4.32      2.112e-17       1.383e-17       1.031e-17       1.455e-17       1.397e-17       7.613e-18       3.019e-13       9.236e-08       7.429e-06       2.210e-05       4.379e-05       9.186e-07       
  4.42      5.386e-18       3.528e-18       2.629e-18       3.711e-18       3.563e-18       1.942e-18       1.260e-13       5.479e-08       4.645e-06       1.432e-05       2.961e-05       5.887e-07       
  4.52      1.358e-18       8.892e-19       6.627e-19       9.353e-19       8.980e-19       4.893e-19       5.233e-14       3.231e-08       2.876e-06       9.186e-06       1.982e-05       3.748e-07       
  4.62      3.382e-19       2.215e-19       1.651e-19       2.330e-19       2.237e-19       1.219e-19       2.161e-14       1.895e-08       1.764e-06       5.837e-06       1.313e-05       2.371e-07       
  4.72      8.329e-20       5.455e-20       4.066e-20       5.738e-20       5.509e-20       3.002e-20       8.877e-15       1.105e-08       1.072e-06       3.674e-06       8.612e-06       1.490e-07       
  4.82      2.028e-20       1.328e-20       9.900e-21       1.397e-20       1.342e-20       7.310e-21       3.627e-15       6.406e-09       6.447e-07       2.290e-06       5.592e-06       9.303e-08       
  4.92      4.883e-21       3.199e-21       2.384e-21       3.364e-21       3.230e-21       1.760e-21       1.474e-15       3.693e-09       3.842e-07       1.414e-06       3.594e-06       5.771e-08       
  5.02      1.163e-21       7.617e-22       5.677e-22       8.012e-22       7.693e-22       4.192e-22       5.962e-16       2.118e-09       2.268e-07       8.644e-07       2.287e-06       3.558e-08       
  5.12      2.740e-22       1.794e-22       1.337e-22       1.887e-22       1.812e-22       9.875e-23       2.399e-16       1.208e-09       1.326e-07       5.235e-07       1.440e-06       2.180e-08       
  5.22      6.385e-23       4.182e-23       3.117e-23       4.399e-23       4.223e-23       2.301e-23       9.603e-17       6.850e-10       7.677e-08       3.140e-07       8.978e-07       1.327e-08       
  5.32      1.472e-23       9.642e-24       7.186e-24       1.014e-23       9.738e-24       5.306e-24       3.825e-17       3.865e-10       4.404e-08       1.865e-07       5.540e-07       8.028e-09       
  5.42      3.359e-24       2.200e-24       1.640e-24       2.314e-24       2.222e-24       1.211e-24       1.516e-17       2.169e-10       2.502e-08       1.098e-07       3.383e-07       4.827e-09       
  5.52      7.585e-25       4.968e-25       3.703e-25       5.225e-25       5.017e-25       2.734e-25       5.983e-18       1.211e-10       1.408e-08       6.398e-08       2.045e-07       2.885e-09       
  5.62      1.695e-25       1.110e-25       8.275e-26       1.168e-25       1.121e-25       6.110e-26       2.349e-18       6.725e-11       7.853e-09       3.693e-08       1.224e-07       1.714e-09       
  5.72      3.750e-26       2.456e-26       1.831e-26       2.584e-26       2.481e-26       1.352e-26       9.183e-19       3.716e-11       4.337e-09       2.112e-08       7.245e-08       1.012e-09       
  5.82      8.214e-27       5.380e-27       4.010e-27       5.659e-27       5.434e-27       2.961e-27       3.573e-19       2.043e-11       2.373e-09       1.196e-08       4.246e-08       5.937e-10       
  5.92      1.781e-27       1.167e-27       8.695e-28       1.227e-27       1.178e-27       6.421e-28       1.384e-19       1.117e-11       1.286e-09       6.709e-09       2.462e-08       3.463e-10       
  6.02      3.825e-28       2.505e-28       1.867e-28       2.635e-28       2.530e-28       1.379e-28       5.334e-20       6.080e-12       6.907e-10       3.728e-09       1.413e-08       2.008e-10       
  6.12      8.133e-29       5.327e-29       3.970e-29       5.603e-29       5.380e-29       2.932e-29       2.048e-20       3.292e-12       3.674e-10       2.052e-09       8.027e-09       1.158e-10       
  6.22      1.713e-29       1.122e-29       8.362e-30       1.180e-29       1.133e-29       6.174e-30       7.825e-21       1.774e-12       1.936e-10       1.118e-09       4.512e-09       6.635e-11       
  6.32      3.573e-30       2.340e-30       1.744e-30       2.462e-30       2.364e-30       1.288e-30       2.977e-21       9.512e-13       1.011e-10       6.039e-10       2.510e-09       3.780e-11       
  6.42      7.384e-31       4.836e-31       3.605e-31       5.087e-31       4.885e-31       2.662e-31       1.128e-21       5.076e-13       5.230e-11       3.230e-10       1.381e-09       2.141e-11       
  6.52      1.512e-31       9.901e-32       7.379e-32       1.041e-31       1.000e-31       5.449e-32       4.256e-22       2.695e-13       2.680e-11       1.711e-10       7.524e-10       1.206e-11       
  6.62      3.066e-32       2.008e-32       1.497e-32       2.112e-32       2.028e-32       1.105e-32       1.599e-22       1.425e-13       1.361e-11       8.978e-11       4.055e-10       6.752e-12       
  6.72      6.162e-33       4.036e-33       3.008e-33       4.245e-33       4.076e-33       2.221e-33       5.981e-23       7.494e-14       6.845e-12       4.666e-11       2.163e-10       3.759e-12       
  6.82      1.227e-33       8.038e-34       5.991e-34       8.455e-34       8.118e-34       4.424e-34       2.229e-23       3.923e-14       3.412e-12       2.402e-11       1.141e-10       2.081e-12       
  6.92      2.422e-34       1.586e-34       1.182e-34       1.669e-34       1.602e-34       8.731e-35       8.270e-24       2.045e-14       1.685e-12       1.225e-11       5.960e-11       1.145e-12       
  7.02      4.738e-35       3.103e-35       2.313e-35       3.264e-35       3.134e-35       1.708e-35       3.057e-24       1.061e-14       8.244e-13       6.189e-12       3.079e-11       6.270e-13       
  7.12      9.186e-36       6.017e-36       4.484e-36       6.329e-36       6.077e-36       3.311e-36       1.125e-24       5.476e-15       3.996e-13       3.097e-12       1.574e-11       3.413e-13       
  7.22      1.765e-36       1.156e-36       8.618e-37       1.216e-36       1.168e-36       6.364e-37       4.126e-25       2.814e-15       1.920e-13       1.535e-12       7.962e-12       1.847e-13       
  7.32      3.364e-37       2.203e-37       1.642e-37       2.317e-37       2.225e-37       1.212e-37       1.507e-25       1.440e-15       9.137e-14       7.535e-13       3.984e-12       9.943e-14       
  7.42      6.354e-38       4.162e-38       3.102e-38       4.377e-38       4.203e-38       2.290e-38       5.484e-26       7.335e-16       4.309e-14       3.665e-13       1.973e-12       5.322e-14       
  7.52      1.190e-38       7.794e-39       5.809e-39       8.198e-39       7.871e-39       4.289e-39       1.988e-26       3.719e-16       2.013e-14       1.765e-13       9.663e-13       2.834e-14       
  7.62      2.210e-39       1.447e-39       1.079e-39       1.522e-39       1.462e-39       7.965e-40       7.177e-27       1.878e-16       9.323e-15       8.424e-14       4.683e-13       1.500e-14       
  7.72      4.069e-40       2.665e-40       1.986e-40       2.803e-40       2.692e-40       1.467e-40       2.582e-27       9.438e-17       4.277e-15       3.982e-14       2.245e-13       7.900e-15       
  7.82      7.430e-41       4.867e-41       3.627e-41       5.119e-41       4.915e-41       2.678e-41       9.254e-28       4.723e-17       1.945e-15       1.864e-14       1.065e-13       4.138e-15       
  7.92      1.346e-41       8.813e-42       6.569e-42       9.270e-42       8.901e-42       4.850e-42       3.305e-28       2.353e-17       8.761e-16       8.647e-15       4.998e-14       2.156e-15       
  8.00      3.409e-42       2.233e-42       1.664e-42       2.349e-42       2.255e-42       1.229e-42       1.446e-28       1.344e-17       4.599e-16       4.645e-15       2.707e-14       1.274e-15       