#age [Z/H] [alpha/Fe] Hbeta Mg2 Mgb Fe5270 Fe5335 Fe MgFe
0.6 -0.96 -0.2 5.444 0.02 0.581 0.685 0.701 0.693 0.633
0.7 -0.96 -0.2 5.378 0.02 0.596 0.712 0.721 0.716 0.653
0.8 -0.96 -0.2 5.337 0.02 0.611 0.742 0.741 0.742 0.673
0.9 -0.96 -0.2 5.188 0.02 0.647 0.782 0.77 0.776 0.71
1 -0.96 -0.2 4.821 0.022 0.662 0.84 0.826 0.833 0.744
1.25 -0.96 -0.2 3.817 0.033 0.766 1.068 1.034 1.051 0.901
1.5 -0.96 -0.2 3.498 0.036 0.74 1.15 1.112 1.131 0.918
1.75 -0.96 -0.2 3.536 0.037 0.73 1.18 1.15 1.165 0.925
2 -0.96 -0.2 3.487 0.038 0.741 1.201 1.165 1.183 0.939
2.25 -0.96 -0.2 3.27 0.039 0.757 1.237 1.203 1.22 0.964
2.5 -0.96 -0.2 3.143 0.041 0.766 1.265 1.229 1.247 0.981
2.75 -0.96 -0.2 3.142 0.04 0.762 1.247 1.22 1.234 0.972
3 -0.96 -0.2 3.083 0.041 0.772 1.264 1.236 1.25 0.984
3.25 -0.96 -0.2 3.002 0.042 0.787 1.281 1.251 1.266 1.001
3.5 -0.96 -0.2 2.959 0.043 0.793 1.285 1.257 1.271 1.006
3.75 -0.96 -0.2 2.889 0.043 0.801 1.301 1.274 1.288 1.018
4 -0.96 -0.2 2.778 0.044 0.805 1.321 1.293 1.307 1.028
4.5 -0.96 -0.2 2.618 0.046 0.814 1.356 1.327 1.342 1.047
5 -0.96 -0.2 2.576 0.047 0.83 1.371 1.345 1.358 1.064
5.5 -0.96 -0.2 2.459 0.049 0.841 1.395 1.368 1.382 1.08
6 -0.96 -0.2 2.367 0.05 0.846 1.415 1.391 1.403 1.091
6.5 -0.96 -0.2 2.298 0.052 0.858 1.437 1.414 1.425 1.108
7 -0.96 -0.2 2.247 0.053 0.855 1.445 1.426 1.435 1.109
7.5 -0.96 -0.2 2.192 0.053 0.861 1.458 1.439 1.449 1.118
8 -0.96 -0.2 2.144 0.055 0.869 1.482 1.458 1.47 1.132
8.5 -0.96 -0.2 2.109 0.056 0.89 1.501 1.475 1.488 1.153
9 -0.96 -0.2 2.064 0.057 0.894 1.519 1.489 1.504 1.162
9.5 -0.96 -0.2 2.022 0.058 0.903 1.532 1.501 1.517 1.173
10 -0.96 -0.2 2.056 0.058 0.911 1.513 1.485 1.499 1.171
10.5 -0.96 -0.2 2.175 0.058 0.916 1.503 1.476 1.489 1.17
11 -0.96 -0.2 2.286 0.058 0.928 1.502 1.48 1.491 1.178
11.5 -0.96 -0.2 2.356 0.058 0.946 1.497 1.483 1.49 1.189
12 -0.96 -0.2 2.419 0.059 0.971 1.5 1.49 1.495 1.206
12.5 -0.96 -0.2 2.495 0.059 0.978 1.506 1.498 1.502 1.213
13 -0.96 -0.2 2.553 0.061 0.997 1.523 1.514 1.518 1.231
13.5 -0.96 -0.2 2.562 0.062 1.003 1.533 1.525 1.529 1.239
14 -0.96 -0.2 2.575 0.063 1.006 1.555 1.547 1.551 1.25
0.6 -0.66 -0.2 5.932 0.024 0.559 0.822 0.824 0.823 0.678
0.7 -0.66 -0.2 5.841 0.022 0.594 0.849 0.847 0.848 0.71
0.8 -0.66 -0.2 5.653 0.023 0.627 0.891 0.881 0.886 0.746
0.9 -0.66 -0.2 5.434 0.024 0.647 0.913 0.916 0.914 0.769
1 -0.66 -0.2 5.014 0.028 0.707 1.001 0.999 1 0.841
1.25 -0.66 -0.2 4.032 0.045 0.821 1.301 1.274 1.288 1.031
1.5 -0.66 -0.2 3.714 0.051 0.887 1.477 1.418 1.447 1.138
1.75 -0.66 -0.2 3.243 0.058 0.934 1.542 1.497 1.52 1.195
2 -0.66 -0.2 3.184 0.058 0.96 1.562 1.514 1.538 1.219
2.25 -0.66 -0.2 3.033 0.06 0.984 1.604 1.55 1.577 1.251
2.5 -0.66 -0.2 2.903 0.062 0.999 1.66 1.592 1.626 1.28
2.75 -0.66 -0.2 2.793 0.064 1.027 1.693 1.617 1.655 1.31
3 -0.66 -0.2 2.785 0.064 1.044 1.684 1.614 1.649 1.318
3.25 -0.66 -0.2 2.698 0.065 1.06 1.714 1.635 1.674 1.339
3.5 -0.66 -0.2 2.593 0.066 1.068 1.746 1.665 1.705 1.356
3.75 -0.66 -0.2 2.507 0.068 1.093 1.775 1.693 1.734 1.384
4 -0.66 -0.2 2.464 0.068 1.097 1.775 1.697 1.736 1.387
4.5 -0.66 -0.2 2.358 0.07 1.121 1.785 1.712 1.748 1.406
5 -0.66 -0.2 2.271 0.071 1.152 1.782 1.716 1.749 1.425
5.5 -0.66 -0.2 2.208 0.073 1.178 1.787 1.721 1.754 1.444
6 -0.66 -0.2 2.141 0.075 1.213 1.815 1.743 1.779 1.475
6.5 -0.66 -0.2 2.09 0.076 1.234 1.834 1.763 1.799 1.496
7 -0.66 -0.2 2.022 0.078 1.262 1.854 1.779 1.816 1.521
7.5 -0.66 -0.2 1.984 0.079 1.276 1.868 1.792 1.83 1.535
8 -0.66 -0.2 1.954 0.081 1.293 1.886 1.811 1.848 1.553
8.5 -0.66 -0.2 1.934 0.082 1.305 1.903 1.827 1.865 1.567
9 -0.66 -0.2 1.919 0.083 1.324 1.925 1.847 1.886 1.587
9.5 -0.66 -0.2 1.892 0.084 1.342 1.943 1.867 1.905 1.606
10 -0.66 -0.2 1.874 0.086 1.362 1.952 1.877 1.915 1.622
10.5 -0.66 -0.2 1.844 0.087 1.372 1.967 1.892 1.929 1.634
11 -0.66 -0.2 1.824 0.088 1.391 1.982 1.909 1.945 1.652
11.5 -0.66 -0.2 1.822 0.089 1.417 1.991 1.918 1.955 1.671
12 -0.66 -0.2 1.819 0.09 1.432 1.997 1.926 1.961 1.683
12.5 -0.66 -0.2 1.814 0.091 1.449 2.006 1.935 1.971 1.697
13 -0.66 -0.2 1.815 0.092 1.468 2.014 1.945 1.98 1.711
13.5 -0.66 -0.2 1.81 0.093 1.484 2.021 1.952 1.987 1.724
14 -0.66 -0.2 1.907 0.092 1.497 1.969 1.92 1.944 1.711
0.6 -0.35 -0.2 6.234 0.029 0.725 1.021 0.997 1.009 0.858
0.7 -0.35 -0.2 5.98 0.032 0.815 1.11 1.085 1.098 0.948
0.8 -0.35 -0.2 5.632 0.035 0.855 1.214 1.167 1.191 1.013
0.9 -0.35 -0.2 5.271 0.039 0.878 1.309 1.243 1.276 1.064
1 -0.35 -0.2 4.931 0.042 0.937 1.406 1.322 1.364 1.138
1.25 -0.35 -0.2 3.971 0.063 1.107 1.763 1.677 1.72 1.387
1.5 -0.35 -0.2 3.154 0.088 1.225 2.174 2.117 2.146 1.626
1.75 -0.35 -0.2 3.115 0.082 1.268 2.035 1.977 2.006 1.6
2 -0.35 -0.2 2.847 0.089 1.344 2.103 2.045 2.074 1.675
2.25 -0.35 -0.2 2.76 0.09 1.376 2.099 2.041 2.07 1.693
2.5 -0.35 -0.2 2.656 0.092 1.414 2.115 2.049 2.082 1.722
2.75 -0.35 -0.2 2.548 0.094 1.473 2.157 2.068 2.112 1.772
3 -0.35 -0.2 2.46 0.097 1.519 2.196 2.112 2.154 1.816
3.25 -0.35 -0.2 2.406 0.099 1.547 2.216 2.129 2.173 1.841
3.5 -0.35 -0.2 2.369 0.099 1.566 2.225 2.139 2.182 1.856
3.75 -0.35 -0.2 2.337 0.1 1.577 2.244 2.156 2.2 1.871
4 -0.35 -0.2 2.285 0.102 1.599 2.261 2.17 2.216 1.891
4.5 -0.35 -0.2 2.194 0.104 1.645 2.306 2.198 2.252 1.935
5 -0.35 -0.2 2.147 0.106 1.686 2.317 2.206 2.262 1.963
5.5 -0.35 -0.2 2.078 0.109 1.728 2.347 2.236 2.291 2
6 -0.35 -0.2 2.013 0.112 1.777 2.37 2.263 2.317 2.039
6.5 -0.35 -0.2 1.967 0.114 1.824 2.384 2.276 2.33 2.072
7 -0.35 -0.2 1.914 0.116 1.864 2.409 2.3 2.355 2.106
7.5 -0.35 -0.2 1.872 0.119 1.897 2.44 2.33 2.385 2.138
8 -0.35 -0.2 1.828 0.121 1.929 2.455 2.347 2.401 2.163
8.5 -0.35 -0.2 1.787 0.123 1.966 2.48 2.367 2.424 2.194
9 -0.35 -0.2 1.747 0.125 2.002 2.496 2.385 2.441 2.221
9.5 -0.35 -0.2 1.727 0.127 2.025 2.526 2.411 2.469 2.247
10 -0.35 -0.2 1.701 0.128 2.038 2.534 2.42 2.477 2.258
10.5 -0.35 -0.2 1.674 0.129 2.052 2.533 2.423 2.478 2.266
11 -0.35 -0.2 1.656 0.13 2.072 2.546 2.436 2.491 2.283
11.5 -0.35 -0.2 1.629 0.131 2.075 2.551 2.443 2.497 2.287
12 -0.35 -0.2 1.607 0.132 2.086 2.565 2.461 2.513 2.3
12.5 -0.35 -0.2 1.573 0.133 2.095 2.584 2.477 2.53 2.313
13 -0.35 -0.2 1.548 0.135 2.118 2.588 2.483 2.535 2.328
13.5 -0.35 -0.2 1.525 0.136 2.145 2.602 2.498 2.55 2.349
14 -0.35 -0.2 1.543 0.137 2.15 2.601 2.503 2.552 2.352
0.6 0.06 -0.2 5.839 0.044 0.867 1.447 1.339 1.393 1.109
0.7 0.06 -0.2 5.467 0.05 0.932 1.608 1.481 1.545 1.21
0.8 0.06 -0.2 5.156 0.057 0.999 1.785 1.642 1.713 1.321
0.9 0.06 -0.2 4.674 0.061 1.086 1.892 1.751 1.821 1.418
1 0.06 -0.2 4.261 0.065 1.142 1.932 1.798 1.865 1.471
1.25 0.06 -0.2 3.475 0.083 1.37 2.247 2.107 2.177 1.739
1.5 0.06 -0.2 3.078 0.1 1.471 2.497 2.401 2.449 1.906
1.75 0.06 -0.2 2.819 0.105 1.611 2.566 2.47 2.518 2.022
2 0.06 -0.2 2.622 0.113 1.73 2.658 2.56 2.609 2.134
2.25 0.06 -0.2 2.465 0.12 1.848 2.734 2.639 2.686 2.236
2.5 0.06 -0.2 2.328 0.126 1.945 2.812 2.712 2.762 2.327
2.75 0.06 -0.2 2.249 0.131 2.006 2.852 2.754 2.803 2.381
3 0.06 -0.2 2.246 0.131 2.048 2.834 2.735 2.784 2.397
3.25 0.06 -0.2 2.166 0.136 2.122 2.884 2.782 2.833 2.461
3.5 0.06 -0.2 2.095 0.139 2.161 2.924 2.817 2.87 2.501
3.75 0.06 -0.2 2.042 0.143 2.21 2.958 2.847 2.903 2.543
4 0.06 -0.2 1.993 0.147 2.265 3.005 2.893 2.949 2.595
4.5 0.06 -0.2 1.935 0.152 2.351 3.058 2.941 2.999 2.667
5 0.06 -0.2 1.925 0.153 2.357 3.054 2.936 2.995 2.668
5.5 0.06 -0.2 1.858 0.158 2.431 3.113 2.987 3.05 2.735
6 0.06 -0.2 1.799 0.163 2.491 3.156 3.038 3.097 2.789
6.5 0.06 -0.2 1.754 0.167 2.546 3.195 3.076 3.136 2.837
7 0.06 -0.2 1.698 0.171 2.606 3.241 3.117 3.179 2.89
7.5 0.06 -0.2 1.659 0.175 2.668 3.272 3.147 3.209 2.939
8 0.06 -0.2 1.613 0.178 2.714 3.303 3.177 3.24 2.978
8.5 0.06 -0.2 1.571 0.181 2.742 3.333 3.205 3.269 3.006
9 0.06 -0.2 1.54 0.183 2.776 3.359 3.228 3.293 3.037
9.5 0.06 -0.2 1.511 0.186 2.805 3.386 3.251 3.319 3.065
10 0.06 -0.2 1.48 0.188 2.826 3.412 3.275 3.344 3.088
10.5 0.06 -0.2 1.453 0.19 2.846 3.44 3.303 3.372 3.111
11 0.06 -0.2 1.431 0.193 2.883 3.461 3.328 3.395 3.142
11.5 0.06 -0.2 1.409 0.196 2.907 3.484 3.351 3.417 3.165
12 0.06 -0.2 1.381 0.198 2.942 3.507 3.373 3.44 3.195
12.5 0.06 -0.2 1.354 0.201 2.973 3.529 3.393 3.461 3.221
13 0.06 -0.2 1.303 0.203 2.974 3.56 3.43 3.495 3.237
13.5 0.06 -0.2 1.276 0.205 2.985 3.574 3.448 3.511 3.25
14 0.06 -0.2 1.255 0.207 3.009 3.588 3.461 3.524 3.269
0.6 0.26 -0.2 5.49 0.053 0.839 1.782 1.621 1.701 1.207
0.7 0.26 -0.2 4.996 0.059 0.935 1.912 1.755 1.833 1.321
0.8 0.26 -0.2 4.574 0.067 1.037 2.057 1.904 1.981 1.445
0.9 0.26 -0.2 4.193 0.074 1.161 2.154 2.013 2.084 1.567
1 0.26 -0.2 3.964 0.081 1.311 2.219 2.085 2.152 1.691
1.25 0.26 -0.2 3.292 0.101 1.662 2.456 2.319 2.388 2.004
1.5 0.26 -0.2 2.864 0.129 2.025 2.712 2.606 2.659 2.33
1.75 0.26 -0.2 2.805 0.131 2.111 2.682 2.572 2.627 2.366
2 0.26 -0.2 2.628 0.134 2.201 2.74 2.618 2.679 2.44
2.25 0.26 -0.2 2.479 0.144 2.346 2.833 2.706 2.769 2.562
2.5 0.26 -0.2 2.344 0.153 2.466 2.913 2.786 2.849 2.664
2.75 0.26 -0.2 2.204 0.163 2.599 3.002 2.877 2.939 2.777
3 0.26 -0.2 2.125 0.169 2.725 3.072 2.932 3.002 2.875
3.25 0.26 -0.2 2.152 0.166 2.706 3.032 2.9 2.966 2.847
3.5 0.26 -0.2 2.092 0.17 2.754 3.063 2.935 2.999 2.887
3.75 0.26 -0.2 2.03 0.173 2.795 3.095 2.965 3.03 2.924
4 0.26 -0.2 1.976 0.177 2.867 3.133 3.001 3.067 2.98
4.5 0.26 -0.2 1.91 0.183 2.937 3.192 3.055 3.123 3.043
5 0.26 -0.2 1.843 0.191 3.073 3.261 3.112 3.187 3.145
5.5 0.26 -0.2 1.857 0.188 3.034 3.232 3.092 3.162 3.113
6 0.26 -0.2 1.799 0.193 3.123 3.283 3.133 3.208 3.182
6.5 0.26 -0.2 1.741 0.199 3.186 3.333 3.181 3.257 3.237
7 0.26 -0.2 1.711 0.202 3.23 3.362 3.211 3.287 3.275
7.5 0.26 -0.2 1.656 0.208 3.294 3.407 3.261 3.334 3.33
8 0.26 -0.2 1.611 0.213 3.341 3.454 3.312 3.383 3.377
8.5 0.26 -0.2 1.578 0.215 3.389 3.475 3.334 3.405 3.412
9 0.26 -0.2 1.54 0.219 3.434 3.504 3.361 3.432 3.449
9.5 0.26 -0.2 1.514 0.221 3.451 3.531 3.388 3.459 3.471
10 0.26 -0.2 1.478 0.224 3.48 3.56 3.42 3.49 3.5
10.5 0.26 -0.2 1.449 0.226 3.508 3.588 3.45 3.519 3.529
11 0.26 -0.2 1.392 0.231 3.537 3.616 3.488 3.552 3.559
11.5 0.26 -0.2 1.358 0.234 3.576 3.642 3.513 3.578 3.591
12 0.26 -0.2 1.32 0.237 3.609 3.667 3.539 3.603 3.62
12.5 0.26 -0.2 1.298 0.239 3.625 3.689 3.563 3.626 3.639
13 0.26 -0.2 1.273 0.242 3.655 3.712 3.587 3.65 3.666
13.5 0.26 -0.2 1.242 0.245 3.671 3.734 3.617 3.675 3.686
14 0.26 -0.2 1.211 0.248 3.707 3.758 3.642 3.7 3.716
0.6 -0.96 0 5.418 0.022 0.681 0.701 0.694 0.697 0.69
0.7 -0.96 0 5.406 0.022 0.719 0.717 0.708 0.712 0.717
0.8 -0.96 0 5.367 0.022 0.747 0.741 0.723 0.732 0.741
0.9 -0.96 0 5.196 0.023 0.786 0.778 0.752 0.765 0.779
1 -0.96 0 4.874 0.025 0.821 0.844 0.81 0.827 0.828
1.25 -0.96 0 4.036 0.035 0.933 1.05 1.003 1.027 0.984
1.5 -0.96 0 3.555 0.039 0.942 1.165 1.106 1.135 1.04
1.75 -0.96 0 3.606 0.041 0.94 1.192 1.136 1.164 1.052
2 -0.96 0 3.474 0.042 0.947 1.212 1.152 1.182 1.064
2.25 -0.96 0 3.144 0.044 0.976 1.251 1.187 1.219 1.097
2.5 -0.96 0 3.033 0.046 0.999 1.278 1.214 1.246 1.122
2.75 -0.96 0 3.072 0.046 1.005 1.266 1.208 1.237 1.121
3 -0.96 0 2.97 0.047 1.024 1.28 1.222 1.251 1.137
3.25 -0.96 0 2.938 0.048 1.036 1.291 1.233 1.262 1.149
3.5 -0.96 0 2.897 0.048 1.05 1.293 1.237 1.265 1.158
3.75 -0.96 0 2.852 0.049 1.06 1.305 1.25 1.278 1.169
4 -0.96 0 2.8 0.05 1.076 1.316 1.262 1.289 1.183
4.5 -0.96 0 2.763 0.052 1.095 1.337 1.283 1.31 1.203
5 -0.96 0 2.69 0.053 1.118 1.348 1.296 1.322 1.221
5.5 -0.96 0 2.565 0.055 1.137 1.375 1.319 1.347 1.244
6 -0.96 0 2.52 0.056 1.143 1.394 1.34 1.367 1.256
6.5 -0.96 0 2.468 0.058 1.155 1.41 1.356 1.383 1.269
7 -0.96 0 2.417 0.059 1.168 1.424 1.369 1.396 1.283
7.5 -0.96 0 2.362 0.061 1.188 1.443 1.387 1.415 1.302
8 -0.96 0 2.3 0.062 1.209 1.464 1.406 1.435 1.323
8.5 -0.96 0 2.243 0.064 1.22 1.485 1.425 1.455 1.339
9 -0.96 0 2.197 0.064 1.222 1.497 1.432 1.464 1.344
9.5 -0.96 0 2.166 0.065 1.238 1.508 1.444 1.476 1.358
10 -0.96 0 2.238 0.066 1.245 1.497 1.428 1.463 1.357
10.5 -0.96 0 2.304 0.065 1.222 1.469 1.411 1.44 1.332
11 -0.96 0 2.381 0.065 1.241 1.465 1.411 1.438 1.341
11.5 -0.96 0 2.501 0.065 1.235 1.468 1.418 1.443 1.34
12 -0.96 0 2.577 0.066 1.245 1.466 1.419 1.443 1.345
12.5 -0.96 0 2.644 0.066 1.253 1.472 1.424 1.448 1.352
13 -0.96 0 2.716 0.067 1.258 1.487 1.436 1.462 1.361
13.5 -0.96 0 2.715 0.068 1.265 1.501 1.447 1.474 1.371
14 -0.96 0 2.709 0.07 1.278 1.524 1.47 1.497 1.389
0.6 -0.66 0 5.855 0.025 0.715 0.794 0.785 0.789 0.752
0.7 -0.66 0 5.683 0.025 0.746 0.835 0.819 0.827 0.787
0.8 -0.66 0 5.486 0.026 0.788 0.879 0.855 0.867 0.829
0.9 -0.66 0 5.181 0.028 0.847 0.927 0.907 0.917 0.883
1 -0.66 0 4.886 0.031 0.895 0.96 0.954 0.957 0.926
1.25 -0.66 0 3.938 0.05 1.138 1.292 1.243 1.268 1.206
1.5 -0.66 0 3.538 0.055 1.119 1.361 1.316 1.338 1.228
1.75 -0.66 0 3.266 0.062 1.218 1.455 1.421 1.438 1.327
2 -0.66 0 3.232 0.063 1.251 1.464 1.425 1.445 1.348
2.25 -0.66 0 3.094 0.065 1.285 1.497 1.451 1.474 1.381
2.5 -0.66 0 2.936 0.068 1.328 1.539 1.484 1.512 1.422
2.75 -0.66 0 2.86 0.069 1.352 1.569 1.506 1.537 1.448
3 -0.66 0 2.864 0.069 1.364 1.565 1.502 1.534 1.453
3.25 -0.66 0 2.778 0.07 1.381 1.591 1.522 1.557 1.474
3.5 -0.66 0 2.705 0.072 1.406 1.613 1.538 1.576 1.496
3.75 -0.66 0 2.646 0.074 1.439 1.631 1.555 1.593 1.522
4 -0.66 0 2.605 0.075 1.457 1.633 1.557 1.595 1.533
4.5 -0.66 0 2.488 0.077 1.495 1.651 1.58 1.616 1.562
5 -0.66 0 2.37 0.08 1.544 1.674 1.609 1.642 1.599
5.5 -0.66 0 2.295 0.082 1.577 1.683 1.622 1.652 1.62
6 -0.66 0 2.231 0.082 1.57 1.69 1.629 1.66 1.621
6.5 -0.66 0 2.163 0.084 1.6 1.704 1.641 1.672 1.642
7 -0.66 0 2.103 0.086 1.63 1.721 1.652 1.687 1.666
7.5 -0.66 0 2.055 0.088 1.646 1.741 1.669 1.705 1.683
8 -0.66 0 2.026 0.089 1.673 1.747 1.677 1.712 1.7
8.5 -0.66 0 1.996 0.09 1.693 1.759 1.694 1.726 1.717
9 -0.66 0 1.977 0.092 1.718 1.782 1.712 1.747 1.74
9.5 -0.66 0 1.957 0.093 1.743 1.805 1.732 1.768 1.764
10 -0.66 0 1.938 0.095 1.769 1.818 1.745 1.781 1.783
10.5 -0.66 0 1.917 0.096 1.794 1.831 1.753 1.792 1.802
11 -0.66 0 1.898 0.097 1.821 1.844 1.765 1.805 1.822
11.5 -0.66 0 1.898 0.098 1.833 1.857 1.78 1.819 1.834
12 -0.66 0 1.907 0.099 1.846 1.859 1.786 1.822 1.842
12.5 -0.66 0 1.912 0.099 1.859 1.867 1.792 1.829 1.852
13 -0.66 0 1.923 0.101 1.879 1.877 1.803 1.84 1.868
13.5 -0.66 0 1.919 0.101 1.88 1.881 1.811 1.846 1.87
14 -0.66 0 2.023 0.1 1.875 1.841 1.791 1.816 1.851
0.6 -0.35 0 6.177 0.029 0.789 0.961 0.943 0.952 0.869
0.7 -0.35 0 5.857 0.032 0.894 1.033 1.027 1.03 0.96
0.8 -0.35 0 5.477 0.036 0.955 1.126 1.097 1.112 1.033
0.9 -0.35 0 5.189 0.039 1.014 1.206 1.162 1.184 1.1
1 -0.35 0 4.9 0.043 1.076 1.296 1.23 1.263 1.173
1.25 -0.35 0 3.986 0.062 1.297 1.63 1.546 1.588 1.443
1.5 -0.35 0 3.229 0.094 1.637 1.98 1.917 1.949 1.792
1.75 -0.35 0 3.172 0.084 1.593 1.926 1.834 1.88 1.74
2 -0.35 0 2.85 0.092 1.712 2.048 1.946 1.997 1.859
2.25 -0.35 0 2.76 0.094 1.764 2.041 1.945 1.993 1.885
2.5 -0.35 0 2.673 0.096 1.814 2.035 1.934 1.985 1.908
2.75 -0.35 0 2.601 0.099 1.882 2.039 1.934 1.986 1.945
3 -0.35 0 2.521 0.102 1.951 2.061 1.95 2.006 1.99
3.25 -0.35 0 2.473 0.104 1.986 2.083 1.971 2.027 2.019
3.5 -0.35 0 2.449 0.106 2.032 2.091 1.978 2.034 2.045
3.75 -0.35 0 2.423 0.107 2.05 2.09 1.978 2.034 2.054
4 -0.35 0 2.375 0.108 2.077 2.108 1.991 2.05 2.076
4.5 -0.35 0 2.299 0.112 2.143 2.139 2.022 2.08 2.124
5 -0.35 0 2.258 0.113 2.173 2.149 2.032 2.091 2.144
5.5 -0.35 0 2.189 0.117 2.24 2.172 2.051 2.111 2.188
6 -0.35 0 2.124 0.121 2.311 2.197 2.076 2.136 2.236
6.5 -0.35 0 2.095 0.123 2.354 2.211 2.09 2.151 2.264
7 -0.35 0 2.046 0.126 2.407 2.232 2.113 2.172 2.3
7.5 -0.35 0 2.001 0.128 2.437 2.249 2.128 2.188 2.324
8 -0.35 0 1.962 0.13 2.472 2.263 2.138 2.201 2.347
8.5 -0.35 0 1.927 0.132 2.511 2.28 2.151 2.216 2.374
9 -0.35 0 1.899 0.134 2.548 2.299 2.168 2.234 2.401
9.5 -0.35 0 1.872 0.136 2.585 2.314 2.181 2.247 2.426
10 -0.35 0 1.842 0.138 2.617 2.329 2.196 2.262 2.449
10.5 -0.35 0 1.819 0.139 2.634 2.339 2.205 2.272 2.462
11 -0.35 0 1.8 0.141 2.666 2.35 2.221 2.286 2.484
11.5 -0.35 0 1.773 0.143 2.702 2.372 2.235 2.303 2.511
12 -0.35 0 1.763 0.145 2.723 2.383 2.246 2.315 2.527
12.5 -0.35 0 1.743 0.146 2.731 2.39 2.255 2.323 2.535
13 -0.35 0 1.723 0.147 2.731 2.394 2.261 2.327 2.537
13.5 -0.35 0 1.702 0.149 2.75 2.404 2.274 2.339 2.552
14 -0.35 0 1.717 0.149 2.726 2.397 2.274 2.335 2.538
0.6 0.06 0 5.889 0.045 1.099 1.428 1.307 1.367 1.238
0.7 0.06 0 5.492 0.052 1.168 1.579 1.434 1.506 1.341
0.8 0.06 0 5.096 0.058 1.274 1.747 1.573 1.66 1.471
0.9 0.06 0 4.643 0.064 1.4 1.858 1.682 1.77 1.592
1 0.06 0 4.293 0.068 1.487 1.865 1.712 1.788 1.646
1.25 0.06 0 3.566 0.092 1.779 2.183 2.015 2.099 1.949
1.5 0.06 0 3.179 0.11 2.062 2.342 2.225 2.284 2.182
1.75 0.06 0 2.995 0.116 2.218 2.414 2.292 2.353 2.298
2 0.06 0 2.819 0.125 2.394 2.478 2.369 2.424 2.421
2.25 0.06 0 2.655 0.132 2.52 2.539 2.428 2.483 2.514
2.5 0.06 0 2.514 0.141 2.67 2.626 2.499 2.563 2.63
2.75 0.06 0 2.456 0.146 2.766 2.675 2.538 2.606 2.7
3 0.06 0 2.433 0.147 2.798 2.654 2.512 2.583 2.705
3.25 0.06 0 2.364 0.151 2.868 2.695 2.547 2.621 2.759
3.5 0.06 0 2.313 0.155 2.929 2.728 2.582 2.655 2.805
3.75 0.06 0 2.268 0.158 2.985 2.758 2.616 2.687 2.848
4 0.06 0 2.228 0.162 3.044 2.789 2.644 2.716 2.892
4.5 0.06 0 2.172 0.166 3.121 2.842 2.685 2.763 2.955
5 0.06 0 2.163 0.168 3.141 2.841 2.682 2.761 2.964
5.5 0.06 0 2.109 0.173 3.239 2.9 2.732 2.816 3.04
6 0.06 0 2.069 0.178 3.315 2.945 2.769 2.857 3.098
6.5 0.06 0 2.029 0.181 3.365 2.973 2.792 2.882 3.136
7 0.06 0 1.986 0.185 3.419 3.003 2.82 2.911 3.177
7.5 0.06 0 1.945 0.189 3.469 3.033 2.846 2.94 3.216
8 0.06 0 1.903 0.193 3.521 3.06 2.87 2.965 3.253
8.5 0.06 0 1.861 0.196 3.571 3.088 2.893 2.991 3.292
9 0.06 0 1.829 0.199 3.615 3.107 2.912 3.01 3.322
9.5 0.06 0 1.802 0.202 3.663 3.131 2.938 3.035 3.357
10 0.06 0 1.781 0.206 3.71 3.159 2.968 3.064 3.394
10.5 0.06 0 1.754 0.208 3.745 3.178 2.989 3.083 3.421
11 0.06 0 1.741 0.21 3.782 3.193 2.997 3.095 3.445
11.5 0.06 0 1.719 0.212 3.815 3.214 3.015 3.114 3.471
12 0.06 0 1.702 0.214 3.845 3.237 3.031 3.134 3.496
12.5 0.06 0 1.68 0.217 3.871 3.261 3.048 3.155 3.52
13 0.06 0 1.653 0.219 3.893 3.285 3.077 3.181 3.544
13.5 0.06 0 1.625 0.221 3.908 3.299 3.095 3.197 3.559
14 0.06 0 1.609 0.223 3.934 3.305 3.102 3.203 3.574
0.6 0.26 0 5.667 0.053 1.104 1.679 1.509 1.594 1.342
0.7 0.26 0 5.172 0.058 1.216 1.853 1.67 1.761 1.48
0.8 0.26 0 4.709 0.066 1.34 1.986 1.802 1.894 1.61
0.9 0.26 0 4.389 0.072 1.474 2.047 1.875 1.961 1.716
1 0.26 0 4.072 0.078 1.594 2.112 1.941 2.026 1.814
1.25 0.26 0 3.376 0.103 2.079 2.352 2.194 2.273 2.19
1.5 0.26 0 2.951 0.134 2.473 2.611 2.501 2.556 2.526
1.75 0.26 0 2.903 0.132 2.488 2.579 2.456 2.517 2.516
2 0.26 0 2.764 0.136 2.563 2.657 2.524 2.59 2.591
2.25 0.26 0 2.641 0.144 2.699 2.736 2.591 2.664 2.698
2.5 0.26 0 2.509 0.155 2.876 2.829 2.676 2.753 2.831
2.75 0.26 0 2.394 0.163 2.992 2.893 2.746 2.819 2.921
3 0.26 0 2.318 0.169 3.073 2.933 2.787 2.86 2.981
3.25 0.26 0 2.306 0.171 3.155 2.937 2.786 2.862 3.022
3.5 0.26 0 2.265 0.176 3.234 2.967 2.814 2.89 3.075
3.75 0.26 0 2.218 0.181 3.301 3.01 2.853 2.931 3.129
4 0.26 0 2.164 0.186 3.395 3.07 2.905 2.987 3.204
4.5 0.26 0 2.104 0.192 3.473 3.106 2.945 3.026 3.261
5 0.26 0 2.05 0.198 3.574 3.15 2.989 3.07 3.331
5.5 0.26 0 2.06 0.198 3.583 3.14 2.98 3.06 3.33
6 0.26 0 1.998 0.203 3.658 3.179 3.026 3.102 3.387
6.5 0.26 0 1.952 0.208 3.718 3.217 3.06 3.138 3.435
7 0.26 0 1.914 0.212 3.778 3.252 3.093 3.173 3.481
7.5 0.26 0 1.886 0.216 3.819 3.277 3.119 3.198 3.514
8 0.26 0 1.858 0.22 3.875 3.312 3.147 3.23 3.558
8.5 0.26 0 1.85 0.221 3.878 3.335 3.161 3.248 3.57
9 0.26 0 1.819 0.225 3.939 3.365 3.191 3.278 3.614
9.5 0.26 0 1.793 0.229 3.982 3.394 3.217 3.306 3.649
10 0.26 0 1.763 0.232 4.016 3.42 3.238 3.329 3.679
10.5 0.26 0 1.733 0.235 4.061 3.438 3.256 3.347 3.709
11 0.26 0 1.71 0.239 4.101 3.456 3.273 3.365 3.736
11.5 0.26 0 1.674 0.242 4.142 3.479 3.3 3.39 3.769
12 0.26 0 1.649 0.245 4.166 3.497 3.316 3.407 3.789
12.5 0.26 0 1.623 0.248 4.213 3.513 3.328 3.421 3.819
13 0.26 0 1.595 0.251 4.251 3.533 3.348 3.441 3.847
13.5 0.26 0 1.576 0.254 4.286 3.55 3.365 3.458 3.872
14 0.26 0 1.547 0.257 4.336 3.573 3.385 3.479 3.907
0.6 -0.96 0.2 5.452 0.023 0.754 0.683 0.654 0.668 0.713
0.7 -0.96 0.2 5.455 0.023 0.805 0.713 0.687 0.7 0.754
0.8 -0.96 0.2 5.421 0.024 0.851 0.744 0.706 0.725 0.79
0.9 -0.96 0.2 5.25 0.024 0.892 0.778 0.73 0.754 0.826
1 -0.96 0.2 4.954 0.026 0.928 0.83 0.778 0.804 0.87
1.25 -0.96 0.2 4.059 0.036 1.049 1.013 0.948 0.98 1.022
1.5 -0.96 0.2 3.736 0.038 1.045 1.08 1.014 1.047 1.053
1.75 -0.96 0.2 3.649 0.041 1.058 1.123 1.06 1.092 1.082
2 -0.96 0.2 3.477 0.043 1.082 1.148 1.082 1.115 1.105
2.25 -0.96 0.2 3.248 0.045 1.118 1.19 1.117 1.154 1.143
2.5 -0.96 0.2 3.129 0.047 1.136 1.202 1.125 1.164 1.158
2.75 -0.96 0.2 3.13 0.046 1.131 1.18 1.109 1.145 1.146
3 -0.96 0.2 3.06 0.047 1.156 1.202 1.128 1.165 1.168
3.25 -0.96 0.2 3.001 0.048 1.18 1.222 1.145 1.184 1.19
3.5 -0.96 0.2 2.988 0.049 1.199 1.227 1.145 1.186 1.202
3.75 -0.96 0.2 2.923 0.05 1.211 1.239 1.156 1.197 1.213
4 -0.96 0.2 2.86 0.051 1.218 1.253 1.168 1.211 1.223
4.5 -0.96 0.2 2.768 0.053 1.244 1.277 1.188 1.232 1.248
5 -0.96 0.2 2.696 0.055 1.265 1.297 1.209 1.253 1.269
5.5 -0.96 0.2 2.661 0.056 1.27 1.307 1.221 1.264 1.276
6 -0.96 0.2 2.587 0.057 1.281 1.326 1.24 1.283 1.291
6.5 -0.96 0.2 2.52 0.059 1.296 1.352 1.263 1.307 1.311
7 -0.96 0.2 2.473 0.061 1.318 1.372 1.283 1.328 1.332
7.5 -0.96 0.2 2.432 0.062 1.348 1.388 1.296 1.342 1.355
8 -0.96 0.2 2.392 0.064 1.359 1.406 1.309 1.357 1.369
8.5 -0.96 0.2 2.352 0.065 1.378 1.418 1.319 1.369 1.384
9 -0.96 0.2 2.299 0.066 1.38 1.431 1.331 1.381 1.391
9.5 -0.96 0.2 2.268 0.068 1.395 1.444 1.34 1.392 1.405
10 -0.96 0.2 2.322 0.068 1.391 1.425 1.319 1.372 1.393
10.5 -0.96 0.2 2.406 0.067 1.38 1.414 1.311 1.363 1.383
11 -0.96 0.2 2.519 0.068 1.404 1.41 1.312 1.361 1.393
11.5 -0.96 0.2 2.59 0.069 1.414 1.407 1.314 1.36 1.398
12 -0.96 0.2 2.683 0.069 1.416 1.407 1.318 1.363 1.399
12.5 -0.96 0.2 2.749 0.069 1.421 1.413 1.327 1.37 1.405
13 -0.96 0.2 2.808 0.07 1.423 1.426 1.337 1.382 1.412
13.5 -0.96 0.2 2.812 0.071 1.424 1.442 1.348 1.395 1.42
14 -0.96 0.2 2.805 0.073 1.431 1.467 1.369 1.418 1.435
0.6 -0.66 0.2 5.789 0.027 0.826 0.814 0.785 0.8 0.816
0.7 -0.66 0.2 5.685 0.026 0.881 0.84 0.806 0.823 0.855
0.8 -0.66 0.2 5.504 0.028 0.942 0.872 0.831 0.852 0.9
0.9 -0.66 0.2 5.174 0.03 1 0.9 0.868 0.884 0.944
1 -0.66 0.2 4.753 0.034 1.059 0.945 0.919 0.932 0.997
1.25 -0.66 0.2 4.061 0.05 1.267 1.22 1.161 1.19 1.235
1.5 -0.66 0.2 3.749 0.057 1.349 1.319 1.245 1.282 1.324
1.75 -0.66 0.2 3.344 0.067 1.516 1.401 1.328 1.364 1.447
2 -0.66 0.2 3.323 0.068 1.533 1.398 1.329 1.363 1.454
2.25 -0.66 0.2 3.161 0.071 1.566 1.427 1.354 1.391 1.484
2.5 -0.66 0.2 2.98 0.073 1.61 1.462 1.384 1.423 1.523
2.75 -0.66 0.2 2.851 0.076 1.645 1.493 1.412 1.453 1.555
3 -0.66 0.2 2.871 0.075 1.645 1.476 1.401 1.439 1.547
3.25 -0.66 0.2 2.817 0.077 1.664 1.491 1.413 1.452 1.563
3.5 -0.66 0.2 2.746 0.078 1.69 1.507 1.431 1.469 1.585
3.75 -0.66 0.2 2.663 0.079 1.699 1.522 1.444 1.483 1.597
4 -0.66 0.2 2.625 0.08 1.703 1.527 1.448 1.488 1.601
4.5 -0.66 0.2 2.504 0.082 1.738 1.547 1.47 1.508 1.628
5 -0.66 0.2 2.394 0.085 1.766 1.571 1.485 1.528 1.653
5.5 -0.66 0.2 2.326 0.086 1.794 1.587 1.5 1.543 1.674
6 -0.66 0.2 2.275 0.088 1.82 1.599 1.515 1.557 1.693
6.5 -0.66 0.2 2.205 0.09 1.849 1.62 1.526 1.573 1.717
7 -0.66 0.2 2.147 0.092 1.878 1.644 1.54 1.592 1.742
7.5 -0.66 0.2 2.107 0.093 1.913 1.655 1.552 1.603 1.764
8 -0.66 0.2 2.072 0.095 1.949 1.672 1.563 1.618 1.789
8.5 -0.66 0.2 2.049 0.097 1.977 1.685 1.58 1.632 1.809
9 -0.66 0.2 2.029 0.098 1.986 1.693 1.589 1.641 1.818
9.5 -0.66 0.2 2.004 0.099 2.013 1.704 1.602 1.653 1.836
10 -0.66 0.2 1.987 0.101 2.035 1.718 1.615 1.667 1.854
10.5 -0.66 0.2 1.966 0.102 2.059 1.728 1.625 1.676 1.87
11 -0.66 0.2 1.946 0.103 2.071 1.736 1.631 1.683 1.88
11.5 -0.66 0.2 1.944 0.105 2.094 1.748 1.645 1.697 1.898
12 -0.66 0.2 1.955 0.105 2.106 1.759 1.653 1.706 1.908
12.5 -0.66 0.2 1.959 0.106 2.13 1.762 1.653 1.707 1.92
13 -0.66 0.2 1.968 0.107 2.14 1.771 1.658 1.714 1.929
13.5 -0.66 0.2 1.975 0.108 2.152 1.775 1.663 1.719 1.937
14 -0.66 0.2 2.131 0.107 2.139 1.741 1.64 1.691 1.914
0.6 -0.35 0.2 6.152 0.031 0.922 0.918 0.889 0.904 0.916
0.7 -0.35 0.2 5.71 0.034 1.022 0.963 0.95 0.956 0.99
0.8 -0.35 0.2 5.389 0.038 1.093 1.054 1.021 1.038 1.069
0.9 -0.35 0.2 5.055 0.042 1.165 1.129 1.082 1.105 1.14
1 -0.35 0.2 4.794 0.045 1.222 1.201 1.141 1.171 1.203
1.25 -0.35 0.2 3.893 0.066 1.524 1.493 1.402 1.448 1.495
1.5 -0.35 0.2 3.284 0.101 2.019 1.815 1.705 1.76 1.898
1.75 -0.35 0.2 3.249 0.09 1.925 1.76 1.632 1.696 1.822
2 -0.35 0.2 2.889 0.098 2.048 1.913 1.774 1.843 1.959
2.25 -0.35 0.2 2.825 0.099 2.074 1.874 1.74 1.807 1.952
2.5 -0.35 0.2 2.716 0.101 2.11 1.869 1.737 1.803 1.966
2.75 -0.35 0.2 2.624 0.104 2.181 1.877 1.744 1.811 2.003
3 -0.35 0.2 2.557 0.107 2.246 1.882 1.743 1.813 2.035
3.25 -0.35 0.2 2.508 0.109 2.299 1.898 1.758 1.828 2.067
3.5 -0.35 0.2 2.481 0.111 2.339 1.915 1.767 1.841 2.093
3.75 -0.35 0.2 2.46 0.112 2.36 1.903 1.755 1.829 2.096
4 -0.35 0.2 2.424 0.114 2.397 1.917 1.768 1.843 2.12
4.5 -0.35 0.2 2.342 0.117 2.464 1.94 1.788 1.864 2.162
5 -0.35 0.2 2.308 0.118 2.502 1.944 1.792 1.868 2.181
5.5 -0.35 0.2 2.252 0.122 2.572 1.971 1.812 1.892 2.226
6 -0.35 0.2 2.194 0.125 2.63 1.994 1.834 1.914 2.264
6.5 -0.35 0.2 2.151 0.128 2.678 2.01 1.847 1.928 2.293
7 -0.35 0.2 2.103 0.131 2.727 2.03 1.864 1.947 2.326
7.5 -0.35 0.2 2.069 0.133 2.769 2.051 1.883 1.967 2.356
8 -0.35 0.2 2.025 0.135 2.817 2.071 1.902 1.986 2.387
8.5 -0.35 0.2 1.988 0.138 2.876 2.089 1.918 2.004 2.423
9 -0.35 0.2 1.961 0.141 2.916 2.102 1.928 2.015 2.447
9.5 -0.35 0.2 1.936 0.143 2.941 2.121 1.941 2.031 2.468
10 -0.35 0.2 1.917 0.144 2.958 2.133 1.952 2.043 2.482
10.5 -0.35 0.2 1.888 0.146 2.984 2.149 1.971 2.06 2.503
11 -0.35 0.2 1.861 0.148 3.022 2.161 1.984 2.073 2.526
11.5 -0.35 0.2 1.85 0.149 3.039 2.169 1.992 2.081 2.538
12 -0.35 0.2 1.831 0.151 3.053 2.179 2.002 2.091 2.55
12.5 -0.35 0.2 1.811 0.152 3.07 2.184 2.011 2.097 2.561
13 -0.35 0.2 1.801 0.154 3.092 2.193 2.022 2.108 2.576
13.5 -0.35 0.2 1.791 0.155 3.113 2.205 2.035 2.12 2.592
14 -0.35 0.2 1.808 0.156 3.108 2.197 2.032 2.114 2.585
0.6 0.06 0.2 5.956 0.049 1.324 1.433 1.286 1.36 1.358
0.7 0.06 0.2 5.527 0.056 1.415 1.602 1.417 1.51 1.481
0.8 0.06 0.2 5.091 0.062 1.519 1.71 1.513 1.611 1.586
0.9 0.06 0.2 4.637 0.068 1.662 1.74 1.564 1.652 1.676
1 0.06 0.2 4.34 0.074 1.77 1.802 1.629 1.715 1.762
1.25 0.06 0.2 3.552 0.098 2.12 2.01 1.853 1.932 2.042
1.5 0.06 0.2 3.235 0.118 2.426 2.188 2.03 2.109 2.281
1.75 0.06 0.2 3.065 0.124 2.575 2.25 2.076 2.163 2.381
2 0.06 0.2 2.882 0.134 2.796 2.326 2.157 2.242 2.524
2.25 0.06 0.2 2.731 0.142 2.959 2.407 2.216 2.312 2.639
2.5 0.06 0.2 2.591 0.151 3.128 2.473 2.274 2.373 2.75
2.75 0.06 0.2 2.517 0.158 3.246 2.51 2.309 2.409 2.822
3 0.06 0.2 2.509 0.158 3.279 2.495 2.289 2.392 2.827
3.25 0.06 0.2 2.445 0.163 3.377 2.53 2.323 2.426 2.889
3.5 0.06 0.2 2.39 0.167 3.441 2.561 2.35 2.455 2.934
3.75 0.06 0.2 2.34 0.17 3.502 2.587 2.371 2.479 2.974
4 0.06 0.2 2.299 0.173 3.568 2.61 2.394 2.502 3.016
4.5 0.06 0.2 2.254 0.179 3.654 2.649 2.42 2.535 3.073
5 0.06 0.2 2.255 0.179 3.661 2.636 2.406 2.521 3.068
5.5 0.06 0.2 2.21 0.184 3.744 2.678 2.437 2.557 3.126
6 0.06 0.2 2.175 0.188 3.818 2.711 2.465 2.588 3.176
6.5 0.06 0.2 2.145 0.19 3.855 2.724 2.477 2.6 3.199
7 0.06 0.2 2.109 0.194 3.906 2.752 2.498 2.625 3.236
7.5 0.06 0.2 2.073 0.197 3.959 2.779 2.521 2.65 3.274
8 0.06 0.2 2.033 0.201 4.019 2.804 2.54 2.672 3.313
8.5 0.06 0.2 1.991 0.203 4.067 2.822 2.557 2.69 3.343
9 0.06 0.2 1.947 0.206 4.129 2.843 2.573 2.708 3.38
9.5 0.06 0.2 1.911 0.209 4.175 2.864 2.594 2.729 3.412
10 0.06 0.2 1.883 0.211 4.217 2.889 2.616 2.752 3.444
10.5 0.06 0.2 1.863 0.214 4.259 2.91 2.638 2.774 3.474
11 0.06 0.2 1.856 0.216 4.3 2.918 2.636 2.777 3.494
11.5 0.06 0.2 1.83 0.219 4.347 2.936 2.65 2.793 3.524
12 0.06 0.2 1.804 0.222 4.383 2.953 2.662 2.807 3.548
12.5 0.06 0.2 1.78 0.224 4.414 2.97 2.672 2.821 3.569
13 0.06 0.2 1.756 0.227 4.444 2.996 2.695 2.846 3.597
13.5 0.06 0.2 1.739 0.229 4.467 3.013 2.713 2.863 3.617
14 0.06 0.2 1.728 0.23 4.496 3.03 2.724 2.877 3.638
0.6 0.26 0.2 5.79 0.061 1.428 1.692 1.497 1.594 1.529
0.7 0.26 0.2 5.268 0.066 1.578 1.89 1.659 1.775 1.697
0.8 0.26 0.2 4.782 0.073 1.726 1.987 1.764 1.876 1.822
0.9 0.26 0.2 4.428 0.08 1.868 2.032 1.814 1.923 1.919
1 0.26 0.2 4.129 0.087 2.023 2.101 1.888 1.995 2.032
1.25 0.26 0.2 3.525 0.111 2.466 2.337 2.107 2.222 2.367
1.5 0.26 0.2 3.119 0.138 2.955 2.551 2.34 2.446 2.714
1.75 0.26 0.2 3.016 0.14 3.029 2.512 2.322 2.417 2.729
2 0.26 0.2 2.848 0.151 3.236 2.586 2.378 2.482 2.86
2.25 0.26 0.2 2.739 0.16 3.391 2.648 2.424 2.536 2.961
2.5 0.26 0.2 2.636 0.169 3.542 2.714 2.483 2.599 3.063
2.75 0.26 0.2 2.533 0.178 3.694 2.783 2.545 2.664 3.168
3 0.26 0.2 2.461 0.185 3.819 2.83 2.589 2.71 3.248
3.25 0.26 0.2 2.451 0.186 3.873 2.822 2.578 2.7 3.266
3.5 0.26 0.2 2.401 0.192 3.969 2.864 2.614 2.739 3.33
3.75 0.26 0.2 2.355 0.196 4.054 2.904 2.646 2.775 3.388
4 0.26 0.2 2.316 0.2 4.131 2.936 2.673 2.804 3.438
4.5 0.26 0.2 2.24 0.208 4.252 2.987 2.72 2.854 3.519
5 0.26 0.2 2.193 0.212 4.322 3.006 2.737 2.872 3.559
5.5 0.26 0.2 2.21 0.211 4.32 2.992 2.726 2.859 3.55
6 0.26 0.2 2.149 0.216 4.409 3.031 2.756 2.894 3.609
6.5 0.26 0.2 2.106 0.222 4.497 3.064 2.784 2.924 3.664
7 0.26 0.2 2.075 0.226 4.558 3.09 2.808 2.949 3.705
7.5 0.26 0.2 2.047 0.23 4.61 3.116 2.83 2.973 3.741
8 0.26 0.2 2.021 0.234 4.665 3.143 2.85 2.997 3.779
8.5 0.26 0.2 1.999 0.237 4.719 3.169 2.873 3.021 3.816
9 0.26 0.2 1.975 0.24 4.767 3.195 2.893 3.044 3.851
9.5 0.26 0.2 1.954 0.243 4.815 3.217 2.907 3.062 3.882
10 0.26 0.2 1.923 0.245 4.851 3.237 2.92 3.079 3.908
10.5 0.26 0.2 1.896 0.248 4.896 3.257 2.935 3.096 3.938
11 0.26 0.2 1.862 0.252 4.94 3.277 2.954 3.115 3.968
11.5 0.26 0.2 1.842 0.255 4.975 3.296 2.965 3.13 3.992
12 0.26 0.2 1.821 0.258 5.023 3.317 2.98 3.148 4.023
12.5 0.26 0.2 1.798 0.261 5.064 3.338 2.997 3.168 4.052
13 0.26 0.2 1.773 0.265 5.113 3.357 3.012 3.184 4.083
13.5 0.26 0.2 1.744 0.268 5.153 3.376 3.027 3.201 4.11
14 0.26 0.2 1.716 0.27 5.19 3.393 3.04 3.216 4.135
0.6 -0.96 0.4 5.357 0.02 0.755 0.649 0.626 0.637 0.696
0.7 -0.96 0.4 5.333 0.021 0.822 0.691 0.658 0.674 0.749
0.8 -0.96 0.4 5.32 0.023 0.877 0.714 0.674 0.694 0.785
0.9 -0.96 0.4 5.139 0.023 0.929 0.756 0.701 0.728 0.829
1 -0.96 0.4 4.81 0.025 0.966 0.824 0.753 0.788 0.881
1.25 -0.96 0.4 3.982 0.033 1.09 0.921 0.846 0.884 0.99
1.5 -0.96 0.4 3.606 0.036 1.104 1.003 0.92 0.961 1.04
1.75 -0.96 0.4 3.62 0.036 1.073 1.008 0.935 0.971 1.029
2 -0.96 0.4 3.513 0.037 1.097 1.032 0.956 0.994 1.053
2.25 -0.96 0.4 3.371 0.039 1.13 1.063 0.983 1.023 1.084
2.5 -0.96 0.4 3.265 0.041 1.156 1.079 0.995 1.037 1.105
2.75 -0.96 0.4 3.234 0.042 1.175 1.08 0.996 1.038 1.114
3 -0.96 0.4 3.141 0.043 1.19 1.097 1.01 1.053 1.13
3.25 -0.96 0.4 3.067 0.044 1.214 1.11 1.021 1.065 1.148
3.5 -0.96 0.4 3.034 0.044 1.225 1.117 1.027 1.072 1.157
3.75 -0.96 0.4 3.006 0.045 1.235 1.131 1.04 1.086 1.168
4 -0.96 0.4 2.95 0.046 1.248 1.145 1.052 1.098 1.182
4.5 -0.96 0.4 2.843 0.048 1.277 1.174 1.079 1.126 1.21
5 -0.96 0.4 2.788 0.049 1.303 1.186 1.092 1.139 1.229
5.5 -0.96 0.4 2.721 0.051 1.325 1.199 1.105 1.152 1.247
6 -0.96 0.4 2.633 0.052 1.346 1.219 1.123 1.171 1.266
6.5 -0.96 0.4 2.559 0.053 1.354 1.232 1.136 1.184 1.277
7 -0.96 0.4 2.546 0.054 1.361 1.24 1.145 1.192 1.285
7.5 -0.96 0.4 2.51 0.056 1.379 1.253 1.156 1.204 1.3
8 -0.96 0.4 2.467 0.057 1.397 1.266 1.167 1.217 1.315
8.5 -0.96 0.4 2.427 0.058 1.42 1.28 1.18 1.23 1.333
9 -0.96 0.4 2.397 0.06 1.44 1.29 1.188 1.239 1.348
9.5 -0.96 0.4 2.397 0.061 1.462 1.291 1.189 1.24 1.358
10 -0.96 0.4 2.496 0.061 1.458 1.277 1.176 1.227 1.349
10.5 -0.96 0.4 2.6 0.061 1.465 1.267 1.168 1.218 1.347
11 -0.96 0.4 2.706 0.061 1.461 1.262 1.166 1.214 1.344
11.5 -0.96 0.4 2.785 0.062 1.466 1.266 1.173 1.22 1.348
12 -0.96 0.4 2.862 0.063 1.466 1.267 1.174 1.221 1.349
12.5 -0.96 0.4 2.934 0.064 1.475 1.277 1.183 1.23 1.358
13 -0.96 0.4 2.934 0.065 1.482 1.289 1.195 1.242 1.368
13.5 -0.96 0.4 2.91 0.068 1.508 1.326 1.226 1.276 1.399
14 -0.96 0.4 2.824 0.07 1.52 1.34 1.236 1.288 1.412
0.6 -0.66 0.4 5.74 0.029 0.954 0.825 0.772 0.798 0.879
0.7 -0.66 0.4 5.656 0.029 1.022 0.857 0.787 0.822 0.925
0.8 -0.66 0.4 5.411 0.031 1.084 0.871 0.803 0.837 0.961
0.9 -0.66 0.4 5.054 0.034 1.142 0.909 0.835 0.872 1.008
1 -0.66 0.4 4.474 0.038 1.21 0.955 0.884 0.92 1.064
1.25 -0.66 0.4 4.118 0.053 1.431 1.207 1.093 1.15 1.297
1.5 -0.66 0.4 3.722 0.057 1.469 1.286 1.167 1.227 1.357
1.75 -0.66 0.4 3.353 0.065 1.591 1.353 1.228 1.291 1.448
2 -0.66 0.4 3.254 0.066 1.642 1.354 1.234 1.294 1.472
2.25 -0.66 0.4 3.133 0.069 1.695 1.38 1.259 1.319 1.511
2.5 -0.66 0.4 3.011 0.072 1.742 1.406 1.283 1.344 1.546
2.75 -0.66 0.4 2.97 0.074 1.769 1.419 1.292 1.356 1.564
3 -0.66 0.4 2.971 0.074 1.784 1.418 1.293 1.356 1.571
3.25 -0.66 0.4 2.976 0.076 1.806 1.424 1.3 1.362 1.584
3.5 -0.66 0.4 2.902 0.077 1.829 1.436 1.308 1.372 1.6
3.75 -0.66 0.4 2.839 0.078 1.851 1.447 1.318 1.382 1.616
4 -0.66 0.4 2.763 0.08 1.871 1.461 1.331 1.396 1.633
4.5 -0.66 0.4 2.708 0.082 1.894 1.482 1.351 1.416 1.654
5 -0.66 0.4 2.625 0.084 1.923 1.502 1.367 1.434 1.678
5.5 -0.66 0.4 2.561 0.086 1.946 1.519 1.383 1.451 1.697
6 -0.66 0.4 2.49 0.088 1.971 1.54 1.401 1.471 1.72
6.5 -0.66 0.4 2.416 0.09 2.008 1.568 1.423 1.495 1.751
7 -0.66 0.4 2.353 0.092 2.024 1.588 1.437 1.513 1.769
7.5 -0.66 0.4 2.297 0.094 2.038 1.605 1.449 1.527 1.784
8 -0.66 0.4 2.267 0.095 2.062 1.619 1.462 1.54 1.802
8.5 -0.66 0.4 2.232 0.097 2.084 1.631 1.474 1.552 1.819
9 -0.66 0.4 2.2 0.099 2.124 1.646 1.486 1.566 1.844
9.5 -0.66 0.4 2.184 0.1 2.138 1.653 1.488 1.571 1.854
10 -0.66 0.4 2.151 0.102 2.169 1.665 1.496 1.58 1.873
10.5 -0.66 0.4 2.135 0.103 2.198 1.674 1.505 1.59 1.891
11 -0.66 0.4 2.276 0.103 2.185 1.642 1.471 1.556 1.866
11.5 -0.66 0.4 2.388 0.101 2.156 1.608 1.452 1.53 1.837
12 -0.66 0.4 2.538 0.102 2.173 1.605 1.456 1.531 1.843
12.5 -0.66 0.4 2.647 0.102 2.183 1.594 1.452 1.523 1.842
13 -0.66 0.4 2.741 0.103 2.19 1.602 1.458 1.53 1.849
13.5 -0.66 0.4 2.817 0.104 2.184 1.612 1.47 1.541 1.853
14 -0.66 0.4 2.831 0.106 2.187 1.634 1.492 1.563 1.867
0.6 -0.35 0.4 5.875 0.034 1.108 0.957 0.899 0.928 1.021
0.7 -0.35 0.4 5.41 0.038 1.199 0.986 0.949 0.968 1.082
0.8 -0.35 0.4 5.164 0.041 1.294 1.057 1.005 1.031 1.161
0.9 -0.35 0.4 4.859 0.045 1.404 1.133 1.064 1.099 1.251
1 -0.35 0.4 4.602 0.049 1.47 1.204 1.119 1.162 1.318
1.25 -0.35 0.4 3.636 0.075 1.871 1.498 1.388 1.443 1.657
1.5 -0.35 0.4 3.567 0.082 1.951 1.551 1.444 1.498 1.723
1.75 -0.35 0.4 3.231 0.092 2.138 1.651 1.515 1.583 1.857
2 -0.35 0.4 3.058 0.097 2.24 1.684 1.544 1.614 1.919
2.25 -0.35 0.4 2.959 0.099 2.281 1.69 1.546 1.618 1.94
2.5 -0.35 0.4 2.845 0.102 2.351 1.712 1.565 1.638 1.982
2.75 -0.35 0.4 2.744 0.104 2.385 1.73 1.582 1.656 2.007
3 -0.35 0.4 2.681 0.106 2.411 1.733 1.584 1.659 2.019
3.25 -0.35 0.4 2.644 0.106 2.41 1.723 1.58 1.652 2.014
3.5 -0.35 0.4 2.602 0.107 2.432 1.735 1.591 1.663 2.03
3.75 -0.35 0.4 2.539 0.108 2.453 1.748 1.597 1.672 2.045
4 -0.35 0.4 2.46 0.11 2.498 1.763 1.606 1.684 2.072
4.5 -0.35 0.4 2.415 0.113 2.549 1.769 1.61 1.69 2.096
5 -0.35 0.4 2.377 0.114 2.564 1.776 1.613 1.695 2.107
5.5 -0.35 0.4 2.31 0.117 2.633 1.806 1.633 1.72 2.151
6 -0.35 0.4 2.258 0.119 2.666 1.822 1.646 1.734 2.174
6.5 -0.35 0.4 2.205 0.121 2.705 1.847 1.667 1.757 2.204
7 -0.35 0.4 2.174 0.124 2.759 1.865 1.684 1.775 2.237
7.5 -0.35 0.4 2.144 0.126 2.795 1.89 1.701 1.796 2.266
8 -0.35 0.4 2.111 0.129 2.847 1.912 1.718 1.815 2.3
8.5 -0.35 0.4 2.09 0.131 2.884 1.924 1.723 1.823 2.321
9 -0.35 0.4 2.085 0.132 2.89 1.935 1.732 1.834 2.33
9.5 -0.35 0.4 2.046 0.134 2.901 1.939 1.736 1.837 2.337
10 -0.35 0.4 2.039 0.135 2.93 1.95 1.744 1.847 2.355
10.5 -0.35 0.4 2.007 0.136 2.94 1.949 1.75 1.849 2.359
11 -0.35 0.4 1.989 0.138 2.967 1.96 1.756 1.858 2.376
11.5 -0.35 0.4 1.968 0.139 2.985 1.962 1.759 1.861 2.385
12 -0.35 0.4 1.962 0.14 3.004 1.967 1.766 1.867 2.396
12.5 -0.35 0.4 1.949 0.142 3.037 1.979 1.774 1.876 2.416
13 -0.35 0.4 1.989 0.143 3.066 2.001 1.788 1.894 2.44
13.5 -0.35 0.4 2.007 0.144 3.074 2.012 1.794 1.903 2.449
14 -0.35 0.4 2.022 0.145 3.088 2.015 1.797 1.906 2.456
0.6 0.06 0.4 5.69 0.054 1.571 1.466 1.305 1.386 1.494
0.7 0.06 0.4 5.215 0.061 1.714 1.606 1.411 1.508 1.631
0.8 0.06 0.4 4.742 0.071 1.901 1.742 1.525 1.633 1.788
0.9 0.06 0.4 4.258 0.084 2.115 1.873 1.647 1.76 1.956
1 0.06 0.4 3.776 0.106 2.442 2.065 1.832 1.949 2.21
1.25 0.06 0.4 3.535 0.114 2.571 2.051 1.855 1.953 2.266
1.5 0.06 0.4 3.261 0.125 2.787 2.132 1.933 2.032 2.405
1.75 0.06 0.4 3.104 0.132 2.962 2.163 1.937 2.05 2.494
2 0.06 0.4 2.901 0.14 3.143 2.247 2.004 2.125 2.617
2.25 0.06 0.4 2.781 0.146 3.259 2.293 2.043 2.168 2.692
2.5 0.06 0.4 2.732 0.149 3.325 2.296 2.042 2.169 2.72
2.75 0.06 0.4 2.661 0.152 3.395 2.322 2.054 2.188 2.762
3 0.06 0.4 2.601 0.155 3.469 2.342 2.072 2.207 2.804
3.25 0.06 0.4 2.544 0.159 3.538 2.364 2.092 2.228 2.845
3.5 0.06 0.4 2.497 0.162 3.606 2.382 2.11 2.246 2.883
3.75 0.06 0.4 2.461 0.165 3.65 2.392 2.12 2.256 2.908
4 0.06 0.4 2.433 0.167 3.703 2.399 2.126 2.263 2.933
4.5 0.06 0.4 2.374 0.171 3.786 2.421 2.143 2.282 2.978
5 0.06 0.4 2.309 0.176 3.874 2.445 2.16 2.302 3.027
5.5 0.06 0.4 2.27 0.179 3.947 2.461 2.171 2.316 3.065
6 0.06 0.4 2.24 0.182 4.009 2.473 2.181 2.327 3.097
6.5 0.06 0.4 2.213 0.185 4.077 2.502 2.203 2.352 3.14
7 0.06 0.4 2.167 0.189 4.13 2.506 2.208 2.357 3.163
7.5 0.06 0.4 2.146 0.191 4.175 2.526 2.222 2.374 3.192
8 0.06 0.4 2.118 0.194 4.225 2.545 2.235 2.39 3.223
8.5 0.06 0.4 2.079 0.197 4.284 2.569 2.252 2.41 3.26
9 0.06 0.4 2.041 0.2 4.334 2.576 2.259 2.418 3.283
9.5 0.06 0.4 2.01 0.202 4.375 2.59 2.273 2.432 3.308
10 0.06 0.4 1.986 0.205 4.414 2.609 2.287 2.448 3.335
10.5 0.06 0.4 1.956 0.207 4.455 2.629 2.302 2.466 3.362
11 0.06 0.4 1.93 0.21 4.497 2.646 2.315 2.48 3.388
11.5 0.06 0.4 1.915 0.212 4.526 2.662 2.332 2.497 3.41
12 0.06 0.4 1.894 0.214 4.559 2.683 2.346 2.515 3.436
12.5 0.06 0.4 1.875 0.216 4.589 2.696 2.355 2.525 3.454
13 0.06 0.4 1.866 0.218 4.62 2.719 2.374 2.546 3.481
13.5 0.06 0.4 1.851 0.22 4.645 2.733 2.38 2.557 3.498
14 0.06 0.4 1.838 0.222 4.677 2.747 2.392 2.569 3.519
0.6 0.26 0.4 5.411 0.07 1.792 1.75 1.516 1.633 1.738
0.7 0.26 0.4 4.829 0.077 1.99 1.911 1.651 1.781 1.912
0.8 0.26 0.4 4.361 0.092 2.247 2.017 1.769 1.893 2.092
0.9 0.26 0.4 3.96 0.105 2.477 2.133 1.888 2.011 2.261
1 0.26 0.4 3.671 0.118 2.678 2.221 1.975 2.098 2.401
1.25 0.26 0.4 3.346 0.135 3.034 2.324 2.077 2.2 2.615
1.5 0.26 0.4 3.134 0.144 3.254 2.384 2.137 2.26 2.744
1.75 0.26 0.4 2.972 0.155 3.49 2.458 2.202 2.33 2.886
2 0.26 0.4 2.835 0.163 3.663 2.525 2.236 2.381 2.992
2.25 0.26 0.4 2.7 0.173 3.856 2.588 2.287 2.437 3.107
2.5 0.26 0.4 2.641 0.179 3.957 2.609 2.306 2.458 3.161
2.75 0.26 0.4 2.614 0.18 4.003 2.606 2.301 2.454 3.176
3 0.26 0.4 2.558 0.185 4.094 2.638 2.329 2.483 3.232
3.25 0.26 0.4 2.513 0.189 4.166 2.661 2.349 2.505 3.274
3.5 0.26 0.4 2.468 0.193 4.237 2.69 2.373 2.531 3.32
3.75 0.26 0.4 2.432 0.196 4.306 2.715 2.393 2.554 3.362
4 0.26 0.4 2.408 0.199 4.362 2.736 2.41 2.573 3.397
4.5 0.26 0.4 2.372 0.203 4.433 2.762 2.43 2.596 3.44
5 0.26 0.4 2.328 0.207 4.509 2.791 2.452 2.621 3.487
5.5 0.26 0.4 2.285 0.212 4.587 2.828 2.481 2.654 3.539
6 0.26 0.4 2.252 0.215 4.633 2.851 2.499 2.675 3.571
6.5 0.26 0.4 2.221 0.218 4.682 2.869 2.512 2.691 3.601
7 0.26 0.4 2.19 0.221 4.734 2.891 2.527 2.709 3.634
7.5 0.26 0.4 2.149 0.225 4.8 2.91 2.539 2.725 3.67
8 0.26 0.4 2.099 0.228 4.872 2.93 2.553 2.741 3.709
8.5 0.26 0.4 2.061 0.231 4.92 2.947 2.568 2.758 3.739
9 0.26 0.4 2.034 0.235 4.971 2.965 2.583 2.774 3.769
9.5 0.26 0.4 2.013 0.238 5.021 2.983 2.598 2.791 3.8
10 0.26 0.4 1.987 0.241 5.076 3.001 2.612 2.807 3.832
10.5 0.26 0.4 1.958 0.244 5.122 3.02 2.626 2.823 3.861
11 0.26 0.4 1.931 0.246 5.157 3.037 2.637 2.837 3.884
11.5 0.26 0.4 1.906 0.248 5.2 3.059 2.651 2.855 3.913
12 0.26 0.4 1.883 0.251 5.234 3.078 2.664 2.871 3.937
12.5 0.26 0.4 1.862 0.252 5.266 3.091 2.675 2.883 3.958
13 0.26 0.4 1.846 0.254 5.296 3.108 2.691 2.9 3.98
13.5 0.26 0.4 1.822 0.257 5.33 3.128 2.709 2.918 4.006
14 0.26 0.4 1.801 0.259 5.357 3.137 2.718 2.927 4.022
0.6 -0.96 0.6 5.576 0.02 0.873 0.633 0.61 0.622 0.74
0.7 -0.96 0.6 5.522 0.021 0.914 0.673 0.641 0.657 0.779
0.8 -0.96 0.6 5.514 0.021 0.955 0.695 0.66 0.678 0.809
0.9 -0.96 0.6 5.336 0.021 0.995 0.731 0.683 0.707 0.845
1 -0.96 0.6 4.99 0.023 1.029 0.794 0.729 0.761 0.893
1.25 -0.96 0.6 4.263 0.03 1.15 0.819 0.762 0.79 0.961
1.5 -0.96 0.6 3.876 0.033 1.197 0.9 0.829 0.864 1.026
1.75 -0.96 0.6 3.871 0.033 1.193 0.906 0.84 0.873 1.029
2 -0.96 0.6 3.699 0.035 1.228 0.935 0.862 0.898 1.06
2.25 -0.96 0.6 3.525 0.037 1.265 0.965 0.886 0.926 1.092
2.5 -0.96 0.6 3.446 0.039 1.298 0.983 0.902 0.942 1.116
2.75 -0.96 0.6 3.431 0.04 1.315 0.986 0.904 0.945 1.125
3 -0.96 0.6 3.349 0.041 1.346 1.009 0.921 0.965 1.151
3.25 -0.96 0.6 3.261 0.043 1.373 1.025 0.933 0.979 1.171
3.5 -0.96 0.6 3.189 0.044 1.399 1.036 0.94 0.988 1.189
3.75 -0.96 0.6 3.123 0.045 1.417 1.049 0.95 0.999 1.203
4 -0.96 0.6 3.058 0.046 1.438 1.063 0.962 1.012 1.22
4.5 -0.96 0.6 2.958 0.049 1.475 1.088 0.982 1.035 1.249
5 -0.96 0.6 2.88 0.05 1.496 1.099 0.991 1.045 1.265
5.5 -0.96 0.6 2.791 0.052 1.522 1.123 1.011 1.067 1.289
6 -0.96 0.6 2.707 0.054 1.555 1.148 1.031 1.089 1.317
6.5 -0.96 0.6 2.65 0.055 1.579 1.163 1.041 1.102 1.335
7 -0.96 0.6 2.596 0.057 1.599 1.175 1.052 1.113 1.351
7.5 -0.96 0.6 2.552 0.058 1.618 1.186 1.06 1.123 1.364
8 -0.96 0.6 2.506 0.059 1.63 1.199 1.074 1.137 1.377
8.5 -0.96 0.6 2.465 0.061 1.654 1.215 1.087 1.151 1.397
9 -0.96 0.6 2.442 0.062 1.666 1.215 1.088 1.152 1.402
9.5 -0.96 0.6 2.464 0.063 1.69 1.215 1.083 1.149 1.411
10 -0.96 0.6 2.599 0.063 1.679 1.192 1.067 1.13 1.394
10.5 -0.96 0.6 2.701 0.063 1.687 1.182 1.063 1.122 1.392
11 -0.96 0.6 2.785 0.064 1.694 1.18 1.062 1.121 1.394
11.5 -0.96 0.6 2.863 0.064 1.682 1.172 1.058 1.115 1.385
12 -0.96 0.6 2.931 0.064 1.679 1.17 1.053 1.112 1.382
12.5 -0.96 0.6 2.99 0.065 1.684 1.172 1.058 1.115 1.385
13 -0.96 0.6 2.984 0.066 1.696 1.18 1.063 1.122 1.395
13.5 -0.96 0.6 2.959 0.068 1.715 1.216 1.094 1.155 1.424
14 -0.96 0.6 2.875 0.07 1.738 1.221 1.098 1.16 1.436
0.6 -0.66 0.6 5.769 0.029 1.034 0.812 0.737 0.775 0.904
0.7 -0.66 0.6 5.7 0.03 1.113 0.853 0.758 0.805 0.959
0.8 -0.66 0.6 5.467 0.032 1.177 0.851 0.755 0.803 0.985
0.9 -0.66 0.6 5.247 0.034 1.242 0.862 0.771 0.817 1.019
1 -0.66 0.6 4.842 0.037 1.301 0.861 0.793 0.827 1.047
1.25 -0.66 0.6 4.076 0.053 1.534 1.101 0.984 1.043 1.28
1.5 -0.66 0.6 3.712 0.057 1.576 1.189 1.061 1.125 1.348
1.75 -0.66 0.6 3.384 0.065 1.714 1.257 1.111 1.184 1.444
2 -0.66 0.6 3.321 0.066 1.738 1.258 1.111 1.185 1.455
2.25 -0.66 0.6 3.218 0.069 1.794 1.288 1.13 1.209 1.494
2.5 -0.66 0.6 3.101 0.072 1.839 1.312 1.151 1.231 1.526
2.75 -0.66 0.6 3.083 0.073 1.864 1.321 1.156 1.239 1.542
3 -0.66 0.6 3.089 0.074 1.88 1.32 1.153 1.237 1.547
3.25 -0.66 0.6 2.966 0.076 1.92 1.339 1.17 1.255 1.575
3.5 -0.66 0.6 2.915 0.077 1.936 1.352 1.18 1.266 1.589
3.75 -0.66 0.6 2.9 0.077 1.937 1.356 1.184 1.27 1.592
4 -0.66 0.6 2.878 0.078 1.95 1.361 1.189 1.275 1.6
4.5 -0.66 0.6 2.761 0.081 1.987 1.387 1.212 1.299 1.63
5 -0.66 0.6 2.691 0.083 2.021 1.402 1.222 1.312 1.653
5.5 -0.66 0.6 2.63 0.085 2.06 1.423 1.239 1.331 1.681
6 -0.66 0.6 2.569 0.088 2.101 1.446 1.258 1.352 1.711
6.5 -0.66 0.6 2.514 0.09 2.131 1.47 1.277 1.373 1.737
7 -0.66 0.6 2.455 0.092 2.155 1.488 1.288 1.388 1.757
7.5 -0.66 0.6 2.404 0.094 2.182 1.506 1.302 1.404 1.778
8 -0.66 0.6 2.365 0.096 2.205 1.524 1.317 1.42 1.798
8.5 -0.66 0.6 2.333 0.097 2.234 1.533 1.326 1.429 1.815
9 -0.66 0.6 2.304 0.099 2.261 1.544 1.336 1.44 1.833
9.5 -0.66 0.6 2.276 0.1 2.279 1.556 1.345 1.451 1.847
10 -0.66 0.6 2.252 0.101 2.31 1.564 1.352 1.458 1.864
10.5 -0.66 0.6 2.23 0.103 2.334 1.571 1.359 1.465 1.878
11 -0.66 0.6 2.379 0.101 2.305 1.542 1.33 1.436 1.849
11.5 -0.66 0.6 2.493 0.101 2.275 1.517 1.304 1.41 1.821
12 -0.66 0.6 2.612 0.101 2.288 1.51 1.312 1.411 1.824
12.5 -0.66 0.6 2.745 0.101 2.291 1.497 1.308 1.402 1.819
13 -0.66 0.6 2.832 0.102 2.292 1.503 1.314 1.408 1.823
13.5 -0.66 0.6 2.902 0.104 2.296 1.511 1.322 1.416 1.83
14 -0.66 0.6 2.92 0.106 2.316 1.536 1.343 1.439 1.852
0.6 -0.35 0.6 5.891 0.037 1.241 0.942 0.862 0.902 1.068
0.7 -0.35 0.6 5.405 0.041 1.351 0.947 0.884 0.915 1.12
0.8 -0.35 0.6 5.254 0.043 1.434 0.992 0.92 0.956 1.18
0.9 -0.35 0.6 4.981 0.047 1.527 1.055 0.966 1.011 1.254
1 -0.35 0.6 4.699 0.052 1.617 1.131 1.02 1.076 1.334
1.25 -0.35 0.6 3.781 0.078 2.019 1.405 1.259 1.332 1.659
1.5 -0.35 0.6 3.655 0.087 2.169 1.45 1.301 1.376 1.748
1.75 -0.35 0.6 3.26 0.095 2.302 1.51 1.358 1.434 1.838
2 -0.35 0.6 3.102 0.098 2.353 1.538 1.382 1.46 1.875
2.25 -0.35 0.6 3.026 0.101 2.421 1.548 1.392 1.47 1.909
2.5 -0.35 0.6 2.894 0.103 2.442 1.58 1.41 1.495 1.935
2.75 -0.35 0.6 2.797 0.106 2.507 1.603 1.432 1.517 1.974
3 -0.35 0.6 2.715 0.108 2.535 1.604 1.435 1.52 1.986
3.25 -0.35 0.6 2.668 0.108 2.556 1.605 1.432 1.519 1.995
3.5 -0.35 0.6 2.613 0.11 2.577 1.612 1.44 1.526 2.008
3.75 -0.35 0.6 2.552 0.112 2.613 1.628 1.452 1.54 2.031
4 -0.35 0.6 2.479 0.114 2.658 1.65 1.466 1.558 2.061
4.5 -0.35 0.6 2.437 0.116 2.707 1.654 1.465 1.559 2.082
5 -0.35 0.6 2.402 0.119 2.76 1.672 1.476 1.574 2.113
5.5 -0.35 0.6 2.326 0.122 2.816 1.696 1.492 1.594 2.148
6 -0.35 0.6 2.28 0.124 2.868 1.708 1.5 1.604 2.175
6.5 -0.35 0.6 2.24 0.126 2.928 1.726 1.513 1.619 2.209
7 -0.35 0.6 2.207 0.128 2.972 1.736 1.525 1.63 2.232
7.5 -0.35 0.6 2.174 0.13 3.002 1.749 1.537 1.643 2.252
8 -0.35 0.6 2.139 0.132 3.031 1.761 1.549 1.655 2.271
8.5 -0.35 0.6 2.118 0.135 3.084 1.773 1.551 1.662 2.297
9 -0.35 0.6 2.107 0.137 3.139 1.797 1.564 1.68 2.332
9.5 -0.35 0.6 2.084 0.139 3.181 1.81 1.567 1.689 2.354
10 -0.35 0.6 2.056 0.141 3.217 1.824 1.582 1.703 2.377
10.5 -0.35 0.6 2.038 0.144 3.259 1.84 1.594 1.717 2.403
11 -0.35 0.6 2.027 0.145 3.277 1.849 1.599 1.724 2.414
11.5 -0.35 0.6 2.011 0.147 3.295 1.858 1.607 1.733 2.427
12 -0.35 0.6 1.997 0.147 3.296 1.859 1.615 1.737 2.429
12.5 -0.35 0.6 1.996 0.149 3.329 1.874 1.624 1.749 2.451
13 -0.35 0.6 1.989 0.15 3.339 1.881 1.629 1.755 2.459
13.5 -0.35 0.6 2.011 0.15 3.345 1.885 1.63 1.757 2.463
14 -0.35 0.6 2.028 0.151 3.353 1.889 1.632 1.761 2.468
0.6 0.06 0.6 5.59 0.055 1.677 1.349 1.211 1.28 1.482
0.7 0.06 0.6 5.121 0.062 1.85 1.469 1.3 1.384 1.622
0.8 0.06 0.6 4.681 0.072 2.037 1.594 1.399 1.496 1.771
0.9 0.06 0.6 4.241 0.085 2.273 1.733 1.506 1.619 1.948
1 0.06 0.6 3.766 0.107 2.607 1.898 1.654 1.776 2.184
1.25 0.06 0.6 3.479 0.118 2.818 1.963 1.694 1.829 2.306
1.5 0.06 0.6 3.087 0.129 3.033 2.103 1.822 1.962 2.478
1.75 0.06 0.6 3.002 0.137 3.225 2.064 1.766 1.915 2.527
2 0.06 0.6 2.892 0.145 3.426 2.064 1.763 1.914 2.604
2.25 0.06 0.6 2.777 0.151 3.551 2.096 1.795 1.945 2.673
2.5 0.06 0.6 2.733 0.153 3.62 2.104 1.795 1.95 2.702
2.75 0.06 0.6 2.67 0.157 3.695 2.124 1.805 1.965 2.742
3 0.06 0.6 2.615 0.161 3.771 2.143 1.82 1.982 2.782
3.25 0.06 0.6 2.559 0.164 3.835 2.161 1.836 1.998 2.818
3.5 0.06 0.6 2.517 0.167 3.901 2.182 1.852 2.017 2.855
3.75 0.06 0.6 2.49 0.17 3.944 2.195 1.861 2.028 2.879
4 0.06 0.6 2.467 0.17 3.958 2.199 1.866 2.033 2.887
4.5 0.06 0.6 2.406 0.175 4.06 2.221 1.884 2.053 2.938
5 0.06 0.6 2.352 0.179 4.145 2.248 1.902 2.075 2.986
5.5 0.06 0.6 2.315 0.181 4.188 2.26 1.909 2.085 3.009
6 0.06 0.6 2.282 0.184 4.253 2.273 1.919 2.096 3.041
6.5 0.06 0.6 2.236 0.187 4.324 2.287 1.931 2.109 3.076
7 0.06 0.6 2.198 0.19 4.38 2.309 1.945 2.127 3.109
7.5 0.06 0.6 2.156 0.193 4.441 2.329 1.962 2.145 3.144
8 0.06 0.6 2.126 0.196 4.489 2.344 1.971 2.158 3.171
8.5 0.06 0.6 2.094 0.198 4.533 2.355 1.978 2.166 3.193
9 0.06 0.6 2.059 0.201 4.571 2.363 1.982 2.172 3.212
9.5 0.06 0.6 2.033 0.203 4.621 2.373 1.988 2.18 3.235
10 0.06 0.6 2.007 0.205 4.649 2.38 1.991 2.186 3.25
10.5 0.06 0.6 1.986 0.208 4.698 2.393 2.001 2.197 3.275
11 0.06 0.6 1.964 0.211 4.75 2.406 2.013 2.21 3.303
11.5 0.06 0.6 1.951 0.212 4.78 2.418 2.024 2.221 3.321
12 0.06 0.6 1.931 0.214 4.805 2.43 2.031 2.231 3.338
12.5 0.06 0.6 1.913 0.216 4.847 2.448 2.045 2.246 3.364
13 0.06 0.6 1.901 0.218 4.888 2.458 2.053 2.256 3.385
13.5 0.06 0.6 1.883 0.219 4.9 2.462 2.055 2.259 3.392
14 0.06 0.6 1.867 0.22 4.92 2.471 2.058 2.265 3.405
0.6 0.26 0.6 5.348 0.072 2.022 1.712 1.465 1.588 1.823
0.7 0.26 0.6 4.847 0.081 2.227 1.824 1.548 1.686 1.972
0.8 0.26 0.6 4.362 0.096 2.496 1.932 1.653 1.792 2.151
0.9 0.26 0.6 3.965 0.11 2.761 2.039 1.747 1.893 2.325
1 0.26 0.6 3.684 0.123 2.98 2.124 1.817 1.971 2.465
1.25 0.26 0.6 3.374 0.141 3.33 2.182 1.887 2.035 2.644
1.5 0.26 0.6 3.213 0.147 3.509 2.236 1.91 2.073 2.743
1.75 0.26 0.6 3.02 0.158 3.716 2.297 1.974 2.136 2.864
2 0.26 0.6 2.868 0.166 3.902 2.36 2.011 2.186 2.971
2.25 0.26 0.6 2.736 0.176 4.084 2.404 2.047 2.225 3.067
2.5 0.26 0.6 2.674 0.181 4.186 2.424 2.057 2.241 3.117
2.75 0.26 0.6 2.654 0.181 4.235 2.406 2.042 2.224 3.124
3 0.26 0.6 2.596 0.186 4.323 2.435 2.068 2.252 3.176
3.25 0.26 0.6 2.55 0.189 4.416 2.462 2.083 2.272 3.225
3.5 0.26 0.6 2.503 0.193 4.492 2.483 2.096 2.289 3.266
3.75 0.26 0.6 2.464 0.197 4.558 2.501 2.107 2.304 3.301
4 0.26 0.6 2.441 0.199 4.611 2.512 2.113 2.312 3.327
4.5 0.26 0.6 2.41 0.203 4.685 2.531 2.127 2.329 3.366
5 0.26 0.6 2.365 0.208 4.778 2.556 2.143 2.349 3.415
5.5 0.26 0.6 2.325 0.211 4.836 2.578 2.156 2.367 3.449
6 0.26 0.6 2.299 0.215 4.893 2.598 2.173 2.385 3.483
6.5 0.26 0.6 2.268 0.217 4.936 2.615 2.182 2.398 3.508
7 0.26 0.6 2.239 0.22 4.989 2.626 2.19 2.408 3.535
7.5 0.26 0.6 2.198 0.224 5.061 2.645 2.202 2.424 3.572
8 0.26 0.6 2.156 0.228 5.13 2.663 2.219 2.441 3.609
8.5 0.26 0.6 2.114 0.231 5.187 2.681 2.229 2.455 3.64
9 0.26 0.6 2.077 0.234 5.242 2.7 2.239 2.469 3.671
9.5 0.26 0.6 2.049 0.237 5.297 2.713 2.248 2.481 3.699
10 0.26 0.6 2.023 0.24 5.344 2.726 2.256 2.491 3.724
10.5 0.26 0.6 2.001 0.242 5.387 2.739 2.264 2.502 3.747
11 0.26 0.6 1.978 0.244 5.42 2.758 2.277 2.517 3.77
11.5 0.26 0.6 1.959 0.246 5.459 2.769 2.281 2.525 3.79
12 0.26 0.6 1.929 0.249 5.514 2.784 2.289 2.537 3.819
12.5 0.26 0.6 1.904 0.251 5.54 2.804 2.304 2.554 3.841
13 0.26 0.6 1.882 0.252 5.562 2.817 2.313 2.565 3.858
13.5 0.26 0.6 1.865 0.254 5.58 2.825 2.318 2.572 3.869
14 0.26 0.6 1.85 0.255 5.594 2.83 2.324 2.577 3.878
