* De conditionele overschrijdingskans van de windsnelheid zonder statistische
* onzekerheid gegeven de windrichting voor een 12-uursperiode te Vlissingen
* 
* Het doel van deze aangepaste statistiek is de winddragcorrectie te verwerken,
* zonder dat deze in de database aangepast hoeft te worden.
* LET OP: deze windstatistiek is dus onjuist (dwz: hij volgt niet logischerwijs
* uit de bekende gegevens), maar dient als workaround om zonder de
* database aan te passen, de winddrag te corrigeren. De statistiek 
* moet dus niet voor andere doeleinden, en in andere systemen dan de meren en
* de Oosterschelde gebruikt worden
* 
* Door: G.W.F. Rongen van HKV lijn in water
* Project: PR3280.20.03
*
* u (m/s)        30.0            60.0            90.0           120.0           150.0           180.0           210.0           240.0           270.0           300.0           330.0           360.0
  0.00      1.000e+00       1.000e+00       1.000e+00       1.000e+00       1.000e+00       1.000e+00       1.000e+00       1.000e+00       1.000e+00       1.000e+00       1.000e+00       1.000e+00       
  2.00      9.840e-01       9.887e-01       9.962e-01       9.908e-01       9.927e-01       9.973e-01       9.971e-01       9.977e-01       9.980e-01       9.967e-01       1.000e+00       9.820e-01       
  2.50      9.631e-01       9.827e-01       9.811e-01       9.695e-01       9.804e-01       9.905e-01       9.942e-01       9.947e-01       9.947e-01       9.878e-01       9.836e-01       9.587e-01       
  3.00      8.966e-01       9.413e-01       9.533e-01       9.466e-01       9.560e-01       9.804e-01       9.852e-01       9.830e-01       9.813e-01       9.523e-01       9.387e-01       9.126e-01       
  3.50      8.436e-01       9.067e-01       9.141e-01       8.992e-01       9.169e-01       9.613e-01       9.762e-01       9.761e-01       9.695e-01       9.301e-01       8.999e-01       8.684e-01       
  4.00      7.266e-01       8.134e-01       8.283e-01       8.092e-01       8.545e-01       9.227e-01       9.567e-01       9.494e-01       9.389e-01       8.890e-01       8.221e-01       7.701e-01       
  4.50      6.626e-01       7.532e-01       7.715e-01       7.221e-01       7.751e-01       8.858e-01       9.318e-01       9.292e-01       9.183e-01       8.546e-01       7.833e-01       7.151e-01       
  5.00      5.677e-01       6.554e-01       6.932e-01       6.397e-01       7.139e-01       8.495e-01       8.955e-01       8.874e-01       8.702e-01       7.847e-01       6.876e-01       6.031e-01       
  5.50      5.099e-01       5.786e-01       6.061e-01       5.237e-01       6.064e-01       7.894e-01       8.538e-01       8.533e-01       8.206e-01       7.425e-01       6.308e-01       5.501e-01       
  6.00      4.089e-01       4.778e-01       5.379e-01       4.656e-01       5.489e-01       7.537e-01       8.238e-01       8.239e-01       7.863e-01       6.704e-01       5.381e-01       4.597e-01       
  6.50      3.670e-01       4.357e-01       4.394e-01       3.771e-01       4.364e-01       6.758e-01       7.657e-01       7.701e-01       7.443e-01       6.249e-01       4.993e-01       4.086e-01       
  7.00      2.857e-01       3.484e-01       3.712e-01       3.099e-01       3.704e-01       6.181e-01       7.127e-01       7.310e-01       6.947e-01       5.383e-01       4.260e-01       3.379e-01       
  7.50      2.303e-01       2.634e-01       2.816e-01       2.305e-01       2.848e-01       5.324e-01       6.437e-01       6.740e-01       6.435e-01       4.872e-01       3.737e-01       2.888e-01       
  8.00      1.736e-01       2.182e-01       2.298e-01       1.695e-01       2.396e-01       4.878e-01       6.078e-01       6.437e-01       6.000e-01       4.218e-01       2.915e-01       2.200e-01       
  8.50      1.478e-01       1.618e-01       1.679e-01       1.267e-01       1.858e-01       4.117e-01       5.404e-01       5.839e-01       5.420e-01       3.785e-01       2.526e-01       1.847e-01       
  9.00      1.108e-01       1.264e-01       1.288e-01       7.176e-02       1.479e-01       3.546e-01       4.815e-01       5.439e-01       4.985e-01       3.074e-01       1.794e-01       1.356e-01       
  9.50      7.570e-02       9.029e-02       1.048e-01       5.250e-02       1.002e-01       3.034e-01       4.331e-01       4.910e-01       4.466e-01       2.664e-01       1.465e-01       1.120e-01       
  10.00     5.170e-02       6.960e-02       6.818e-02       3.841e-02       7.824e-02       2.350e-01       3.583e-01       4.345e-01       3.969e-01       2.164e-01       1.181e-01       8.154e-02       
  10.50     3.531e-02       4.672e-02       5.051e-02       2.810e-02       6.601e-02       1.987e-01       3.181e-01       4.028e-01       3.565e-01       1.909e-01       1.016e-01       5.938e-02       
  11.00     2.412e-02       3.137e-02       3.056e-02       2.056e-02       4.726e-02       1.517e-01       2.667e-01       3.632e-01       3.221e-01       1.509e-01       7.786e-02       4.324e-02       
  11.50     1.647e-02       2.106e-02       1.850e-02       1.504e-02       3.384e-02       1.327e-01       2.429e-01       3.324e-01       2.855e-01       1.188e-01       5.963e-02       3.148e-02       
  12.00     1.125e-02       1.414e-02       1.119e-02       1.100e-02       2.422e-02       1.023e-01       1.953e-01       2.828e-01       2.420e-01       9.545e-02       4.568e-02       2.293e-02       
  12.50     7.683e-03       9.490e-03       6.773e-03       8.050e-03       1.734e-02       7.793e-02       1.676e-01       2.598e-01       2.000e-01       7.436e-02       3.499e-02       1.669e-02       
  13.00     5.248e-03       6.371e-03       4.099e-03       5.890e-03       1.242e-02       5.949e-02       1.333e-01       2.129e-01       1.710e-01       5.771e-02       2.680e-02       1.216e-02       
  13.50     3.100e-03       4.277e-03       2.481e-03       4.309e-03       8.889e-03       4.045e-02       1.014e-01       1.867e-01       1.542e-01       4.538e-02       2.053e-02       8.852e-03       
  14.00     1.831e-03       2.871e-03       1.698e-03       2.975e-03       6.364e-03       3.510e-02       8.265e-02       1.559e-01       1.244e-01       3.568e-02       1.572e-02       6.445e-03       
  14.50     1.082e-03       1.912e-03       1.163e-03       2.054e-03       4.556e-03       2.533e-02       6.199e-02       1.172e-01       1.053e-01       2.806e-02       1.204e-02       4.693e-03       
  15.00     6.392e-04       1.273e-03       7.962e-04       1.418e-03       3.262e-03       1.828e-02       5.068e-02       1.016e-01       9.237e-02       2.206e-02       9.225e-03       3.195e-03       
  15.50     3.776e-04       8.481e-04       5.452e-04       9.794e-04       2.282e-03       1.319e-02       3.782e-02       7.494e-02       7.786e-02       1.735e-02       7.066e-03       2.175e-03       
  16.00     2.231e-04       5.648e-04       3.733e-04       6.763e-04       1.597e-03       9.523e-03       3.236e-02       6.345e-02       6.031e-02       1.364e-02       5.412e-03       1.480e-03       
  16.50     1.318e-04       3.761e-04       2.556e-04       4.670e-04       1.117e-03       6.873e-03       2.160e-02       4.736e-02       4.885e-02       1.073e-02       3.936e-03       1.008e-03       
  17.00     7.787e-05       2.505e-04       1.750e-04       3.224e-04       7.817e-04       4.961e-03       1.442e-02       3.908e-02       4.046e-02       8.435e-03       2.863e-03       6.860e-04       
  17.50     4.600e-05       1.668e-04       1.198e-04       2.226e-04       5.470e-04       3.580e-03       9.630e-03       2.805e-02       3.045e-02       6.632e-03       2.082e-03       4.669e-04       
  18.00     2.718e-05       1.111e-04       8.203e-05       1.537e-04       3.827e-04       2.584e-03       6.429e-03       2.188e-02       2.292e-02       5.215e-03       1.514e-03       3.179e-04       
  18.50     1.606e-05       7.399e-05       5.617e-05       1.061e-04       2.678e-04       1.865e-03       4.292e-03       1.707e-02       1.725e-02       4.101e-03       1.101e-03       2.164e-04       
  19.00     9.485e-06       4.928e-05       3.846e-05       7.329e-05       1.873e-04       1.330e-03       2.866e-03       1.332e-02       1.299e-02       3.224e-03       8.008e-04       1.473e-04       
  19.50     5.604e-06       3.282e-05       2.633e-05       5.060e-05       1.311e-04       9.489e-04       1.913e-03       1.039e-02       9.775e-03       2.407e-03       5.824e-04       1.003e-04       
  20.00     3.310e-06       2.185e-05       1.803e-05       3.494e-05       9.171e-05       6.768e-04       1.277e-03       8.109e-03       7.357e-03       1.797e-03       4.235e-04       6.825e-05       
  20.50     1.956e-06       1.455e-05       1.234e-05       2.413e-05       6.417e-05       4.828e-04       9.153e-04       6.327e-03       5.538e-03       1.341e-03       3.080e-04       4.646e-05       
  21.00     1.155e-06       9.693e-06       8.452e-06       1.666e-05       4.490e-05       3.444e-04       6.559e-04       4.937e-03       4.168e-03       1.001e-03       2.240e-04       3.162e-05       
  21.50     6.826e-07       6.455e-06       5.787e-06       1.150e-05       3.141e-05       2.457e-04       4.699e-04       3.852e-03       3.137e-03       7.473e-04       1.629e-04       2.153e-05       
  22.00     4.033e-07       4.299e-06       3.962e-06       7.942e-06       2.198e-05       1.752e-04       3.367e-04       3.005e-03       2.362e-03       5.579e-04       1.185e-04       1.465e-05       
  22.50     2.382e-07       2.863e-06       2.713e-06       5.484e-06       1.538e-05       1.250e-04       2.413e-04       2.345e-03       1.823e-03       4.164e-04       8.617e-05       9.975e-06       
  23.00     1.407e-07       1.907e-06       1.858e-06       3.786e-06       1.076e-05       8.916e-05       1.729e-04       1.830e-03       1.407e-03       3.109e-04       6.267e-05       6.790e-06       
  23.50     8.315e-08       1.270e-06       1.272e-06       2.614e-06       7.528e-06       6.360e-05       1.239e-04       1.392e-03       1.086e-03       2.320e-04       4.557e-05       4.622e-06       
  24.00     4.912e-08       8.457e-07       8.708e-07       1.805e-06       5.267e-06       4.537e-05       8.876e-05       1.059e-03       8.378e-04       1.732e-04       3.314e-05       3.146e-06       
  24.50     2.902e-08       5.632e-07       5.962e-07       1.246e-06       3.685e-06       3.236e-05       6.360e-05       8.060e-04       6.466e-04       1.293e-04       2.410e-05       2.142e-06       
  25.00     1.714e-08       3.751e-07       4.082e-07       8.607e-07       2.579e-06       2.308e-05       4.557e-05       6.133e-04       4.990e-04       9.652e-05       1.753e-05       1.458e-06       
  25.50     1.013e-08       2.498e-07       2.795e-07       5.943e-07       1.804e-06       1.646e-05       3.265e-05       4.667e-04       3.851e-04       7.205e-05       1.275e-05       9.924e-07       
  26.00     5.984e-09       1.664e-07       1.914e-07       4.103e-07       1.262e-06       1.174e-05       2.340e-05       3.551e-04       2.972e-04       5.378e-05       9.272e-06       6.755e-07       
  26.50     3.535e-09       1.108e-07       1.310e-07       2.833e-07       8.832e-07       8.378e-06       1.676e-05       2.702e-04       2.294e-04       4.015e-05       6.743e-06       4.598e-07       
  27.00     2.088e-09       7.378e-08       8.972e-08       1.956e-07       6.180e-07       5.976e-06       1.201e-05       2.056e-04       1.770e-04       2.997e-05       4.904e-06       3.130e-07       
  27.50     1.234e-09       4.914e-08       6.143e-08       1.351e-07       4.324e-07       4.263e-06       8.607e-06       1.565e-04       1.366e-04       2.237e-05       3.566e-06       2.131e-07       
  28.00     7.289e-10       3.272e-08       4.206e-08       9.327e-08       3.025e-07       3.041e-06       6.167e-06       1.191e-04       1.055e-04       1.670e-05       2.594e-06       1.450e-07       
  28.50     4.306e-10       2.179e-08       2.880e-08       6.440e-08       2.117e-07       2.169e-06       4.419e-06       9.059e-05       8.139e-05       1.247e-05       1.886e-06       9.873e-08       
  29.00     2.544e-10       1.451e-08       1.972e-08       4.447e-08       1.481e-07       1.547e-06       3.166e-06       6.893e-05       6.281e-05       9.305e-06       1.372e-06       6.721e-08       
  29.50     1.503e-10       9.666e-09       1.350e-08       3.070e-08       1.036e-07       1.104e-06       2.269e-06       5.245e-05       4.848e-05       6.946e-06       9.977e-07       4.575e-08       
  30.00     8.879e-11       6.437e-09       9.244e-09       2.120e-08       7.250e-08       7.872e-07       1.626e-06       3.991e-05       3.741e-05       5.185e-06       7.256e-07       3.114e-08       
  30.50     5.402e-11       4.298e-09       6.380e-09       1.472e-08       5.066e-08       5.651e-07       1.172e-06       3.024e-05       2.888e-05       3.889e-06       5.292e-07       2.088e-08       
  31.00     2.475e-11       2.363e-09       3.650e-09       8.530e-09       2.997e-08       3.434e-07       7.172e-07       2.025e-05       1.973e-05       2.527e-06       3.311e-07       1.186e-08       
  31.50     1.134e-11       1.299e-09       2.088e-09       4.942e-09       1.773e-08       2.087e-07       4.388e-07       1.356e-05       1.348e-05       1.643e-06       2.072e-07       6.740e-09       
  32.00     5.194e-12       7.140e-10       1.194e-09       2.864e-09       1.049e-08       1.268e-07       2.684e-07       9.079e-06       9.207e-06       1.068e-06       1.296e-07       3.829e-09       
  32.50     2.379e-12       3.925e-10       6.831e-10       1.659e-09       6.203e-09       7.708e-08       1.642e-07       6.079e-06       6.290e-06       6.939e-07       8.110e-08       2.175e-09       
  33.00     1.090e-12       2.158e-10       3.908e-10       9.613e-10       3.670e-09       4.684e-08       1.004e-07       4.070e-06       4.297e-06       4.510e-07       5.074e-08       1.236e-09       
  33.50     4.993e-13       1.186e-10       2.235e-10       5.570e-10       2.171e-09       2.847e-08       6.145e-08       2.725e-06       2.936e-06       2.931e-07       3.175e-08       7.019e-10       
  34.00     2.288e-13       6.521e-11       1.279e-10       3.227e-10       1.284e-09       1.730e-08       3.759e-08       1.825e-06       2.006e-06       1.905e-07       1.987e-08       3.987e-10       
  34.50     1.048e-13       3.585e-11       7.314e-11       1.870e-10       7.596e-10       1.051e-08       2.300e-08       1.222e-06       1.370e-06       1.238e-07       1.243e-08       2.265e-10       
  35.00     4.801e-14       1.971e-11       4.184e-11       1.083e-10       4.494e-10       6.389e-09       1.407e-08       8.182e-07       9.361e-07       8.047e-08       7.777e-09       1.287e-10       
  35.50     2.199e-14       1.083e-11       2.393e-11       6.276e-11       2.658e-10       3.883e-09       8.606e-09       5.478e-07       6.395e-07       5.230e-08       4.866e-09       7.310e-11       
  36.00     1.008e-14       5.956e-12       1.369e-11       3.636e-11       1.572e-10       2.360e-09       5.265e-09       3.668e-07       4.369e-07       3.399e-08       3.045e-09       4.152e-11       
  36.50     4.616e-15       3.274e-12       7.832e-12       2.107e-11       9.302e-11       1.434e-09       3.221e-09       2.456e-07       2.985e-07       2.209e-08       1.905e-09       2.359e-11       
  37.00     2.115e-15       1.800e-12       4.480e-12       1.221e-11       5.503e-11       8.714e-10       1.970e-09       1.645e-07       2.039e-07       1.436e-08       1.192e-09       1.340e-11       
  37.50     9.688e-16       9.895e-13       2.563e-12       7.073e-12       3.255e-11       5.296e-10       1.205e-09       1.101e-07       1.393e-07       9.333e-09       7.458e-10       7.612e-12       
  38.00     4.438e-16       5.440e-13       1.466e-12       4.098e-12       1.926e-11       3.218e-10       7.373e-10       7.374e-08       9.517e-08       6.066e-09       4.666e-10       4.324e-12       
  38.50     2.033e-16       2.990e-13       8.385e-13       2.374e-12       1.139e-11       1.956e-10       4.511e-10       4.937e-08       6.502e-08       3.943e-09       2.920e-10       2.457e-12       
  39.00     9.315e-17       1.644e-13       4.797e-13       1.376e-12       6.738e-12       1.189e-10       2.759e-10       3.306e-08       4.442e-08       2.562e-09       1.827e-10       1.396e-12       
  39.50     4.267e-17       9.037e-14       2.744e-13       7.970e-13       3.986e-12       7.223e-11       1.688e-10       2.214e-08       3.035e-08       1.665e-09       1.143e-10       7.928e-13       
  40.00     1.955e-17       4.968e-14       1.570e-13       4.618e-13       2.358e-12       4.390e-11       1.033e-10       1.482e-08       2.073e-08       1.082e-09       7.151e-11       4.503e-13       
  40.50     8.956e-18       2.731e-14       8.978e-14       2.676e-13       1.395e-12       2.668e-11       6.317e-11       9.924e-09       1.416e-08       7.035e-10       4.474e-11       2.558e-13       
  41.00     4.103e-18       1.501e-14       5.136e-14       1.550e-13       8.251e-13       1.621e-11       3.864e-11       6.645e-09       9.676e-09       4.572e-10       2.800e-11       1.453e-13       
  41.50     1.880e-18       8.254e-15       2.938e-14       8.982e-14       4.881e-13       9.852e-12       2.364e-11       4.449e-09       6.611e-09       2.972e-10       1.752e-11       8.256e-14       
  42.00     8.610e-19       4.538e-15       1.681e-14       5.204e-14       2.887e-13       5.987e-12       1.446e-11       2.979e-09       4.516e-09       1.931e-10       1.096e-11       4.690e-14       