* De conditionele overschrijdingskans van de potentiële windsnelheid, gegeven de windrichting
* voor een 12-uursperiode te Vlissingen. Zonder onzekerheid.
* 
* Het waterstandsbereik waarvoor de overschrijdingskansen zijn 0.0 m/s en 2.0 m/s tot 42.00 m/s
* met een stapgrootte van 0.5 m/s.
*
* Door: G.W.F. Rongen van HKV lijn in water
* Project: PR3280.14
*
* u (m/s)   30              60              90              120             150             180             210             240             270             300             330             360
  0.00      1.000e+00       1.000e+00       1.000e+00       1.000e+00       1.000e+00       1.000e+00       1.000e+00       1.000e+00       1.000e+00       1.000e+00       1.000e+00       1.000e+00       
  2.00      9.840e-01       9.887e-01       9.962e-01       9.908e-01       9.927e-01       9.973e-01       9.971e-01       9.977e-01       9.980e-01       9.967e-01       1.000e+00       9.843e-01       
  2.50      9.631e-01       9.827e-01       9.811e-01       9.695e-01       9.804e-01       9.905e-01       9.942e-01       9.947e-01       9.947e-01       9.878e-01       9.836e-01       9.587e-01       
  3.00      8.966e-01       9.413e-01       9.533e-01       9.466e-01       9.560e-01       9.804e-01       9.852e-01       9.830e-01       9.813e-01       9.523e-01       9.387e-01       9.126e-01       
  3.50      8.436e-01       9.067e-01       9.141e-01       8.992e-01       9.169e-01       9.613e-01       9.762e-01       9.761e-01       9.695e-01       9.301e-01       8.999e-01       8.684e-01       
  4.00      7.266e-01       8.134e-01       8.283e-01       8.092e-01       8.545e-01       9.227e-01       9.567e-01       9.494e-01       9.389e-01       8.890e-01       8.221e-01       7.701e-01       
  4.50      6.626e-01       7.532e-01       7.715e-01       7.221e-01       7.751e-01       8.858e-01       9.318e-01       9.292e-01       9.183e-01       8.546e-01       7.833e-01       7.151e-01       
  5.00      5.677e-01       6.554e-01       6.932e-01       6.397e-01       7.139e-01       8.495e-01       8.955e-01       8.874e-01       8.702e-01       7.847e-01       6.876e-01       6.031e-01       
  5.50      5.099e-01       5.786e-01       6.061e-01       5.237e-01       6.064e-01       7.894e-01       8.538e-01       8.533e-01       8.206e-01       7.425e-01       6.308e-01       5.501e-01       
  6.00      4.089e-01       4.778e-01       5.379e-01       4.656e-01       5.489e-01       7.537e-01       8.238e-01       8.239e-01       7.863e-01       6.704e-01       5.381e-01       4.597e-01       
  6.50      3.670e-01       4.357e-01       4.394e-01       3.771e-01       4.364e-01       6.758e-01       7.657e-01       7.701e-01       7.443e-01       6.249e-01       4.993e-01       4.086e-01       
  7.00      2.857e-01       3.484e-01       3.712e-01       3.099e-01       3.704e-01       6.181e-01       7.127e-01       7.310e-01       6.947e-01       5.383e-01       4.260e-01       3.379e-01       
  7.50      2.303e-01       2.634e-01       2.816e-01       2.305e-01       2.848e-01       5.324e-01       6.437e-01       6.740e-01       6.435e-01       4.872e-01       3.737e-01       2.888e-01       
  8.00      1.736e-01       2.182e-01       2.298e-01       1.695e-01       2.396e-01       4.878e-01       6.078e-01       6.437e-01       6.000e-01       4.218e-01       2.915e-01       2.200e-01       
  8.50      1.478e-01       1.618e-01       1.679e-01       1.267e-01       1.858e-01       4.117e-01       5.404e-01       5.839e-01       5.420e-01       3.785e-01       2.526e-01       1.847e-01       
  9.00      1.108e-01       1.264e-01       1.288e-01       7.176e-02       1.479e-01       3.546e-01       4.815e-01       5.439e-01       4.985e-01       3.074e-01       1.794e-01       1.356e-01       
  9.50      7.570e-02       9.029e-02       1.048e-01       5.250e-02       1.002e-01       3.034e-01       4.331e-01       4.910e-01       4.466e-01       2.664e-01       1.465e-01       1.120e-01       
  10.00     5.170e-02       6.960e-02       6.818e-02       3.841e-02       7.824e-02       2.350e-01       3.583e-01       4.345e-01       3.969e-01       2.164e-01       1.181e-01       8.154e-02       
  10.50     3.531e-02       4.672e-02       5.051e-02       2.810e-02       6.601e-02       1.987e-01       3.181e-01       4.028e-01       3.565e-01       1.909e-01       1.016e-01       5.938e-02       
  11.00     2.412e-02       3.137e-02       3.056e-02       2.056e-02       4.726e-02       1.517e-01       2.667e-01       3.632e-01       3.221e-01       1.509e-01       7.786e-02       4.324e-02       
  11.50     1.647e-02       2.106e-02       1.850e-02       1.504e-02       3.384e-02       1.327e-01       2.429e-01       3.324e-01       2.855e-01       1.188e-01       5.963e-02       3.148e-02       
  12.00     1.125e-02       1.414e-02       1.119e-02       1.100e-02       2.422e-02       1.023e-01       1.953e-01       2.828e-01       2.420e-01       9.545e-02       4.568e-02       2.293e-02       
  12.50     7.683e-03       9.490e-03       6.773e-03       8.050e-03       1.734e-02       7.793e-02       1.676e-01       2.598e-01       2.000e-01       7.436e-02       3.499e-02       1.669e-02       
  13.00     5.248e-03       6.371e-03       4.099e-03       5.890e-03       1.242e-02       5.949e-02       1.333e-01       2.129e-01       1.710e-01       5.771e-02       2.680e-02       1.216e-02       
  13.50     3.100e-03       4.277e-03       2.481e-03       4.309e-03       8.889e-03       4.045e-02       1.014e-01       1.867e-01       1.542e-01       4.538e-02       2.053e-02       8.852e-03       
  14.00     1.831e-03       2.871e-03       1.698e-03       2.975e-03       6.364e-03       3.510e-02       8.265e-02       1.559e-01       1.244e-01       3.568e-02       1.572e-02       6.445e-03       
  14.50     1.082e-03       1.912e-03       1.163e-03       2.054e-03       4.556e-03       2.533e-02       6.199e-02       1.172e-01       1.053e-01       2.806e-02       1.204e-02       4.693e-03       
  15.00     6.392e-04       1.273e-03       7.962e-04       1.418e-03       3.262e-03       1.828e-02       5.068e-02       1.016e-01       9.237e-02       2.206e-02       9.225e-03       3.195e-03       
  15.50     3.776e-04       8.481e-04       5.452e-04       9.794e-04       2.282e-03       1.319e-02       3.782e-02       7.494e-02       7.786e-02       1.735e-02       7.066e-03       2.175e-03       
  16.00     2.231e-04       5.648e-04       3.733e-04       6.763e-04       1.597e-03       9.523e-03       3.236e-02       6.345e-02       6.031e-02       1.364e-02       5.412e-03       1.480e-03       
  16.50     1.318e-04       3.761e-04       2.556e-04       4.670e-04       1.117e-03       6.873e-03       2.160e-02       4.736e-02       4.885e-02       1.073e-02       3.936e-03       1.008e-03       
  17.00     7.787e-05       2.505e-04       1.750e-04       3.224e-04       7.817e-04       4.961e-03       1.442e-02       3.908e-02       4.046e-02       8.435e-03       2.863e-03       6.860e-04       
  17.50     4.600e-05       1.668e-04       1.198e-04       2.226e-04       5.470e-04       3.580e-03       9.630e-03       2.805e-02       3.045e-02       6.632e-03       2.082e-03       4.669e-04       
  18.00     2.718e-05       1.111e-04       8.203e-05       1.537e-04       3.827e-04       2.584e-03       6.429e-03       2.188e-02       2.292e-02       5.215e-03       1.514e-03       3.179e-04       
  18.50     1.606e-05       7.399e-05       5.617e-05       1.061e-04       2.678e-04       1.865e-03       4.292e-03       1.707e-02       1.725e-02       4.101e-03       1.101e-03       2.164e-04       
  19.00     9.485e-06       4.928e-05       3.846e-05       7.329e-05       1.873e-04       1.330e-03       2.866e-03       1.332e-02       1.299e-02       3.224e-03       8.008e-04       1.473e-04       
  19.50     5.604e-06       3.282e-05       2.633e-05       5.060e-05       1.311e-04       9.489e-04       1.913e-03       1.039e-02       9.775e-03       2.407e-03       5.824e-04       1.003e-04       
  20.00     3.310e-06       2.185e-05       1.803e-05       3.494e-05       9.171e-05       6.768e-04       1.277e-03       8.109e-03       7.357e-03       1.797e-03       4.235e-04       6.825e-05       
  20.50     1.956e-06       1.455e-05       1.234e-05       2.413e-05       6.417e-05       4.828e-04       9.153e-04       6.327e-03       5.538e-03       1.341e-03       3.080e-04       4.646e-05       
  21.00     1.155e-06       9.693e-06       8.452e-06       1.666e-05       4.490e-05       3.444e-04       6.559e-04       4.937e-03       4.168e-03       1.001e-03       2.240e-04       3.162e-05       
  21.50     6.826e-07       6.455e-06       5.787e-06       1.150e-05       3.141e-05       2.457e-04       4.699e-04       3.852e-03       3.137e-03       7.473e-04       1.629e-04       2.153e-05       
  22.00     4.033e-07       4.299e-06       3.962e-06       7.942e-06       2.198e-05       1.752e-04       3.367e-04       3.005e-03       2.362e-03       5.579e-04       1.185e-04       1.465e-05       
  22.50     2.382e-07       2.863e-06       2.713e-06       5.484e-06       1.538e-05       1.250e-04       2.413e-04       2.345e-03       1.823e-03       4.164e-04       8.617e-05       9.975e-06       
  23.00     1.407e-07       1.907e-06       1.858e-06       3.786e-06       1.076e-05       8.916e-05       1.729e-04       1.830e-03       1.407e-03       3.109e-04       6.267e-05       6.790e-06       
  23.50     8.315e-08       1.270e-06       1.272e-06       2.614e-06       7.528e-06       6.360e-05       1.239e-04       1.392e-03       1.086e-03       2.320e-04       4.557e-05       4.622e-06       
  24.00     4.912e-08       8.457e-07       8.708e-07       1.805e-06       5.267e-06       4.537e-05       8.876e-05       1.059e-03       8.378e-04       1.732e-04       3.314e-05       3.146e-06       
  24.50     2.902e-08       5.632e-07       5.962e-07       1.246e-06       3.685e-06       3.236e-05       6.360e-05       8.060e-04       6.466e-04       1.293e-04       2.410e-05       2.142e-06       
  25.00     1.714e-08       3.751e-07       4.082e-07       8.607e-07       2.579e-06       2.308e-05       4.557e-05       6.133e-04       4.990e-04       9.652e-05       1.753e-05       1.458e-06       
  25.50     1.013e-08       2.498e-07       2.795e-07       5.943e-07       1.804e-06       1.646e-05       3.265e-05       4.667e-04       3.851e-04       7.205e-05       1.275e-05       9.924e-07       
  26.00     5.984e-09       1.664e-07       1.914e-07       4.103e-07       1.262e-06       1.174e-05       2.340e-05       3.551e-04       2.972e-04       5.378e-05       9.272e-06       6.755e-07       
  26.50     3.535e-09       1.108e-07       1.310e-07       2.833e-07       8.832e-07       8.378e-06       1.676e-05       2.702e-04       2.294e-04       4.015e-05       6.743e-06       4.598e-07       
  27.00     2.088e-09       7.378e-08       8.972e-08       1.956e-07       6.180e-07       5.976e-06       1.201e-05       2.056e-04       1.770e-04       2.997e-05       4.904e-06       3.130e-07       
  27.50     1.234e-09       4.914e-08       6.143e-08       1.351e-07       4.324e-07       4.263e-06       8.607e-06       1.565e-04       1.366e-04       2.237e-05       3.566e-06       2.131e-07       
  28.00     7.289e-10       3.272e-08       4.206e-08       9.327e-08       3.025e-07       3.041e-06       6.167e-06       1.191e-04       1.055e-04       1.670e-05       2.594e-06       1.450e-07       
  28.50     4.306e-10       2.179e-08       2.880e-08       6.440e-08       2.117e-07       2.169e-06       4.419e-06       9.059e-05       8.139e-05       1.247e-05       1.886e-06       9.873e-08       
  29.00     2.544e-10       1.451e-08       1.972e-08       4.447e-08       1.481e-07       1.547e-06       3.166e-06       6.893e-05       6.281e-05       9.305e-06       1.372e-06       6.721e-08       
  29.50     1.503e-10       9.666e-09       1.350e-08       3.070e-08       1.036e-07       1.104e-06       2.269e-06       5.245e-05       4.848e-05       6.946e-06       9.977e-07       4.575e-08       
  30.00     8.879e-11       6.437e-09       9.244e-09       2.120e-08       7.250e-08       7.872e-07       1.626e-06       3.991e-05       3.741e-05       5.185e-06       7.256e-07       3.114e-08       
  30.50     5.246e-11       4.287e-09       6.329e-09       1.464e-08       5.073e-08       5.615e-07       1.165e-06       3.037e-05       2.887e-05       3.870e-06       5.277e-07       2.120e-08       
  31.00     3.099e-11       2.855e-09       4.334e-09       1.011e-08       3.549e-08       4.005e-07       8.347e-07       2.311e-05       2.228e-05       2.889e-06       3.838e-07       1.443e-08       
  31.50     1.831e-11       1.901e-09       2.967e-09       6.979e-09       2.483e-08       2.857e-07       5.981e-07       1.758e-05       1.720e-05       2.157e-06       2.791e-07       9.823e-09       
  32.00     1.082e-11       1.266e-09       2.032e-09       4.819e-09       1.737e-08       2.038e-07       4.285e-07       1.338e-05       1.327e-05       1.610e-06       2.030e-07       6.687e-09       
  32.50     6.390e-12       8.433e-10       1.391e-09       3.327e-09       1.216e-08       1.454e-07       3.071e-07       1.018e-05       1.024e-05       1.202e-06       1.476e-07       4.552e-09       
  33.00     3.775e-12       5.616e-10       9.524e-10       2.297e-09       8.505e-09       1.037e-07       2.200e-07       7.747e-06       7.906e-06       8.971e-07       1.074e-07       3.098e-09       
  33.50     2.230e-12       3.740e-10       6.521e-10       1.586e-09       5.951e-09       7.396e-08       1.576e-07       5.895e-06       6.101e-06       6.696e-07       7.807e-08       2.109e-09       
  34.00     1.318e-12       2.491e-10       4.465e-10       1.095e-09       4.164e-09       5.276e-08       1.130e-07       4.486e-06       4.709e-06       4.999e-07       5.678e-08       1.436e-09       
  34.50     7.784e-13       1.659e-10       3.057e-10       7.563e-10       2.913e-09       3.763e-08       8.094e-08       3.413e-06       3.634e-06       3.731e-07       4.129e-08       9.773e-10       
  35.00     4.599e-13       1.105e-10       2.093e-10       5.222e-10       2.038e-09       2.684e-08       5.799e-08       2.597e-06       2.805e-06       2.785e-07       3.003e-08       6.653e-10       
  35.50     2.717e-13       7.358e-11       1.433e-10       3.606e-10       1.426e-09       1.915e-08       4.156e-08       1.976e-06       2.165e-06       2.079e-07       2.184e-08       4.529e-10       
  36.00     1.605e-13       4.900e-11       9.813e-11       2.490e-10       9.979e-10       1.366e-08       2.978e-08       1.504e-06       1.671e-06       1.552e-07       1.588e-08       3.083e-10       
  36.50     9.481e-14       3.263e-11       6.719e-11       1.719e-10       6.982e-10       9.743e-09       2.134e-08       1.144e-06       1.289e-06       1.159e-07       1.155e-08       2.098e-10       
  37.00     5.596e-14       2.173e-11       4.600e-11       1.187e-10       4.885e-10       6.950e-09       1.529e-08       8.707e-07       9.951e-07       8.648e-08       8.401e-09       1.428e-10       
  37.50     3.308e-14       1.447e-11       3.150e-11       8.196e-11       3.418e-10       4.957e-09       1.095e-08       6.625e-07       7.680e-07       6.456e-08       6.110e-09       9.723e-11       
  38.00     1.954e-14       9.639e-12       2.157e-11       5.659e-11       2.391e-10       3.536e-09       7.849e-09       5.041e-07       5.927e-07       4.819e-08       4.443e-09       6.619e-11       
  38.50     1.155e-14       6.419e-12       1.477e-11       3.907e-11       1.673e-10       2.522e-09       5.624e-09       3.836e-07       4.574e-07       3.597e-08       3.232e-09       4.505e-11       
  39.00     6.772e-15       4.275e-12       1.011e-11       2.698e-11       1.171e-10       1.799e-09       4.030e-09       2.919e-07       3.530e-07       2.685e-08       2.350e-09       3.067e-11       
  39.50     3.997e-15       2.847e-12       6.922e-12       1.863e-11       8.191e-11       1.283e-09       2.887e-09       2.221e-07       2.725e-07       2.004e-08       1.709e-09       2.088e-11       
  40.00     2.331e-15       1.896e-12       4.740e-12       1.286e-11       5.731e-11       9.155e-10       2.069e-09       1.690e-07       2.103e-07       1.496e-08       1.243e-09       1.421e-11       
  40.50     1.443e-15       1.263e-12       3.245e-12       8.881e-12       4.010e-11       6.530e-10       1.482e-09       1.286e-07       1.623e-07       1.117e-08       9.040e-10       9.674e-12       
  41.00     7.772e-16       8.409e-13       2.222e-12       6.132e-12       2.806e-11       4.658e-10       1.062e-09       9.786e-08       1.252e-07       8.338e-09       6.574e-10       6.585e-12       
  41.50     4.441e-16       5.600e-13       1.521e-12       4.234e-12       1.963e-11       3.323e-10       7.611e-10       7.446e-08       9.666e-08       6.224e-09       4.781e-10       4.483e-12       
  42.00     2.220e-16       3.729e-13       1.042e-12       2.924e-12       1.373e-11       2.370e-10       5.454e-10       5.666e-08       7.460e-08       4.646e-09       3.477e-10       3.051e-12       