* De conditionele overschrijdingskans van de zeewaterstand met statistische onzekerheid gegeven de windrichting
* voor een 12-uursperiode te Huibertgat, gelegen op locatie: 
* 221990, 621330
* 
* Het waterstandsbereik waarvoor de overschrijdingskansen zijn gegeven is het hoogwater 1991 tot 8.00 m + NAP
* met een stapgrootte van 0.1 m. De laatste stapgrootte kan afwijken om op 8.00 m uit te komen. Hierbij wordt
* een stapgrootte van mimimaal 6 en maximaal 15 cm gekozen.
* 
* Betreft zichtjaar 1985 (het jaar waarvoor de basispeilen zijn afgeleid); 
* zeespiegelstijging sinds 1985 moet apart in rekening worden gebracht.
*
* Door: G.W.F. Rongen van HKV lijn in water
* Project: PR3280.20.03
*
* m (m+NAP) 30              60              90              120             150             180             210             240             270             300             330             360
  0.94      1.000e+00       1.000e+00       1.000e+00       1.000e+00       1.000e+00       1.000e+00       1.000e+00       1.000e+00       1.000e+00       1.000e+00       1.000e+00       1.000e+00       
  1.04      1.000e+00       1.000e+00       1.000e+00       1.000e+00       1.000e+00       1.000e+00       3.782e-01       4.825e-01       6.890e-01       7.342e-01       6.249e-01       5.035e-01       
  1.14      1.000e+00       1.000e+00       1.000e+00       1.000e+00       1.000e+00       1.000e+00       1.457e-01       2.374e-01       4.813e-01       5.456e-01       3.968e-01       2.584e-01       
  1.24      9.999e-01       9.982e-01       9.885e-01       9.987e-01       9.984e-01       9.503e-01       5.681e-02       1.211e-01       3.389e-01       4.061e-01       2.567e-01       1.337e-01       
  1.34      7.331e-01       5.165e-01       3.888e-01       5.407e-01       5.214e-01       2.876e-01       2.429e-02       8.139e-02       2.515e-01       3.048e-01       1.889e-01       7.357e-02       
  1.44      1.588e-01       1.040e-01       7.750e-02       1.094e-01       1.050e-01       5.722e-02       1.040e-02       5.607e-02       1.865e-01       2.275e-01       1.402e-01       4.072e-02       
  1.54      3.088e-02       2.022e-02       1.507e-02       2.127e-02       2.042e-02       1.113e-02       4.411e-03       3.840e-02       1.374e-01       1.688e-01       1.034e-01       2.251e-02       
  1.64      5.878e-03       3.850e-03       2.869e-03       4.049e-03       3.888e-03       2.119e-03       1.852e-03       2.614e-02       1.006e-01       1.244e-01       7.587e-02       1.243e-02       
  1.74      1.096e-03       7.181e-04       5.352e-04       7.553e-04       7.252e-04       3.952e-04       7.710e-04       1.771e-02       7.322e-02       9.121e-02       5.536e-02       6.856e-03       
  1.84      2.005e-04       1.314e-04       9.790e-05       1.382e-04       1.327e-04       7.229e-05       3.181e-04       1.193e-02       5.299e-02       6.649e-02       4.019e-02       3.778e-03       
  1.94      3.601e-05       2.358e-05       1.758e-05       2.481e-05       2.382e-05       1.298e-05       1.302e-04       7.997e-03       3.814e-02       4.820e-02       2.903e-02       2.080e-03       
  2.04      6.351e-06       4.160e-06       3.100e-06       4.375e-06       4.201e-06       2.289e-06       5.287e-05       5.335e-03       2.731e-02       3.477e-02       2.087e-02       1.144e-03       
  2.14      1.101e-06       7.212e-07       5.375e-07       7.586e-07       7.284e-07       3.969e-07       2.131e-05       3.543e-03       1.945e-02       2.495e-02       1.494e-02       6.285e-04       
  2.24      1.878e-07       1.230e-07       9.167e-08       1.294e-07       1.242e-07       6.769e-08       8.525e-06       2.343e-03       1.379e-02       1.782e-02       1.065e-02       3.450e-04       
  2.34      3.152e-08       2.065e-08       1.539e-08       2.172e-08       2.085e-08       1.136e-08       3.387e-06       1.543e-03       9.724e-03       1.267e-02       7.555e-03       1.893e-04       
  2.44      5.210e-09       3.413e-09       2.543e-09       3.590e-09       3.447e-09       1.878e-09       1.337e-06       1.011e-03       6.828e-03       8.967e-03       5.339e-03       1.038e-04       
  2.54      8.485e-10       5.558e-10       4.142e-10       5.846e-10       5.613e-10       3.059e-10       5.241e-07       6.606e-04       4.772e-03       6.318e-03       3.758e-03       5.683e-05       
  2.64      1.362e-10       8.922e-11       6.650e-11       9.385e-11       9.011e-11       4.910e-11       2.042e-07       4.297e-04       3.321e-03       4.432e-03       2.634e-03       3.111e-05       
  2.74      2.157e-11       1.413e-11       1.053e-11       1.486e-11       1.427e-11       7.773e-12       7.908e-08       2.785e-04       2.301e-03       3.096e-03       1.840e-03       1.702e-05       
  2.84      3.368e-12       2.206e-12       1.644e-12       2.321e-12       2.228e-12       1.214e-12       3.044e-08       1.799e-04       1.588e-03       2.154e-03       1.280e-03       9.302e-06       
  2.94      5.143e-13       3.369e-13       2.511e-13       3.544e-13       3.402e-13       1.854e-13       1.157e-08       1.152e-04       1.087e-03       1.487e-03       8.845e-04       5.053e-06       
  3.04      8.095e-14       5.302e-14       3.952e-14       5.577e-14       5.355e-14       2.918e-14       4.415e-09       7.364e-05       7.417e-04       1.023e-03       6.091e-04       2.752e-06       
  3.14      1.330e-14       8.710e-15       6.491e-15       9.161e-15       8.796e-15       4.793e-15       1.708e-09       4.721e-05       5.067e-04       7.050e-04       4.202e-04       1.513e-06       
  3.24      2.204e-15       1.444e-15       1.076e-15       1.519e-15       1.458e-15       7.945e-16       6.618e-10       3.021e-05       3.452e-04       4.844e-04       2.892e-04       8.328e-07       
  3.34      3.686e-16       2.414e-16       1.799e-16       2.539e-16       2.438e-16       1.328e-16       2.567e-10       1.930e-05       2.346e-04       3.320e-04       1.986e-04       4.594e-07       
  3.44      6.213e-17       4.070e-17       3.033e-17       4.281e-17       4.110e-17       2.240e-17       9.961e-11       1.230e-05       1.589e-04       2.268e-04       1.360e-04       2.536e-07       
  3.54      1.054e-17       6.906e-18       5.147e-18       7.264e-18       6.975e-18       3.800e-18       3.857e-11       7.801e-06       1.071e-04       1.541e-04       9.264e-05       1.398e-07       
  3.64      1.818e-18       1.191e-18       8.874e-19       1.252e-18       1.203e-18       6.553e-19       1.503e-11       4.949e-06       7.206e-05       1.046e-04       6.307e-05       7.737e-08       
  3.74      3.290e-19       2.155e-19       1.606e-19       2.266e-19       2.176e-19       1.186e-19       5.964e-12       3.154e-06       4.863e-05       7.120e-05       4.307e-05       4.327e-08       
  3.84      6.196e-20       4.058e-20       3.025e-20       4.269e-20       4.099e-20       2.233e-20       2.393e-12       2.013e-06       3.282e-05       4.846e-05       2.941e-05       2.434e-08       
  3.94      1.191e-20       7.798e-21       5.812e-21       8.202e-21       7.876e-21       4.292e-21       9.660e-13       1.284e-06       2.212e-05       3.293e-05       2.006e-05       1.373e-08       
  4.04      2.324e-21       1.522e-21       1.135e-21       1.601e-21       1.538e-21       8.378e-22       3.918e-13       8.181e-07       1.488e-05       2.233e-05       1.366e-05       7.763e-09       
  4.14      4.606e-22       3.017e-22       2.248e-22       3.173e-22       3.047e-22       1.660e-22       1.596e-13       5.211e-07       9.990e-06       1.512e-05       9.285e-06       4.402e-09       
  4.24      9.268e-23       6.070e-23       4.524e-23       6.385e-23       6.131e-23       3.341e-23       6.559e-14       3.327e-07       6.718e-06       1.025e-05       6.322e-06       2.510e-09       
  4.34      1.905e-23       1.248e-23       9.300e-24       1.313e-23       1.260e-23       6.867e-24       2.734e-14       2.136e-07       4.533e-06       6.973e-06       4.321e-06       1.445e-09       
  4.44      4.051e-24       2.654e-24       1.978e-24       2.791e-24       2.680e-24       1.460e-24       1.161e-14       1.378e-07       3.070e-06       4.759e-06       2.963e-06       8.403e-10       
  4.54      8.997e-25       5.893e-25       4.392e-25       6.198e-25       5.952e-25       3.243e-25       5.010e-15       8.920e-08       2.083e-06       3.254e-06       2.035e-06       4.922e-10       
  4.64      2.078e-25       1.361e-25       1.014e-25       1.432e-25       1.375e-25       7.490e-26       2.186e-15       5.787e-08       1.415e-06       2.228e-06       1.400e-06       2.899e-10       
  4.74      4.931e-26       3.230e-26       2.407e-26       3.397e-26       3.262e-26       1.778e-26       9.619e-16       3.764e-08       9.626e-07       1.527e-06       9.645e-07       1.716e-10       
  4.84      1.192e-26       7.809e-27       5.820e-27       8.214e-27       7.887e-27       4.298e-27       4.266e-16       2.456e-08       6.564e-07       1.049e-06       6.660e-07       1.021e-10       
  4.94      2.927e-27       1.917e-27       1.429e-27       2.017e-27       1.936e-27       1.055e-27       1.909e-16       1.609e-08       4.490e-07       7.229e-07       4.614e-07       6.121e-11       
  5.04      7.294e-28       4.778e-28       3.561e-28       5.025e-28       4.825e-28       2.629e-28       8.638e-17       1.060e-08       3.084e-07       5.001e-07       3.209e-07       3.697e-11       
  5.14      1.848e-28       1.210e-28       9.019e-29       1.273e-28       1.222e-28       6.660e-29       3.959e-17       7.016e-09       2.126e-07       3.472e-07       2.240e-07       2.251e-11       
  5.24      4.771e-29       3.125e-29       2.329e-29       3.287e-29       3.156e-29       1.720e-29       1.839e-17       4.664e-09       1.470e-07       2.418e-07       1.568e-07       1.381e-11       
  5.34      1.261e-29       8.261e-30       6.157e-30       8.689e-30       8.343e-30       4.546e-30       8.653e-18       3.113e-09       1.020e-07       1.689e-07       1.101e-07       8.527e-12       
  5.44      3.424e-30       2.243e-30       1.672e-30       2.359e-30       2.265e-30       1.234e-30       4.117e-18       2.083e-09       7.085e-08       1.182e-07       7.747e-08       5.292e-12       
  5.54      9.553e-31       6.257e-31       4.663e-31       6.581e-31       6.319e-31       3.443e-31       1.976e-18       1.398e-09       4.933e-08       8.282e-08       5.460e-08       3.300e-12       
  5.64      2.731e-31       1.789e-31       1.333e-31       1.882e-31       1.807e-31       9.845e-32       9.556e-19       9.403e-10       3.439e-08       5.814e-08       3.855e-08       2.066e-12       
  5.74      7.968e-32       5.219e-32       3.890e-32       5.490e-32       5.271e-32       2.872e-32       4.651e-19       6.338e-10       2.402e-08       4.087e-08       2.725e-08       1.298e-12       
  5.84      2.362e-32       1.547e-32       1.153e-32       1.627e-32       1.562e-32       8.513e-33       2.276e-19       4.280e-10       1.680e-08       2.877e-08       1.930e-08       8.187e-13       
  5.94      7.089e-33       4.643e-33       3.461e-33       4.884e-33       4.689e-33       2.555e-33       1.120e-19       2.896e-10       1.176e-08       2.028e-08       1.368e-08       5.181e-13       
  6.04      2.151e-33       1.409e-33       1.050e-33       1.482e-33       1.423e-33       7.753e-34       5.538e-20       1.964e-10       8.250e-09       1.432e-08       9.713e-09       3.289e-13       
  6.14      6.590e-34       4.317e-34       3.217e-34       4.540e-34       4.360e-34       2.376e-34       2.752e-20       1.334e-10       5.793e-09       1.012e-08       6.905e-09       2.095e-13       
  6.24      2.038e-34       1.335e-34       9.949e-35       1.404e-34       1.348e-34       7.346e-35       1.374e-20       9.075e-11       4.073e-09       7.159e-09       4.915e-09       1.338e-13       
  6.34      6.357e-35       4.164e-35       3.103e-35       4.380e-35       4.205e-35       2.292e-35       6.890e-21       6.185e-11       2.867e-09       5.071e-09       3.503e-09       8.572e-14       
  6.44      2.000e-35       1.310e-35       9.763e-36       1.378e-35       1.323e-35       7.209e-36       3.470e-21       4.222e-11       2.020e-09       3.597e-09       2.499e-09       5.507e-14       
  6.54      6.342e-36       4.154e-36       3.096e-36       4.369e-36       4.195e-36       2.286e-36       1.755e-21       2.887e-11       1.425e-09       2.554e-09       1.786e-09       3.548e-14       
  6.64      2.027e-36       1.328e-36       9.895e-37       1.396e-36       1.341e-36       7.306e-37       8.913e-22       1.977e-11       1.007e-09       1.815e-09       1.277e-09       2.292e-14       
  6.74      6.527e-37       4.275e-37       3.186e-37       4.497e-37       4.318e-37       2.353e-37       4.544e-22       1.356e-11       7.119e-10       1.291e-09       9.143e-10       1.485e-14       
  6.84      2.117e-37       1.387e-37       1.033e-37       1.459e-37       1.400e-37       7.631e-38       2.325e-22       9.316e-12       5.040e-10       9.199e-10       6.553e-10       9.639e-15       
  6.94      6.915e-38       4.529e-38       3.376e-38       4.764e-38       4.574e-38       2.493e-38       1.194e-22       6.408e-12       3.571e-10       6.558e-10       4.702e-10       6.274e-15       
  7.04      2.274e-38       1.489e-38       1.110e-38       1.567e-38       1.504e-38       8.197e-39       6.157e-23       4.414e-12       2.533e-10       4.681e-10       3.377e-10       4.093e-15       
  7.14      7.527e-39       4.930e-39       3.675e-39       5.186e-39       4.979e-39       2.713e-39       3.184e-23       3.045e-12       1.798e-10       3.344e-10       2.428e-10       2.677e-15       
  7.24      2.508e-39       1.642e-39       1.224e-39       1.728e-39       1.659e-39       9.039e-40       1.653e-23       2.103e-12       1.278e-10       2.391e-10       1.747e-10       1.754e-15       
  7.34      8.405e-40       5.505e-40       4.103e-40       5.790e-40       5.560e-40       3.030e-40       8.605e-24       1.455e-12       9.093e-11       1.711e-10       1.258e-10       1.152e-15       
  7.44      2.834e-40       1.856e-40       1.384e-40       1.953e-40       1.875e-40       1.022e-40       4.495e-24       1.007e-12       6.474e-11       1.226e-10       9.074e-11       7.584e-16       
  7.54      9.612e-41       6.296e-41       4.692e-41       6.622e-41       6.359e-41       3.465e-41       2.355e-24       6.984e-13       4.614e-11       8.787e-11       6.548e-11       5.002e-16       
  7.64      3.279e-41       2.147e-41       1.600e-41       2.259e-41       2.169e-41       1.182e-41       1.238e-24       4.848e-13       3.291e-11       6.305e-11       4.730e-11       3.306e-16       
  7.74      1.124e-41       7.365e-42       5.489e-42       7.747e-42       7.438e-42       4.053e-42       6.523e-25       3.370e-13       2.350e-11       4.528e-11       3.419e-11       2.190e-16       
  7.84      3.877e-42       2.539e-42       1.893e-42       2.671e-42       2.565e-42       1.398e-42       3.448e-25       2.345e-13       1.679e-11       3.255e-11       2.474e-11       1.453e-16       
  7.94      1.344e-42       8.802e-43       6.560e-43       9.258e-43       8.889e-43       4.844e-43       1.828e-25       1.633e-13       1.201e-11       2.341e-11       1.792e-11       9.658e-17       
  8.00      7.133e-43       4.672e-43       3.482e-43       4.914e-43       4.719e-43       2.571e-43       1.250e-25       1.315e-13       9.823e-12       1.922e-11       1.477e-11       7.566e-17       