* De conditionele overschrijdingskans van de zeewaterstand zonder statistische onzekerheid gegeven de windrichting
* voor een 12-uursperiode te Huibertgat, gelegen op locatie: 
* 221990, 621330
* 
* Het waterstandsbereik waarvoor de overschrijdingskansen zijn gegeven is het hoogwater 1991 tot 8.00 m + NAP
* met een stapgrootte van 0.1 m. De laatste stapgrootte kan afwijken om op 8.00 m uit te komen. Hierbij wordt
* een stapgrootte van mimimaal 6 en maximaal 15 cm gekozen.
* 
* Betreft zichtjaar 1985 (het jaar waarvoor de basispeilen zijn afgeleid); 
* zeespiegelstijging sinds 1985 moet apart in rekening worden gebracht.
*
* Door: G.W.F. Rongen van HKV lijn in water
* Project: PR3280.20.03
*
* m (m+NAP) 30              60              90              120             150             180             210             240             270             300             330             360
  0.94      1.000e+00       1.000e+00       1.000e+00       1.000e+00       1.000e+00       1.000e+00       1.000e+00       1.000e+00       1.000e+00       1.000e+00       1.000e+00       1.000e+00       
  1.04      1.000e+00       1.000e+00       1.000e+00       1.000e+00       1.000e+00       1.000e+00       3.854e-01       4.920e-01       6.986e-01       7.431e-01       6.351e-01       5.133e-01       
  1.14      1.000e+00       1.000e+00       1.000e+00       1.000e+00       1.000e+00       1.000e+00       1.485e-01       2.420e-01       4.880e-01       5.522e-01       4.033e-01       2.634e-01       
  1.24      1.000e+00       1.000e+00       1.000e+00       1.000e+00       1.000e+00       1.000e+00       5.724e-02       1.191e-01       3.409e-01       4.104e-01       2.561e-01       1.352e-01       
  1.34      7.975e-01       5.224e-01       3.893e-01       5.495e-01       5.276e-01       2.875e-01       2.478e-02       8.257e-02       2.546e-01       3.085e-01       1.913e-01       7.494e-02       
  1.44      1.585e-01       1.038e-01       7.736e-02       1.092e-01       1.048e-01       5.712e-02       1.061e-02       5.689e-02       1.888e-01       2.303e-01       1.419e-01       4.148e-02       
  1.54      3.078e-02       2.016e-02       1.503e-02       2.121e-02       2.036e-02       1.110e-02       4.499e-03       3.896e-02       1.391e-01       1.709e-01       1.047e-01       2.293e-02       
  1.64      5.853e-03       3.834e-03       2.857e-03       4.033e-03       3.872e-03       2.110e-03       1.889e-03       2.653e-02       1.019e-01       1.260e-01       7.684e-02       1.266e-02       
  1.74      1.091e-03       7.143e-04       5.323e-04       7.513e-04       7.214e-04       3.931e-04       7.864e-04       1.797e-02       7.417e-02       9.238e-02       5.607e-02       6.985e-03       
  1.84      1.993e-04       1.305e-04       9.727e-05       1.373e-04       1.318e-04       7.182e-05       3.245e-04       1.211e-02       5.369e-02       6.735e-02       4.071e-02       3.849e-03       
  1.94      3.574e-05       2.341e-05       1.745e-05       2.462e-05       2.364e-05       1.288e-05       1.328e-04       8.119e-03       3.865e-02       4.884e-02       2.942e-02       2.119e-03       
  2.04      6.296e-06       4.124e-06       3.074e-06       4.338e-06       4.165e-06       2.270e-06       5.391e-05       5.417e-03       2.767e-02       3.523e-02       2.115e-02       1.165e-03       
  2.14      1.091e-06       7.143e-07       5.324e-07       7.513e-07       7.214e-07       3.931e-07       2.173e-05       3.598e-03       1.971e-02       2.529e-02       1.514e-02       6.403e-04       
  2.24      1.858e-07       1.217e-07       9.070e-08       1.280e-07       1.229e-07       6.697e-08       8.692e-06       2.379e-03       1.398e-02       1.807e-02       1.079e-02       3.515e-04       
  2.34      3.115e-08       2.041e-08       1.521e-08       2.146e-08       2.061e-08       1.123e-08       3.453e-06       1.567e-03       9.860e-03       1.284e-02       7.658e-03       1.928e-04       
  2.44      5.145e-09       3.370e-09       2.511e-09       3.544e-09       3.403e-09       1.854e-09       1.363e-06       1.027e-03       6.923e-03       9.091e-03       5.412e-03       1.057e-04       
  2.54      8.371e-10       5.483e-10       4.086e-10       5.767e-10       5.537e-10       3.017e-10       5.343e-07       6.710e-04       4.840e-03       6.406e-03       3.810e-03       5.790e-05       
  2.64      1.343e-10       8.793e-11       6.554e-11       9.249e-11       8.881e-11       4.839e-11       2.081e-07       4.366e-04       3.368e-03       4.494e-03       2.671e-03       3.169e-05       
  2.74      2.123e-11       1.391e-11       1.037e-11       1.463e-11       1.405e-11       7.654e-12       8.060e-08       2.830e-04       2.334e-03       3.140e-03       1.866e-03       1.734e-05       
  2.84      3.313e-12       2.170e-12       1.618e-12       2.283e-12       2.192e-12       1.194e-12       3.103e-08       1.827e-04       1.611e-03       2.185e-03       1.299e-03       9.477e-06       
  2.94      5.103e-13       3.342e-13       2.491e-13       3.516e-13       3.376e-13       1.839e-13       1.188e-08       1.176e-04       1.107e-03       1.514e-03       9.005e-04       5.177e-06       
  3.04      7.759e-14       5.082e-14       3.788e-14       5.346e-14       5.133e-14       2.797e-14       4.520e-09       7.541e-05       7.580e-04       1.046e-03       6.223e-04       2.826e-06       
  3.14      1.165e-14       7.632e-15       5.688e-15       8.028e-15       7.708e-15       4.200e-15       1.711e-09       4.820e-05       5.169e-04       7.191e-04       4.286e-04       1.542e-06       
  3.24      1.729e-15       1.132e-15       8.440e-16       1.191e-15       1.144e-15       6.232e-16       6.444e-10       3.070e-05       3.512e-04       4.928e-04       2.942e-04       8.410e-07       
  3.34      2.535e-16       1.660e-16       1.237e-16       1.746e-16       1.677e-16       9.137e-17       2.414e-10       1.950e-05       2.377e-04       3.364e-04       2.012e-04       4.583e-07       
  3.44      3.674e-17       2.407e-17       1.794e-17       2.531e-17       2.430e-17       1.324e-17       9.001e-11       1.234e-05       1.603e-04       2.289e-04       1.372e-04       2.497e-07       
  3.54      5.266e-18       3.449e-18       2.571e-18       3.628e-18       3.483e-18       1.898e-18       3.339e-11       7.788e-06       1.077e-04       1.552e-04       9.330e-05       1.359e-07       
  3.64      7.464e-19       4.889e-19       3.644e-19       5.142e-19       4.938e-19       2.691e-19       1.233e-11       4.900e-06       7.212e-05       1.048e-04       6.323e-05       7.396e-08       
  3.74      1.047e-19       6.856e-20       5.110e-20       7.211e-20       6.924e-20       3.773e-20       4.530e-12       3.074e-06       4.813e-05       7.059e-05       4.273e-05       4.022e-08       
  3.84      1.452e-20       9.514e-21       7.091e-21       1.001e-20       9.608e-21       5.236e-21       1.657e-12       1.923e-06       3.201e-05       4.738e-05       2.879e-05       2.186e-08       
  3.94      1.995e-21       1.307e-21       9.738e-22       1.374e-21       1.320e-21       7.191e-22       6.034e-13       1.199e-06       2.122e-05       3.170e-05       1.934e-05       1.188e-08       
  4.04      2.712e-22       1.776e-22       1.324e-22       1.868e-22       1.794e-22       9.776e-23       2.188e-13       7.460e-07       1.402e-05       2.114e-05       1.295e-05       6.452e-09       
  4.14      3.651e-23       2.391e-23       1.782e-23       2.515e-23       2.415e-23       1.316e-23       7.900e-14       4.628e-07       9.234e-06       1.405e-05       8.653e-06       3.502e-09       
  4.24      4.867e-24       3.188e-24       2.376e-24       3.353e-24       3.220e-24       1.755e-24       2.840e-14       2.863e-07       6.062e-06       9.313e-06       5.764e-06       1.900e-09       
  4.34      6.428e-25       4.210e-25       3.138e-25       4.428e-25       4.252e-25       2.317e-25       1.017e-14       1.767e-07       3.968e-06       6.154e-06       3.830e-06       1.031e-09       
  4.44      8.409e-26       5.508e-26       4.105e-26       5.793e-26       5.563e-26       3.031e-26       3.626e-15       1.087e-07       2.589e-06       4.054e-06       2.538e-06       5.587e-10       
  4.54      1.090e-26       7.140e-27       5.321e-27       7.510e-27       7.211e-27       3.929e-27       1.288e-15       6.676e-08       1.685e-06       2.663e-06       1.677e-06       3.028e-10       
  4.64      1.400e-27       9.172e-28       6.836e-28       9.647e-28       9.263e-28       5.047e-28       4.558e-16       4.089e-08       1.093e-06       1.744e-06       1.106e-06       1.640e-10       
  4.74      1.783e-28       1.168e-28       8.704e-29       1.228e-28       1.179e-28       6.427e-29       1.607e-16       2.498e-08       7.069e-07       1.139e-06       7.271e-07       8.881e-11       
  4.84      2.251e-29       1.474e-29       1.099e-29       1.551e-29       1.489e-29       8.112e-30       5.642e-17       1.522e-08       4.559e-07       7.420e-07       4.769e-07       4.807e-11       
  4.94      2.817e-30       1.845e-30       1.375e-30       1.940e-30       1.863e-30       1.015e-30       1.974e-17       9.257e-09       2.932e-07       4.819e-07       3.120e-07       2.601e-11       
  5.04      3.495e-31       2.289e-31       1.706e-31       2.408e-31       2.312e-31       1.260e-31       6.881e-18       5.616e-09       1.881e-07       3.122e-07       2.037e-07       1.407e-11       
  5.14      4.302e-32       2.818e-32       2.100e-32       2.964e-32       2.846e-32       1.551e-32       2.390e-18       3.399e-09       1.203e-07       2.017e-07       1.326e-07       7.606e-12       
  5.24      5.251e-33       3.439e-33       2.563e-33       3.618e-33       3.474e-33       1.893e-33       8.274e-19       2.053e-09       7.673e-08       1.299e-07       8.617e-08       4.111e-12       
  5.34      6.359e-34       4.165e-34       3.104e-34       4.381e-34       4.206e-34       2.292e-34       2.854e-19       1.237e-09       4.882e-08       8.350e-08       5.586e-08       2.221e-12       
  5.44      7.639e-35       5.004e-35       3.729e-35       5.263e-35       5.053e-35       2.754e-35       9.813e-20       7.436e-10       3.097e-08       5.352e-08       3.612e-08       1.199e-12       
  5.54      9.106e-36       5.964e-36       4.445e-36       6.274e-36       6.024e-36       3.282e-36       3.362e-20       4.461e-10       1.960e-08       3.422e-08       2.331e-08       6.476e-13       
  5.64      1.077e-36       7.055e-37       5.258e-37       7.421e-37       7.126e-37       3.883e-37       1.148e-20       2.671e-10       1.237e-08       2.182e-08       1.501e-08       3.495e-13       
  5.74      1.265e-37       8.283e-38       6.173e-38       8.712e-38       8.365e-38       4.558e-38       3.909e-21       1.596e-10       7.791e-09       1.388e-08       9.640e-09       1.886e-13       
  5.84      1.473e-38       9.651e-39       7.193e-39       1.015e-38       9.747e-39       5.311e-39       1.326e-21       9.512e-11       4.894e-09       8.811e-09       6.179e-09       1.017e-13       
  5.94      1.704e-39       1.116e-39       8.320e-40       1.174e-39       1.127e-39       6.143e-40       4.487e-22       5.659e-11       3.066e-09       5.578e-09       3.953e-09       5.484e-14       
  6.04      1.957e-40       1.282e-40       9.553e-41       1.348e-40       1.295e-40       7.054e-41       1.513e-22       3.360e-11       1.916e-09       3.523e-09       2.523e-09       2.956e-14       
  6.14      2.231e-41       1.461e-41       1.089e-41       1.537e-41       1.476e-41       8.042e-42       5.087e-23       1.991e-11       1.195e-09       2.220e-09       1.607e-09       1.593e-14       
  6.24      2.526e-42       1.654e-42       1.233e-42       1.740e-42       1.671e-42       9.104e-43       1.705e-23       1.178e-11       7.431e-10       1.395e-09       1.022e-09       8.582e-15       
  6.34      2.839e-43       1.860e-43       1.386e-43       1.956e-43       1.878e-43       1.023e-43       5.697e-24       6.951e-12       4.611e-10       8.751e-10       6.480e-10       4.622e-15       
  6.44      3.169e-44       2.076e-44       1.547e-44       2.184e-44       2.097e-44       1.142e-44       1.898e-24       4.095e-12       2.855e-10       5.476e-10       4.103e-10       2.488e-15       
  6.54      3.514e-45       2.302e-45       1.716e-45       2.421e-45       2.325e-45       1.267e-45       6.306e-25       2.408e-12       1.763e-10       3.419e-10       2.592e-10       1.339e-15       
  6.64      3.870e-46       2.535e-46       1.889e-46       2.667e-46       2.560e-46       1.395e-46       2.089e-25       1.413e-12       1.086e-10       2.130e-10       1.635e-10       7.206e-16       
  6.74      4.234e-47       2.774e-47       2.067e-47       2.917e-47       2.801e-47       1.526e-47       6.901e-26       8.281e-13       6.680e-11       1.324e-10       1.029e-10       3.876e-16       
  6.84      4.602e-48       3.014e-48       2.247e-48       3.171e-48       3.044e-48       1.659e-48       2.273e-26       4.842e-13       4.098e-11       8.209e-11       6.462e-11       2.085e-16       
  6.94      4.970e-49       3.255e-49       2.426e-49       3.424e-49       3.288e-49       1.791e-49       7.467e-27       2.827e-13       2.508e-11       5.080e-11       4.051e-11       1.121e-16       
  7.04      5.332e-50       3.492e-50       2.603e-50       3.674e-50       3.527e-50       1.922e-50       2.446e-27       1.647e-13       1.532e-11       3.137e-11       2.535e-11       6.024e-17       
  7.14      5.685e-51       3.723e-51       2.775e-51       3.916e-51       3.760e-51       2.049e-51       7.993e-28       9.580e-14       9.336e-12       1.933e-11       1.583e-11       3.237e-17       
  7.24      6.023e-52       3.945e-52       2.940e-52       4.149e-52       3.984e-52       2.171e-52       2.604e-28       5.562e-14       5.677e-12       1.188e-11       9.872e-12       1.739e-17       
  7.34      6.341e-53       4.153e-53       3.096e-53       4.369e-53       4.195e-53       2.286e-53       8.464e-29       3.224e-14       3.445e-12       7.293e-12       6.143e-12       9.339e-18       
  7.44      6.636e-54       4.346e-54       3.239e-54       4.572e-54       4.390e-54       2.392e-54       2.744e-29       1.866e-14       2.086e-12       4.466e-12       3.816e-12       5.015e-18       
  7.54      6.902e-55       4.521e-55       3.369e-55       4.755e-55       4.566e-55       2.488e-55       8.871e-30       1.078e-14       1.261e-12       2.729e-12       2.366e-12       2.692e-18       
  7.64      7.136e-56       4.674e-56       3.483e-56       4.916e-56       4.720e-56       2.572e-56       2.861e-30       6.215e-15       7.601e-13       1.664e-12       1.465e-12       1.445e-18       
  7.74      7.334e-57       4.803e-57       3.580e-57       5.052e-57       4.851e-57       2.643e-57       9.202e-31       3.578e-15       4.574e-13       1.013e-12       9.049e-13       7.751e-19       
  7.84      7.493e-58       4.908e-58       3.658e-58       5.162e-58       4.957e-58       2.701e-58       2.953e-31       2.057e-15       2.747e-13       6.152e-13       5.582e-13       4.158e-19       
  7.94      7.611e-59       4.985e-59       3.715e-59       5.244e-59       5.035e-59       2.743e-59       9.451e-32       1.180e-15       1.646e-13       3.730e-13       3.437e-13       2.230e-19       
  8.00      1.925e-59       1.261e-59       9.395e-60       1.326e-59       1.273e-59       6.937e-60       4.766e-32       8.451e-16       1.210e-13       2.760e-13       2.567e-13       1.534e-19       