* De conditionele overschrijdingskans van de zeewaterstand gegeven de windrichting
* voor een 12-uursperiode te Huibert.sgat, gelegen op locatie: 
* 221990, 621330 
*
* De getallen zijn afkomstig uit het spreadsheet Afleiding_zeewaterstandstatistiek.xls,               
* tabblad OvKans_Zeewaterstand.
* Speadsheet gemaakt door Matthijs Duits van HKV lijn in water op 29 april 2013
*
* De parameters voor de Weibullverdelingen (geldig voor een winterhalfjaar), die de basis vormen van 
* onderstaande conditionele overschrijdingskansen, zijn ontleend aan:
* Hydra-K, versie 3.6.5. Bestand: hbg.e30
*
* Onderstaand is m de zeewaterstand en r de windrichting
*
*m \ r   30            60            90            120           150           180           210           240           270           300           330           360
1.01     1.000E+00     1.000E+00     1.000E+00     1.000E+00     1.000E+00     1.000E+00     1.000E+00     1.000E+00     1.000E+00     1.000E+00     1.000E+00     1.000E+00
1.11     1.000E+00     1.000E+00     1.000E+00     1.000E+00     1.000E+00     1.000E+00     4.234E-01     5.189E-01     6.966E-01     7.348E-01     5.722E-01     4.448E-01
1.21     1.000E+00     1.000E+00     1.000E+00     1.000E+00     1.000E+00     1.000E+00     1.793E-01     2.693E-01     4.852E-01     5.399E-01     3.275E-01     1.979E-01
1.31     1.000E+00     1.000E+00     1.000E+00     1.000E+00     1.000E+00     1.000E+00     7.590E-02     1.397E-01     3.380E-01     3.967E-01     1.874E-01     8.803E-02
1.41     5.216E-01     4.194E-01     4.550E-01     6.026E-01     4.835E-01     3.443E-01     3.276E-02     9.668E-02     2.517E-01     2.974E-01     1.396E-01     4.878E-02
1.51     1.032E-01     8.295E-02     8.998E-02     1.192E-01     9.561E-02     6.810E-02     1.400E-02     6.649E-02     1.863E-01     2.216E-01     1.034E-01     2.699E-02
1.61     1.997E-02     1.605E-02     1.742E-02     2.306E-02     1.851E-02     1.318E-02     5.922E-03     4.546E-02     1.370E-01     1.641E-01     7.613E-02     1.492E-02
1.71     3.786E-03     3.044E-03     3.302E-03     4.373E-03     3.509E-03     2.499E-03     2.483E-03     3.092E-02     1.001E-01     1.208E-01     5.576E-02     8.238E-03
1.81     7.039E-04     5.659E-04     6.139E-04     8.131E-04     6.524E-04     4.646E-04     1.032E-03     2.091E-02     7.276E-02     8.841E-02     4.063E-02     4.544E-03
1.91     1.284E-04     1.033E-04     1.120E-04     1.484E-04     1.190E-04     8.479E-05     4.254E-04     1.408E-02     5.259E-02     6.436E-02     2.946E-02     2.504E-03
2.01     2.302E-05     1.851E-05     2.008E-05     2.659E-05     2.134E-05     1.520E-05     1.740E-04     9.430E-03     3.781E-02     4.662E-02     2.126E-02     1.378E-03
2.11     4.056E-06     3.262E-06     3.538E-06     4.686E-06     3.760E-06     2.678E-06     7.062E-05     6.288E-03     2.705E-02     3.360E-02     1.528E-02     7.580E-04
2.21     7.030E-07     5.652E-07     6.132E-07     8.120E-07     6.515E-07     4.641E-07     2.845E-05     4.174E-03     1.925E-02     2.409E-02     1.093E-02     4.165E-04
2.31     1.199E-07     9.640E-08     1.046E-07     1.385E-07     1.111E-07     7.915E-08     1.138E-05     2.759E-03     1.363E-02     1.720E-02     7.781E-03     2.287E-04
2.41     2.014E-08     1.619E-08     1.756E-08     2.326E-08     1.866E-08     1.329E-08     4.524E-06     1.816E-03     9.613E-03     1.222E-02     5.518E-03     1.255E-04
2.51     3.332E-09     2.679E-09     2.906E-09     3.849E-09     3.088E-09     2.200E-09     1.786E-06     1.191E-03     6.747E-03     8.645E-03     3.898E-03     6.880E-05
2.61     5.435E-10     4.370E-10     4.741E-10     6.278E-10     5.038E-10     3.588E-10     7.008E-07     7.778E-04     4.715E-03     6.090E-03     2.743E-03     3.769E-05
2.71     8.743E-11     7.029E-11     7.626E-11     1.010E-10     8.103E-11     5.771E-11     2.732E-07     5.060E-04     3.280E-03     4.272E-03     1.923E-03     2.064E-05
2.81     1.387E-11     1.115E-11     1.210E-11     1.603E-11     1.286E-11     9.158E-12     1.059E-07     3.281E-04     2.273E-03     2.984E-03     1.343E-03     1.129E-05
2.91     2.173E-12     1.747E-12     1.895E-12     2.510E-12     2.014E-12     1.434E-12     4.082E-08     2.119E-04     1.568E-03     2.076E-03     9.344E-04     6.173E-06
3.01     3.360E-13     2.701E-13     2.930E-13     3.881E-13     3.114E-13     2.218E-13     1.565E-08     1.364E-04     1.078E-03     1.439E-03     6.480E-04     3.373E-06
3.11     5.131E-14     4.125E-14     4.475E-14     5.927E-14     4.755E-14     3.387E-14     5.964E-09     8.751E-05     7.381E-04     9.938E-04     4.478E-04     1.842E-06
3.21     7.741E-15     6.224E-15     6.752E-15     8.941E-15     7.174E-15     5.110E-15     2.261E-09     5.596E-05     5.034E-04     6.837E-04     3.084E-04     1.005E-06
3.31     1.154E-15     9.280E-16     1.007E-15     1.333E-15     1.070E-15     7.619E-16     8.530E-10     3.567E-05     3.421E-04     4.686E-04     2.117E-04     5.483E-07
3.41     1.701E-16     1.368E-16     1.484E-16     1.965E-16     1.577E-16     1.123E-16     3.202E-10     2.266E-05     2.316E-04     3.201E-04     1.449E-04     2.989E-07
3.51     2.479E-17     1.993E-17     2.162E-17     2.864E-17     2.298E-17     1.636E-17     1.196E-10     1.436E-05     1.563E-04     2.179E-04     9.885E-05     1.629E-07
3.61     3.573E-18     2.873E-18     3.117E-18     4.128E-18     3.312E-18     2.359E-18     4.445E-11     9.066E-06     1.051E-04     1.478E-04     6.723E-05     8.870E-08
3.71     5.095E-19     4.097E-19     4.444E-19     5.886E-19     4.723E-19     3.364E-19     1.645E-11     5.709E-06     7.040E-05     9.991E-05     4.559E-05     4.828E-08
3.81     7.190E-20     5.781E-20     6.271E-20     8.305E-20     6.664E-20     4.746E-20     6.058E-12     3.584E-06     4.701E-05     6.732E-05     3.082E-05     2.627E-08
3.91     1.004E-20     8.074E-21     8.758E-21     1.160E-20     9.307E-21     6.629E-21     2.221E-12     2.244E-06     3.129E-05     4.522E-05     2.078E-05     1.428E-08
4.01     1.388E-21     1.116E-21     1.211E-21     1.604E-21     1.287E-21     9.164E-22     8.108E-13     1.401E-06     2.076E-05     3.027E-05     1.397E-05     7.763E-09
4.11     1.900E-22     1.528E-22     1.658E-22     2.195E-22     1.761E-22     1.255E-22     2.947E-13     8.725E-07     1.373E-05     2.021E-05     9.363E-06     4.218E-09
4.21     2.577E-23     2.072E-23     2.247E-23     2.976E-23     2.388E-23     1.701E-23     1.067E-13     5.419E-07     9.049E-06     1.345E-05     6.259E-06     2.290E-09
4.31     3.460E-24     2.782E-24     3.018E-24     3.997E-24     3.207E-24     2.284E-24     3.846E-14     3.356E-07     5.947E-06     8.921E-06     4.173E-06     1.243E-09
4.41     4.603E-25     3.701E-25     4.015E-25     5.317E-25     4.266E-25     3.039E-25     1.381E-14     2.074E-07     3.897E-06     5.901E-06     2.775E-06     6.745E-10
4.51     6.068E-26     4.879E-26     5.293E-26     7.009E-26     5.624E-26     4.006E-26     4.939E-15     1.278E-07     2.546E-06     3.892E-06     1.841E-06     3.658E-10
4.61     7.928E-27     6.374E-27     6.915E-27     9.157E-27     7.348E-27     5.233E-27     1.759E-15     7.857E-08     1.658E-06     2.559E-06     1.218E-06     1.983E-10
4.71     1.027E-27     8.254E-28     8.954E-28     1.186E-27     9.514E-28     6.777E-28     6.244E-16     4.818E-08     1.077E-06     1.678E-06     8.035E-07     1.075E-10
4.81     1.318E-28     1.060E-28     1.149E-28     1.522E-28     1.221E-28     8.699E-29     2.207E-16     2.948E-08     6.975E-07     1.098E-06     5.289E-07     5.822E-11
4.91     1.677E-29     1.349E-29     1.463E-29     1.937E-29     1.555E-29     1.107E-29     7.776E-17     1.799E-08     4.504E-07     7.158E-07     3.473E-07     3.152E-11
5.01     2.117E-30     1.702E-30     1.846E-30     2.445E-30     1.962E-30     1.397E-30     2.729E-17     1.096E-08     2.901E-07     4.656E-07     2.275E-07     1.706E-11
5.11     2.650E-31     2.131E-31     2.311E-31     3.061E-31     2.456E-31     1.749E-31     9.545E-18     6.656E-09     1.863E-07     3.020E-07     1.487E-07     9.233E-12
5.21     3.290E-32     2.645E-32     2.870E-32     3.800E-32     3.049E-32     2.172E-32     3.327E-18     4.035E-09     1.193E-07     1.954E-07     9.694E-08     4.994E-12
5.31     4.052E-33     3.258E-33     3.534E-33     4.680E-33     3.755E-33     2.675E-33     1.155E-18     2.441E-09     7.624E-08     1.261E-07     6.306E-08     2.700E-12
5.41     4.951E-34     3.981E-34     4.318E-34     5.719E-34     4.589E-34     3.268E-34     3.999E-19     1.473E-09     4.858E-08     8.115E-08     4.093E-08     1.460E-12
5.51     6.003E-35     4.827E-35     5.236E-35     6.934E-35     5.564E-35     3.963E-35     1.380E-19     8.871E-10     3.087E-08     5.210E-08     2.650E-08     7.886E-13
5.61     7.223E-36     5.807E-36     6.300E-36     8.343E-36     6.694E-36     4.768E-36     4.744E-20     5.331E-10     1.957E-08     3.336E-08     1.712E-08     4.260E-13
5.71     8.625E-37     6.935E-37     7.523E-37     9.963E-37     7.994E-37     5.693E-37     1.626E-20     3.197E-10     1.237E-08     2.131E-08     1.104E-08     2.300E-13
5.81     1.022E-37     8.219E-38     8.916E-38     1.181E-37     9.474E-38     6.748E-38     5.555E-21     1.913E-10     7.805E-09     1.358E-08     7.103E-09     1.242E-13
5.91     1.203E-38     9.670E-39     1.049E-38     1.389E-38     1.115E-38     7.940E-39     1.892E-21     1.143E-10     4.910E-09     8.634E-09     4.560E-09     6.700E-14
6.01     1.405E-39     1.130E-39     1.225E-39     1.623E-39     1.302E-39     9.274E-40     6.424E-22     6.811E-11     3.082E-09     5.476E-09     2.921E-09     3.614E-14
6.11     1.629E-40     1.310E-40     1.421E-40     1.882E-40     1.510E-40     1.076E-40     2.174E-22     4.052E-11     1.930E-09     3.465E-09     1.867E-09     1.949E-14
6.21     1.876E-41     1.509E-41     1.636E-41     2.167E-41     1.739E-41     1.239E-41     7.338E-23     2.406E-11     1.205E-09     2.187E-09     1.191E-09     1.051E-14
6.31     2.146E-42     1.725E-42     1.871E-42     2.478E-42     1.989E-42     1.416E-42     2.469E-23     1.425E-11     7.512E-10     1.377E-09     7.585E-10     5.664E-15
6.41     2.437E-43     1.959E-43     2.125E-43     2.815E-43     2.258E-43     1.609E-43     8.283E-24     8.430E-12     4.670E-10     8.656E-10     4.819E-10     3.052E-15
6.51     2.749E-44     2.210E-44     2.397E-44     3.175E-44     2.548E-44     1.814E-44     2.771E-24     4.977E-12     2.897E-10     5.427E-10     3.056E-10     1.644E-15