# DREAM mantle
#         scipp ess.dream package 25.2.1 
#         created on 202505191354
#         sample Si
#         raw files data_dream_si_nist_ncrystal.csv data_dream_vana_pwdn_inc0_9_march2025_bc240.csv
#         metadata twotheta(deg) 90.20761742567521 Ltotal(m) 77.89463864316113 dtt1 (s/km) 278963884037.62866
#         tof µs                 Y counts                 E counts                
3.487048550470358776e+01 0.000000000000000000e+00 0.000000000000000000e+00
1.046114565141107562e+02 0.000000000000000000e+00 0.000000000000000000e+00
1.743524275235179175e+02 0.000000000000000000e+00 0.000000000000000000e+00
2.440933985329251072e+02 0.000000000000000000e+00 0.000000000000000000e+00
3.138343695423322970e+02 0.000000000000000000e+00 0.000000000000000000e+00
3.835753405517394867e+02 0.000000000000000000e+00 0.000000000000000000e+00
4.533163115611466196e+02 0.000000000000000000e+00 0.000000000000000000e+00
5.230572825705537525e+02 0.000000000000000000e+00 0.000000000000000000e+00
5.927982535799609423e+02 0.000000000000000000e+00 0.000000000000000000e+00
6.625392245893681320e+02 0.000000000000000000e+00 0.000000000000000000e+00
7.322801955987753217e+02 0.000000000000000000e+00 0.000000000000000000e+00
8.020211666081825115e+02 0.000000000000000000e+00 0.000000000000000000e+00
8.717621376175895875e+02 0.000000000000000000e+00 0.000000000000000000e+00
9.415031086269967773e+02 0.000000000000000000e+00 0.000000000000000000e+00
1.011244079636403967e+03 0.000000000000000000e+00 0.000000000000000000e+00
1.080985050645811043e+03 0.000000000000000000e+00 0.000000000000000000e+00
1.150726021655218346e+03 0.000000000000000000e+00 0.000000000000000000e+00
1.220466992664625423e+03 0.000000000000000000e+00 0.000000000000000000e+00
1.290207963674032726e+03 0.000000000000000000e+00 0.000000000000000000e+00
1.359948934683439802e+03 0.000000000000000000e+00 0.000000000000000000e+00
1.429689905692846878e+03 0.000000000000000000e+00 0.000000000000000000e+00
1.499430876702253954e+03 0.000000000000000000e+00 0.000000000000000000e+00
1.569171847711661485e+03 0.000000000000000000e+00 0.000000000000000000e+00
1.638912818721068561e+03 0.000000000000000000e+00 0.000000000000000000e+00
1.708653789730475637e+03 0.000000000000000000e+00 0.000000000000000000e+00
1.778394760739882713e+03 0.000000000000000000e+00 0.000000000000000000e+00
1.848135731749290017e+03 0.000000000000000000e+00 0.000000000000000000e+00
1.917876702758697320e+03 0.000000000000000000e+00 0.000000000000000000e+00
1.987617673768104396e+03 0.000000000000000000e+00 0.000000000000000000e+00
2.057358644777511472e+03 0.000000000000000000e+00 0.000000000000000000e+00
2.127099615786918548e+03 0.000000000000000000e+00 0.000000000000000000e+00
2.196840586796326079e+03 0.000000000000000000e+00 0.000000000000000000e+00
2.266581557805733155e+03 0.000000000000000000e+00 0.000000000000000000e+00
2.336322528815140231e+03 0.000000000000000000e+00 0.000000000000000000e+00
2.406063499824547762e+03 0.000000000000000000e+00 0.000000000000000000e+00
2.475804470833954838e+03 0.000000000000000000e+00 0.000000000000000000e+00
2.545545441843361914e+03 0.000000000000000000e+00 0.000000000000000000e+00
2.615286412852768990e+03 0.000000000000000000e+00 0.000000000000000000e+00
2.685027383862176066e+03 0.000000000000000000e+00 0.000000000000000000e+00
2.754768354871583597e+03 0.000000000000000000e+00 0.000000000000000000e+00
2.824509325880990673e+03 0.000000000000000000e+00 0.000000000000000000e+00
2.894250296890397294e+03 0.000000000000000000e+00 0.000000000000000000e+00
2.963991267899804370e+03 0.000000000000000000e+00 0.000000000000000000e+00
3.033732238909211901e+03 0.000000000000000000e+00 0.000000000000000000e+00
3.103473209918619432e+03 0.000000000000000000e+00 0.000000000000000000e+00
3.173214180928026508e+03 0.000000000000000000e+00 0.000000000000000000e+00
3.242955151937433584e+03 0.000000000000000000e+00 0.000000000000000000e+00
3.312696122946840660e+03 0.000000000000000000e+00 0.000000000000000000e+00
3.382437093956247736e+03 0.000000000000000000e+00 0.000000000000000000e+00
3.452178064965655267e+03 0.000000000000000000e+00 0.000000000000000000e+00
3.521919035975061888e+03 0.000000000000000000e+00 0.000000000000000000e+00
3.591660006984468964e+03 0.000000000000000000e+00 0.000000000000000000e+00
3.661400977993876495e+03 0.000000000000000000e+00 0.000000000000000000e+00
3.731141949003284026e+03 0.000000000000000000e+00 0.000000000000000000e+00
3.800882920012691102e+03 0.000000000000000000e+00 0.000000000000000000e+00
3.870623891022098178e+03 0.000000000000000000e+00 0.000000000000000000e+00
3.940364862031505254e+03 0.000000000000000000e+00 0.000000000000000000e+00
4.010105833040912330e+03 0.000000000000000000e+00 0.000000000000000000e+00
4.079846804050319406e+03 0.000000000000000000e+00 0.000000000000000000e+00
4.149587775059726482e+03 0.000000000000000000e+00 0.000000000000000000e+00
4.219328746069133558e+03 0.000000000000000000e+00 0.000000000000000000e+00
4.289069717078541544e+03 0.000000000000000000e+00 0.000000000000000000e+00
4.358810688087948620e+03 0.000000000000000000e+00 0.000000000000000000e+00
4.428551659097355696e+03 0.000000000000000000e+00 0.000000000000000000e+00
4.498292630106762772e+03 0.000000000000000000e+00 0.000000000000000000e+00
4.568033601116169848e+03 0.000000000000000000e+00 0.000000000000000000e+00
4.637774572125576924e+03 0.000000000000000000e+00 0.000000000000000000e+00
4.707515543134984000e+03 0.000000000000000000e+00 0.000000000000000000e+00
4.777256514144391986e+03 0.000000000000000000e+00 0.000000000000000000e+00
4.846997485153799062e+03 0.000000000000000000e+00 0.000000000000000000e+00
4.916738456163206138e+03 0.000000000000000000e+00 0.000000000000000000e+00
4.986479427172612304e+03 0.000000000000000000e+00 0.000000000000000000e+00
5.056220398182020290e+03 0.000000000000000000e+00 0.000000000000000000e+00
5.125961369191427366e+03 0.000000000000000000e+00 0.000000000000000000e+00
5.195702340200834442e+03 0.000000000000000000e+00 0.000000000000000000e+00
5.265443311210241518e+03 0.000000000000000000e+00 0.000000000000000000e+00
5.335184282219648594e+03 0.000000000000000000e+00 0.000000000000000000e+00
5.404925253229055670e+03 0.000000000000000000e+00 0.000000000000000000e+00
5.474666224238463656e+03 0.000000000000000000e+00 0.000000000000000000e+00
5.544407195247870732e+03 0.000000000000000000e+00 0.000000000000000000e+00
5.614148166257277808e+03 0.000000000000000000e+00 0.000000000000000000e+00
5.683889137266684884e+03 0.000000000000000000e+00 0.000000000000000000e+00
5.753630108276091960e+03 0.000000000000000000e+00 0.000000000000000000e+00
5.823371079285498126e+03 0.000000000000000000e+00 0.000000000000000000e+00
5.893112050294905202e+03 0.000000000000000000e+00 0.000000000000000000e+00
5.962853021304312279e+03 0.000000000000000000e+00 0.000000000000000000e+00
6.032593992313720264e+03 0.000000000000000000e+00 0.000000000000000000e+00
6.102334963323127340e+03 0.000000000000000000e+00 0.000000000000000000e+00
6.172075934332534416e+03 0.000000000000000000e+00 0.000000000000000000e+00
6.241816905341942402e+03 0.000000000000000000e+00 0.000000000000000000e+00
6.311557876351349478e+03 0.000000000000000000e+00 0.000000000000000000e+00
6.381298847360756554e+03 0.000000000000000000e+00 0.000000000000000000e+00
6.451039818370163630e+03 0.000000000000000000e+00 0.000000000000000000e+00
6.520780789379570706e+03 0.000000000000000000e+00 0.000000000000000000e+00
6.590521760388978691e+03 0.000000000000000000e+00 0.000000000000000000e+00
6.660262731398384858e+03 0.000000000000000000e+00 0.000000000000000000e+00
6.730003702407791934e+03 0.000000000000000000e+00 0.000000000000000000e+00
6.799744673417199010e+03 0.000000000000000000e+00 0.000000000000000000e+00
6.869485644426606996e+03 0.000000000000000000e+00 0.000000000000000000e+00
6.939226615436014072e+03 0.000000000000000000e+00 0.000000000000000000e+00
7.008967586445420238e+03 0.000000000000000000e+00 0.000000000000000000e+00
7.078708557454827314e+03 0.000000000000000000e+00 0.000000000000000000e+00
7.148449528464234390e+03 0.000000000000000000e+00 0.000000000000000000e+00
7.218190499473641466e+03 0.000000000000000000e+00 0.000000000000000000e+00
7.287931470483049452e+03 0.000000000000000000e+00 0.000000000000000000e+00
7.357672441492457438e+03 0.000000000000000000e+00 0.000000000000000000e+00
7.427413412501864514e+03 0.000000000000000000e+00 0.000000000000000000e+00
7.497154383511271590e+03 0.000000000000000000e+00 0.000000000000000000e+00
7.566895354520678666e+03 0.000000000000000000e+00 0.000000000000000000e+00
7.636636325530085742e+03 0.000000000000000000e+00 0.000000000000000000e+00
7.706377296539492818e+03 0.000000000000000000e+00 0.000000000000000000e+00
7.776118267548899894e+03 0.000000000000000000e+00 0.000000000000000000e+00
7.845859238558306970e+03 0.000000000000000000e+00 0.000000000000000000e+00
7.915600209567714955e+03 0.000000000000000000e+00 0.000000000000000000e+00
7.985341180577122032e+03 0.000000000000000000e+00 0.000000000000000000e+00
8.055082151586528198e+03 0.000000000000000000e+00 0.000000000000000000e+00
8.124823122595935274e+03 0.000000000000000000e+00 0.000000000000000000e+00
8.194564093605342350e+03 0.000000000000000000e+00 0.000000000000000000e+00
8.264305064614749426e+03 0.000000000000000000e+00 0.000000000000000000e+00
8.334046035624156502e+03 0.000000000000000000e+00 0.000000000000000000e+00
8.403787006633563578e+03 0.000000000000000000e+00 0.000000000000000000e+00
8.473527977642972473e+03 0.000000000000000000e+00 0.000000000000000000e+00
8.543268948652379549e+03 0.000000000000000000e+00 0.000000000000000000e+00
8.613009919661786626e+03 0.000000000000000000e+00 0.000000000000000000e+00
8.682750890671193702e+03 0.000000000000000000e+00 0.000000000000000000e+00
8.752491861680600778e+03 0.000000000000000000e+00 0.000000000000000000e+00
8.822232832690007854e+03 0.000000000000000000e+00 0.000000000000000000e+00
8.891973803699414930e+03 0.000000000000000000e+00 0.000000000000000000e+00
8.961714774708822006e+03 0.000000000000000000e+00 0.000000000000000000e+00
9.031455745718229082e+03 0.000000000000000000e+00 0.000000000000000000e+00
9.101196716727636158e+03 0.000000000000000000e+00 0.000000000000000000e+00
9.170937687737043234e+03 0.000000000000000000e+00 0.000000000000000000e+00
9.240678658746450310e+03 0.000000000000000000e+00 0.000000000000000000e+00
9.310419629755857386e+03 0.000000000000000000e+00 0.000000000000000000e+00
9.380160600765264462e+03 0.000000000000000000e+00 0.000000000000000000e+00
9.449901571774671538e+03 0.000000000000000000e+00 0.000000000000000000e+00
9.519642542784078614e+03 0.000000000000000000e+00 0.000000000000000000e+00
9.589383513793487509e+03 0.000000000000000000e+00 0.000000000000000000e+00
9.659124484802894585e+03 0.000000000000000000e+00 0.000000000000000000e+00
9.728865455812301661e+03 0.000000000000000000e+00 0.000000000000000000e+00
9.798606426821708737e+03 0.000000000000000000e+00 0.000000000000000000e+00
9.868347397831113994e+03 0.000000000000000000e+00 0.000000000000000000e+00
9.938088368840521071e+03 0.000000000000000000e+00 0.000000000000000000e+00
1.000782933984992815e+04 0.000000000000000000e+00 0.000000000000000000e+00
1.007757031085933522e+04 0.000000000000000000e+00 0.000000000000000000e+00
1.014731128186874412e+04 0.000000000000000000e+00 0.000000000000000000e+00
1.021705225287815119e+04 0.000000000000000000e+00 0.000000000000000000e+00
1.028679322388755827e+04 0.000000000000000000e+00 0.000000000000000000e+00
1.035653419489696535e+04 0.000000000000000000e+00 0.000000000000000000e+00
1.042627516590637242e+04 0.000000000000000000e+00 0.000000000000000000e+00
1.049601613691577950e+04 0.000000000000000000e+00 0.000000000000000000e+00
1.056575710792518657e+04 0.000000000000000000e+00 0.000000000000000000e+00
1.063549807893459365e+04 0.000000000000000000e+00 0.000000000000000000e+00
1.070523904994400073e+04 0.000000000000000000e+00 0.000000000000000000e+00
1.077498002095340780e+04 0.000000000000000000e+00 0.000000000000000000e+00
1.084472099196281670e+04 0.000000000000000000e+00 0.000000000000000000e+00
1.091446196297222377e+04 0.000000000000000000e+00 0.000000000000000000e+00
1.098420293398163085e+04 0.000000000000000000e+00 0.000000000000000000e+00
1.105394390499103793e+04 0.000000000000000000e+00 0.000000000000000000e+00
1.112368487600044500e+04 0.000000000000000000e+00 0.000000000000000000e+00
1.119342584700985208e+04 0.000000000000000000e+00 0.000000000000000000e+00
1.126316681801925915e+04 0.000000000000000000e+00 0.000000000000000000e+00
1.133290778902866623e+04 0.000000000000000000e+00 0.000000000000000000e+00
1.140264876003807331e+04 0.000000000000000000e+00 0.000000000000000000e+00
1.147238973104748038e+04 0.000000000000000000e+00 0.000000000000000000e+00
1.154213070205688746e+04 0.000000000000000000e+00 0.000000000000000000e+00
1.161187167306629271e+04 0.000000000000000000e+00 0.000000000000000000e+00
1.168161264407569979e+04 0.000000000000000000e+00 0.000000000000000000e+00
1.175135361508510687e+04 0.000000000000000000e+00 0.000000000000000000e+00
1.182109458609451394e+04 0.000000000000000000e+00 0.000000000000000000e+00
1.189083555710392102e+04 0.000000000000000000e+00 0.000000000000000000e+00
1.196057652811332991e+04 0.000000000000000000e+00 0.000000000000000000e+00
1.203031749912273699e+04 0.000000000000000000e+00 0.000000000000000000e+00
1.210005847013214407e+04 0.000000000000000000e+00 0.000000000000000000e+00
1.216979944114155114e+04 0.000000000000000000e+00 0.000000000000000000e+00
1.223954041215095822e+04 0.000000000000000000e+00 0.000000000000000000e+00
1.230928138316036529e+04 0.000000000000000000e+00 0.000000000000000000e+00
1.237902235416977237e+04 0.000000000000000000e+00 0.000000000000000000e+00
1.244876332517917945e+04 0.000000000000000000e+00 0.000000000000000000e+00
1.251850429618858834e+04 0.000000000000000000e+00 0.000000000000000000e+00
1.258824526719799542e+04 0.000000000000000000e+00 0.000000000000000000e+00
1.265798623820740249e+04 0.000000000000000000e+00 0.000000000000000000e+00
1.272772720921680957e+04 0.000000000000000000e+00 0.000000000000000000e+00
1.279746818022621665e+04 0.000000000000000000e+00 0.000000000000000000e+00
1.286720915123562372e+04 0.000000000000000000e+00 0.000000000000000000e+00
1.293695012224503080e+04 0.000000000000000000e+00 0.000000000000000000e+00
1.300669109325443787e+04 0.000000000000000000e+00 0.000000000000000000e+00
1.307643206426384495e+04 0.000000000000000000e+00 0.000000000000000000e+00
1.314617303527325384e+04 0.000000000000000000e+00 0.000000000000000000e+00
1.321591400628266092e+04 0.000000000000000000e+00 0.000000000000000000e+00
1.328565497729206800e+04 0.000000000000000000e+00 0.000000000000000000e+00
1.335539594830147325e+04 0.000000000000000000e+00 0.000000000000000000e+00
1.342513691931088033e+04 0.000000000000000000e+00 0.000000000000000000e+00
1.349487789032028741e+04 0.000000000000000000e+00 0.000000000000000000e+00
1.356461886132969448e+04 0.000000000000000000e+00 0.000000000000000000e+00
1.363435983233910156e+04 0.000000000000000000e+00 0.000000000000000000e+00
1.370410080334851045e+04 0.000000000000000000e+00 0.000000000000000000e+00
1.377384177435791753e+04 0.000000000000000000e+00 0.000000000000000000e+00
1.384358274536732279e+04 7.547358945787856488e-01 8.687553709639933563e-01
1.391332371637672986e+04 1.060723628097483440e+00 1.029914379012878634e+00
1.398306468738613876e+04 1.906474094954999643e+00 1.380751279179200930e+00
1.405280565839554401e+04 7.041254708327346901e-01 8.391218450456016109e-01
1.412254662940495109e+04 2.128324240880815066e-01 4.613376465107540958e-01
1.419228760041435817e+04 5.168449335455093108e-01 7.189192816620717519e-01
1.426202857142376524e+04 1.240509229647225542e+00 1.113781499957341437e+00
1.433176954243317232e+04 1.030201134383277983e+00 1.014988243470473783e+00
1.440151051344257939e+04 1.098971404854890421e+00 1.048318369988282983e+00
1.447125148445198647e+04 2.309131219179189343e-01 4.805342047325236177e-01
1.454099245546139355e+04 1.713632146295937242e-01 4.139604022483234225e-01
1.461073342647080426e+04 1.196048772788023407e-01 3.458393807518200247e-01
1.468047439748021134e+04 9.676061130652683362e-01 9.836697174688607825e-01
1.475021536848961841e+04 2.961457853442479138e+00 1.720888681304656442e+00
1.481995633949902549e+04 3.238104832315753079e+00 1.799473487527880389e+00
1.488969731050843257e+04 2.463005274084355101e+00 1.569396468099872877e+00
1.495943828151783964e+04 3.253976243508283073e+00 1.803878112154001068e+00
1.502917925252724672e+04 3.682637775871280716e+00 1.919020004031036786e+00
1.509892022353665379e+04 2.631624117606765179e+00 1.622228133650370774e+00
1.516866119454606087e+04 1.435884618161199944e+00 1.198284030671025846e+00
1.523840216555546795e+04 7.542699803773024181e-01 8.684871791669134256e-01
1.530814313656487502e+04 4.474623656916491221e+00 2.115330625910874396e+00
1.537788410757428210e+04 4.684677816052114530e+00 2.164411655866811834e+00
1.544762507858368917e+04 3.744211412899202340e+00 1.934996489118055774e+00
1.551736604959309625e+04 2.998448171634318982e+00 1.731602775359960766e+00
1.558710702060250333e+04 2.917353067441526893e+00 1.708026073407993062e+00
1.565684799161191040e+04 2.167861179533338678e+00 1.472365844324480033e+00
1.572658896262131930e+04 1.122620711011688366e+00 1.059537970537955065e+00
1.579632993363072637e+04 8.285599138121729768e-01 9.102526648201437753e-01
1.586607090464013345e+04 5.058535240432445734e-01 7.112338040639269998e-01
1.593581187564954053e+04 1.119106431573948068e+00 1.057878268788024601e+00
1.600555284665894760e+04 2.499050838186298584e+00 1.580838650269627887e+00
1.607529381766835468e+04 2.034483554007855854e+00 1.426353236056151719e+00
1.614503478867775993e+04 1.669914765358645914e+00 1.292251819638357446e+00
1.621477575968716701e+04 1.852675242462073379e+00 1.361130134286238302e+00
1.628451673069657409e+04 2.063569248675749090e+00 1.436512878005536287e+00
1.635425770170598116e+04 2.052799333217463218e+00 1.432759342394061441e+00
1.642399867271538824e+04 9.577602495182391262e-01 9.786522617959042547e-01
1.649373964372479531e+04 8.436989247639674616e-01 9.185308512858821883e-01
1.656348061473420239e+04 5.340335810553444862e-01 7.307760129173264119e-01
1.663322158574360947e+04 1.117530529692109198e+00 1.057133165543541642e+00
1.670296255675301654e+04 3.042936153297458368e+00 1.744401373909530761e+00
1.677270352776242362e+04 5.085169316758160640e+00 2.255031999054151193e+00
1.684244449877183069e+04 3.958499726375422689e+00 1.989597880571705613e+00
1.691218546978124141e+04 2.574656317628002178e+00 1.604573562548006871e+00
1.698192644079064848e+04 2.492544707133725446e+00 1.578779499212516813e+00
1.705166741180005556e+04 2.888692891504580640e+00 1.699615512845355392e+00
1.712140838280946264e+04 2.290919414632621720e+00 1.513578347702100757e+00
1.719114935381886971e+04 2.027031555841815269e+00 1.423738584095344040e+00
1.726089032482827679e+04 1.365791248765116928e+00 1.168670718707847556e+00
1.733063129583768387e+04 6.431634279079432304e-01 8.019747052793767539e-01
1.740037226684709094e+04 4.571583994353686231e-01 6.761348973654359718e-01
1.747011323785649802e+04 8.332448559934796384e-01 9.128224668540315667e-01
1.753985420886590509e+04 2.887530888973040000e+00 1.699273635696452400e+00
1.760959517987531217e+04 4.338580016357048486e+00 2.082925830738350914e+00
1.767933615088471925e+04 4.348872462566139241e+00 2.085395037532730811e+00
1.774907712189412632e+04 3.461230529652674637e+00 1.860438262789892994e+00
1.781881809290353340e+04 2.322282416601380017e+00 1.523903676943323182e+00
1.788855906391293684e+04 3.761413536091042342e+00 1.939436396505707094e+00
1.795830003492234391e+04 4.906360254876078741e+00 2.215030531364314825e+00
1.802804100593175463e+04 4.376543354447536949e+00 2.092018966082175968e+00
1.809778197694116170e+04 3.528371467235985826e+00 1.878395982543613174e+00
1.816752294795056878e+04 2.617339277708861101e+00 1.617819296988653566e+00
1.823726391895997585e+04 1.455020366891157657e+00 1.206242250499939050e+00
1.830700488996938293e+04 6.721169004661879942e-01 8.198273601595570392e-01
1.837674586097879001e+04 4.618574310404636174e-01 6.796009351380143393e-01
1.844648683198819708e+04 3.683985982678895099e-01 6.069584815025567126e-01
1.851622780299760416e+04 1.131649254904725899e+00 1.063790042679816583e+00
1.858596877400701123e+04 2.162970536786022357e+00 1.470704095590279703e+00
1.865570974501641831e+04 3.110738594025167281e+00 1.763728605547113970e+00
1.872545071602582539e+04 2.438020920833581684e+00 1.561416318870012754e+00
1.879519168703523246e+04 1.849619642449020995e+00 1.360007221469438088e+00
1.886493265804463954e+04 1.373648074379875350e+00 1.172027335167518780e+00
1.893467362905404661e+04 1.663351758049281814e+00 1.289709951132145704e+00
1.900441460006345369e+04 2.496653938291220065e+00 1.580080358175248056e+00
1.907415557107286077e+04 2.865114588679614549e+00 1.692664936920362351e+00
1.914389654208226784e+04 2.549529056373755154e+00 1.596724477288976374e+00
1.921363751309167856e+04 1.837008957745601245e+00 1.355363035406234262e+00
1.928337848410108563e+04 1.421097477024081179e+00 1.192097930970472452e+00
1.935311945511049271e+04 7.398625012276481838e-01 8.601526034533919507e-01
1.942286042611989978e+04 5.530928230492854203e-01 7.437021063902437001e-01
1.949260139712930686e+04 3.908027867370338360e-01 6.251422132099494489e-01
1.956234236813871394e+04 2.610394102004038874e-01 5.109201602994384306e-01
1.963208333914812101e+04 4.238405488933129073e-01 6.510303747854725431e-01
1.970182431015752809e+04 1.740596559082406181e+00 1.319316701585485863e+00
1.977156528116693516e+04 4.238104856717420432e+00 2.058665795294957856e+00
1.984130625217634224e+04 5.644864020807832894e+00 2.375892257828168486e+00
1.991104722318574932e+04 5.719820948882992084e+00 2.391614715810845837e+00
1.998078819419515639e+04 4.959788388315989671e+00 2.227058236399755753e+00
2.005052916520456347e+04 3.783878533541195743e+00 1.945219404987827083e+00
2.012027013621397055e+04 2.005968824636026770e+00 1.416322288406147711e+00
2.019001110722337762e+04 1.593143696946782262e+00 1.262197962661476547e+00
2.025975207823278470e+04 2.157319287431238575e+00 1.468781565594843075e+00
2.032949304924219177e+04 2.717910486960096961e+00 1.648608651851644513e+00
2.039923402025159885e+04 3.020565908505418840e+00 1.737977533947265618e+00
2.046897499126100593e+04 2.953681307938359257e+00 1.718627739779141184e+00
2.053871596227041300e+04 2.501763215564078546e+00 1.581696309524707189e+00
2.060845693327982008e+04 1.620930316120051007e+00 1.273157616369650746e+00
2.067819790428922715e+04 1.036947833552617215e+00 1.018306355451352951e+00
2.074793887529863423e+04 6.519763723149097912e-01 8.074505386182547761e-01
2.081767984630804131e+04 4.725785832289446931e-01 6.874435127550079239e-01
2.088742081731744838e+04 3.154129850424663428e-01 5.616164038224545907e-01
2.095716178832685546e+04 2.903173148263837322e-01 5.388110195851452122e-01
2.102690275933626253e+04 2.964899949058531492e-01 5.445089484166932836e-01
2.109664373034566961e+04 5.140680674311599585e-01 7.169854025230638639e-01
2.116638470135507669e+04 1.841569907118461247e+00 1.357044548686026531e+00
2.123612567236448376e+04 4.191968726720300076e+00 2.047429785540959557e+00
2.130586664337389084e+04 5.740549412895776804e+00 2.395944367654594842e+00
2.137560761438329791e+04 6.409290462323545157e+00 2.531657651090199135e+00
2.144534858539270499e+04 5.857240742930009958e+00 2.420173700983053511e+00
2.151508955640211207e+04 4.999607398741363617e+00 2.235980187466195535e+00
2.158483052741151914e+04 3.722502105178659981e+00 1.929378683716252763e+00
2.165457149842092622e+04 2.427430359578402808e+00 1.558021296253168320e+00
2.172431246943033329e+04 1.354551738429161434e+00 1.163852111923659116e+00
2.179405344043974037e+04 1.338735083736129150e+00 1.157037200670803401e+00
2.186379441144914745e+04 1.989497598208139095e+00 1.410495515132231592e+00
2.193353538245855452e+04 2.762044985443067535e+00 1.661940126912840210e+00
2.200327635346796160e+04 3.162774119132345074e+00 1.778418994256512287e+00
2.207301732447736867e+04 3.399588432494052626e+00 1.843797286171680261e+00
2.214275829548677575e+04 2.995962624187956891e+00 1.730884925172079924e+00
2.221249926649618283e+04 2.465293076307022879e+00 1.570125178546928124e+00
2.228224023750558990e+04 1.814082759003483591e+00 1.346878895448096136e+00
2.235198120851499698e+04 9.900553576886188534e-01 9.950152550029667253e-01
2.242172217952440405e+04 6.196181664975110026e-01 7.871582855420572455e-01
2.249146315053381113e+04 3.471403631979262383e-01 5.891861872090402574e-01
2.256120412154321821e+04 2.774175937489101740e-01 5.267044652828664075e-01
2.263094509255262892e+04 3.415197885481122686e-01 5.843969443350232051e-01
2.270068606356203600e+04 2.454569601723665950e-01 4.954361312746241586e-01
2.277042703457144307e+04 2.463844083559213749e-01 4.963712404601231531e-01
2.284016800558085015e+04 3.074409221456774755e-01 5.544735540543638264e-01
2.290990897659025723e+04 2.934166108945392426e-01 5.416794355470209155e-01
2.297964994759966430e+04 5.965263441295213243e-01 7.723511792763194661e-01
2.304939091860907138e+04 1.365771900828486540e+00 1.168662440924874923e+00
2.311913188961847845e+04 2.586901741050246173e+00 1.608384823681896725e+00
2.318887286062788553e+04 3.198748983937384160e+00 1.788504678198350240e+00
2.325861383163728897e+04 3.527464507777389180e+00 1.878154548427096060e+00
2.332835480264669604e+04 3.514475754763259463e+00 1.874693509553830850e+00
2.339809577365610312e+04 3.499954487448122542e+00 1.870816529606289969e+00
2.346783674466551020e+04 2.939838359942252843e+00 1.714595684102305562e+00
2.353757771567491727e+04 2.212378164487883492e+00 1.487406522941150611e+00
2.360731868668432435e+04 1.414966133887690880e+00 1.189523490263093120e+00
2.367705965769373142e+04 8.593973329473238998e-01 9.270368563047123311e-01
2.374680062870313850e+04 6.190756796634724335e-01 7.868136244775331134e-01
2.381654159971254921e+04 8.025970594366289568e-01 8.958778150153228204e-01
2.388628257072195993e+04 1.756442024646882594e+00 1.325308275325738139e+00
2.395602354173136700e+04 2.904340770708652375e+00 1.704212654192149845e+00
2.402576451274077408e+04 3.683367854959337606e+00 1.919210216458670626e+00
2.409550548375018116e+04 4.143570823059365971e+00 2.035576287703157128e+00
2.416524645475958823e+04 4.486056566854520256e+00 2.118031295060231134e+00
2.423498742576899531e+04 4.146773721529477541e+00 2.036362865878642570e+00
2.430472839677840238e+04 3.757320950880165267e+00 1.938381012824920591e+00
2.437446936778780946e+04 2.914591340341118997e+00 1.707217426205906330e+00
2.444421033879721654e+04 1.999365903813248302e+00 1.413989357743985487e+00
2.451395130980662361e+04 1.190563492447518135e+00 1.091129457235720635e+00
2.458369228081603069e+04 6.835839701381832834e-01 8.267913703820228832e-01
2.465343325182543776e+04 4.491401047947911618e-01 6.701791587290604202e-01
2.472317422283484484e+04 3.517053290730392523e-01 5.930474931007121420e-01
2.479291519384425192e+04 3.523597625051622662e-01 5.935989913276152885e-01
2.486265616485365899e+04 2.878731899501799640e-01 5.365381533033600769e-01
2.493239713586306607e+04 2.589186260261977512e-01 5.088404720796074754e-01
2.500213810687247314e+04 2.453209630965940136e-01 4.952988624018775377e-01
2.507187907788188022e+04 2.862849568260385502e-01 5.350560314827210728e-01
2.514162004889128730e+04 2.436102497102525799e-01 4.935688905413838645e-01
2.521136101990069437e+04 2.753274217591737405e-01 5.247165156150259691e-01
2.528110199091010145e+04 3.183266171250777599e-01 5.642044107635793004e-01
2.535084296191950853e+04 3.503125860059758678e-01 5.918721027434692417e-01
2.542058393292891560e+04 5.270607873788373254e-01 7.259895229125812310e-01
2.549032490393832268e+04 1.267175785040134395e+00 1.125689026792095149e+00
2.556006587494772975e+04 2.485951885929633232e+00 1.576690168019586835e+00
2.562980684595713683e+04 3.517986208050027486e+00 1.875629549791223427e+00
2.569954781696654391e+04 4.298807665118618004e+00 2.073356617931082724e+00
2.576928878797595098e+04 4.643899647505135064e+00 2.154970915698199097e+00
2.583902975898535806e+04 4.670360304875022628e+00 2.161101641495610792e+00
2.590877072999476513e+04 4.244022278588037267e+00 2.060102492253246265e+00
2.597851170100417221e+04 3.926469384725247647e+00 1.981532080165559151e+00
2.604825267201357929e+04 3.098956644319242226e+00 1.760385368128025041e+00
2.611799364302298636e+04 2.176837886265191369e+00 1.475411090599901609e+00
2.618773461403239344e+04 1.256555938835287822e+00 1.120962059498575414e+00
2.625747558504180051e+04 6.793889817332630088e-01 8.242505576178053017e-01
2.632721655605120759e+04 4.109409244168137909e-01 6.410467412106654050e-01
2.639695752706061467e+04 3.099801568019812659e-01 5.567586162799649241e-01
2.646669849807002174e+04 3.353569430797065931e-01 5.791001149021700600e-01
2.653643946907942882e+04 4.234366289451770848e-01 6.507200849406579168e-01
2.660618044008883589e+04 8.994446364987724873e-01 9.483905506165550836e-01
2.667592141109824297e+04 1.600650591052701799e+00 1.265168206624202929e+00
2.674566238210765005e+04 2.769663513146221057e+00 1.664230606961133008e+00
2.681540335311705712e+04 3.805720579202816367e+00 1.950825614759765347e+00
2.688514432412646420e+04 4.734487506847106175e+00 2.175887751435515938e+00
2.695488529513587127e+04 5.213356624081355584e+00 2.283277605566470747e+00
2.702462626614527835e+04 5.046889759625635463e+00 2.246528379439181489e+00
2.709436723715468543e+04 4.795800404425770047e+00 2.189931598115742339e+00
2.716410820816409250e+04 4.150410365490351694e+00 2.037255596504854882e+00
2.723384917917349958e+04 3.386097282168965883e+00 1.840135126062476312e+00
2.730359015018290665e+04 2.355877686952417616e+00 1.534886864544881657e+00
2.737333112119231737e+04 1.398600580603034604e+00 1.182624446137925389e+00
2.744307209220172444e+04 8.394961274169296939e-01 9.162402127264059892e-01
2.751281306321113152e+04 5.223063468460125147e-01 7.227076496385053117e-01
2.758255403422053860e+04 3.488774500214426588e-01 5.906584884867419616e-01
2.765229500522994203e+04 2.921645301544611995e-01 5.405224603607708955e-01
2.772203597623934911e+04 2.909650986784808602e-01 5.394118080636359780e-01
2.779177694724875619e+04 2.976093303177422822e-01 5.455358194635273605e-01
2.786151791825816690e+04 2.636431652740555687e-01 5.134619414075940469e-01
2.793125888926757034e+04 2.625854373287840327e-01 5.124309098100777726e-01
2.800099986027697742e+04 2.569015177930808469e-01 5.068545331681278965e-01
2.807074083128638813e+04 2.250669474974529294e-01 4.744122126352281477e-01
2.814048180229579157e+04 2.395599084916972821e-01 4.894485759420465487e-01
2.821022277330519864e+04 2.417193732612254176e-01 4.916496448297562050e-01
2.827996374431460572e+04 2.758896434266391862e-01 5.252519808878775009e-01
2.834970471532401643e+04 2.126320216414660791e-01 4.611203982057897055e-01
2.841944568633341987e+04 2.618378339976650815e-01 5.117009224123648670e-01
2.848918665734282695e+04 2.609530222248884201e-01 5.108356117430424836e-01
2.855892762835223402e+04 2.781386264346819015e-01 5.273884966840686195e-01
2.862866859936164110e+04 2.667629988150135856e-01 5.164910442737740137e-01
2.869840957037104818e+04 2.584693270537637977e-01 5.083987874235773585e-01
2.876815054138045525e+04 2.383294901788267361e-01 4.881900144194130653e-01
2.883789151238986233e+04 4.128869804827794976e-01 6.425628222071204654e-01
2.890763248339926940e+04 9.404138074175512063e-01 9.697493528832855647e-01
2.897737345440867648e+04 2.194561323320308066e+00 1.481405185396726054e+00
2.904711442541808719e+04 4.004435857793428255e+00 2.001108657168177984e+00
2.911685539642749791e+04 6.491870674577401523e+00 2.547914966119827263e+00
2.918659636743690498e+04 8.842838926091474150e+00 2.973691128226244373e+00
2.925633733844631206e+04 1.088014156536017829e+01 3.298505959576271351e+00
2.932607830945571914e+04 1.139695141194900430e+01 3.375937116112947223e+00
2.939581928046512621e+04 1.192225023243103976e+01 3.452861166110076763e+00
2.946556025147453329e+04 1.165601163996659118e+01 3.414090162834981790e+00
2.953530122248394036e+04 1.074628656500415325e+01 3.278152919710145774e+00
2.960504219349334744e+04 8.917627780826567374e+00 2.986239739342199329e+00
2.967478316450275452e+04 6.426659239715636573e+00 2.535085647412259835e+00
2.974452413551216159e+04 4.106018910716942472e+00 2.026331392126406783e+00
2.981426510652156867e+04 2.477236702730006623e+00 1.573923982513134812e+00
2.988400607753097574e+04 1.414814214242991586e+00 1.189459631195187495e+00
2.995374704854038282e+04 7.874492873323853948e-01 8.873833936537157685e-01
3.002348801954978990e+04 5.091194015852467114e-01 7.135260342729246030e-01
3.009322899055919697e+04 3.622522583718383316e-01 6.018739555520228324e-01
3.016296996156860405e+04 3.174858448917471931e-01 5.634588227117818260e-01
3.023271093257801112e+04 2.996035710046234812e-01 5.473605493681686918e-01
3.030245190358741820e+04 3.208943452348518299e-01 5.664753703691377540e-01
3.037219287459682528e+04 2.822401381921684216e-01 5.312627769683929690e-01
3.044193384560623235e+04 2.757131857877254122e-01 5.250839797477403481e-01
3.051167481661563579e+04 3.216924674664814465e-01 5.671793961935512884e-01
3.058141578762504287e+04 3.783577726403166697e-01 6.151079357643800538e-01
3.065115675863445358e+04 6.238449015007547782e-01 7.898385287517663000e-01
3.072089772964386066e+04 1.168266489744230752e+00 1.080863770206139662e+00
3.079063870065326410e+04 2.106678586943433462e+00 1.451440176839346563e+00
3.086037967166267117e+04 3.325313778288641942e+00 1.823544290191121631e+00
3.093012064267208189e+04 4.729630920835173669e+00 2.174771464047469571e+00
3.099986161368148896e+04 6.024165311257870137e+00 2.454417509564717381e+00
3.106960258469089240e+04 6.560922583748820536e+00 2.561429792859609034e+00
3.113934355570029948e+04 6.773304996294200464e+00 2.602557395389043293e+00
3.120908452670971019e+04 7.031841893458106618e+00 2.651762035601631151e+00
3.127882549771911727e+04 6.656468568832299759e+00 2.580013288499169555e+00
3.134856646872852434e+04 6.067097019361444410e+00 2.463147786747974521e+00
3.141830743973793142e+04 4.639431830047826999e+00 2.153934035677004477e+00
3.148804841074733849e+04 3.220697693024179298e+00 1.794630238523852395e+00
3.155778938175674921e+04 2.121825155814187180e+00 1.456648604095780897e+00
3.162753035276615628e+04 1.345513330684297904e+00 1.159962641934772831e+00
3.169727132377555972e+04 7.776961237317872033e-01 8.818708089804238037e-01
3.176701229478496680e+04 5.099458237877294575e-01 7.141049109113656312e-01
3.183675326579437751e+04 3.728518467514774781e-01 6.106159568431515083e-01
3.190649423680378459e+04 3.068339824503634738e-01 5.539259719947815519e-01
3.197623520781318803e+04 2.384806544328244016e-01 4.883448110022511335e-01
3.204597617882259510e+04 2.601457032946797310e-01 5.100448051835051455e-01
3.211571714983200582e+04 2.804389923934331175e-01 5.295649085744192908e-01
3.218545812084141289e+04 2.760395684414665429e-01 5.253946787334894397e-01
3.225519909185081633e+04 2.638963721868616830e-01 5.137084505698360504e-01
3.232494006286022341e+04 2.479225712749229260e-01 4.979182375399829885e-01
3.239468103386963048e+04 2.281369688673306195e-01 4.776368587822035217e-01
3.246442200487904120e+04 2.534480523014464026e-01 5.034362445250107898e-01
3.253416297588844463e+04 2.272928813981451579e-01 4.767524319792665333e-01
3.260390394689785171e+04 2.102003259745027219e-01 4.584760909518649230e-01
3.267364491790725879e+04 2.238672882828945110e-01 4.731461595351847405e-01
3.274338588891666586e+04 2.808813300961413018e-01 5.299823865904802478e-01
3.281312685992607294e+04 2.956108833097444433e-01 5.437010973961193816e-01
3.288286783093548001e+04 2.339736260784985311e-01 4.837082034434588285e-01
3.295260880194488709e+04 2.487182724363475872e-01 4.987166253859475762e-01
3.302234977295429417e+04 2.355343623558170951e-01 4.853188254702439641e-01
3.309209074396370124e+04 2.350352085970484062e-01 4.848042992765724257e-01
3.316183171497310832e+04 2.244444634238062231e-01 4.737557001491445874e-01
3.323157268598251540e+04 2.189270106294925189e-01 4.678963674036084042e-01
3.330131365699192247e+04 2.423053025093299950e-01 4.922451650441373450e-01
3.337105462800132955e+04 1.941731395950845873e-01 4.406508136780012408e-01
3.344079559901073662e+04 2.099987047809249441e-01 4.582561562935351662e-01
3.351053657002014370e+04 2.619242161525348056e-01 5.117853223301102039e-01
3.358027754102955078e+04 2.302385750202123882e-01 4.798318195161846433e-01
3.365001851203895785e+04 2.496058218750136226e-01 4.996056663760066185e-01
3.371975948304837220e+04 2.701285129335400659e-01 5.197388891871956851e-01
3.378950045405777928e+04 2.312143761439496015e-01 4.808475601934043553e-01
3.385924142506718636e+04 2.282494035350674799e-01 4.777545431862134095e-01
3.392898239607659343e+04 2.671583401369719279e-01 5.168736210496449601e-01
3.399872336708600051e+04 2.543064831721454921e-01 5.042880954099010493e-01
3.406846433809540758e+04 2.402872609572346552e-01 4.901910453662272626e-01
3.413820530910481466e+04 2.495760697202857592e-01 4.995758898508671497e-01
3.420794628011422174e+04 2.673792224156042452e-01 5.170872483591180124e-01
3.427768725112362881e+04 3.180164531147182672e-01 5.639294753022918716e-01
3.434742822213303589e+04 3.988641399036147450e-01 6.315569173903605726e-01
3.441716919314244296e+04 6.214156110574726721e-01 7.882991887966602773e-01
3.448691016415185004e+04 9.703485784952361470e-01 9.850627282032531351e-01
3.455665113516125712e+04 1.535698507299822824e+00 1.239233031878921087e+00
3.462639210617066419e+04 2.706269496237505123e+00 1.645074313287246293e+00
3.469613307718007127e+04 4.640558140364486661e+00 2.154195474037694513e+00
3.476587404818947834e+04 6.709485750328504139e+00 2.590267505553915495e+00
3.483561501919888542e+04 8.329056749747504540e+00 2.886010524885088468e+00
3.490535599020829250e+04 9.093925736781910629e+00 3.015613658408833775e+00
3.497509696121769957e+04 9.574607839635195461e+00 3.094286321534449602e+00
3.504483793222710665e+04 9.728162963409257458e+00 3.119000314749785119e+00
3.511457890323651372e+04 9.549953174984096904e+00 3.090299851953544064e+00
3.518431987424592080e+04 8.859808686150449475e+00 2.976543076481583228e+00
3.525406084525532788e+04 7.089604402666004113e+00 2.662631105253975061e+00
3.532380181626473495e+04 4.986693272738270011e+00 2.233090520498054232e+00
3.539354278727414203e+04 3.409319679380213852e+00 1.846434314937905885e+00
3.546328375828354910e+04 2.235609044265022494e+00 1.495195319770973086e+00
3.553302472929295618e+04 1.356179198694886567e+00 1.164551071741761978e+00
3.560276570030236326e+04 9.172784284156062506e-01 9.577465366241770806e-01
3.567250667131177033e+04 6.142550589563421370e-01 7.837442560914511525e-01
3.574224764232117741e+04 4.680997361603987383e-01 6.841781465089328274e-01
3.581198861333057721e+04 3.718924579793539409e-01 6.098298598620388589e-01
3.588172958433999156e+04 3.290805814772559956e-01 5.736554553713021365e-01
3.595147055534939864e+04 3.028936844300188502e-01 5.503577785677411516e-01
3.602121152635880571e+04 3.181394665245166897e-01 5.640385328366464002e-01
3.609095249736821279e+04 2.577260853989341571e-01 5.076672979412147901e-01
3.616069346837761987e+04 2.623686370903076104e-01 5.122193251823945470e-01
3.623043443938702694e+04 2.646572557009708726e-01 5.144484966456515096e-01
3.630017541039643402e+04 2.681374182641661497e-01 5.178198704802338126e-01
3.636991638140584109e+04 2.763515711613126480e-01 5.256915171099041384e-01
3.643965735241524817e+04 2.727662768087185108e-01 5.222703100969061651e-01
3.650939832342465525e+04 2.573862656221330703e-01 5.073325000649309136e-01
3.657913929443406232e+04 2.479225774724457543e-01 4.979182437634172009e-01
3.664888026544346940e+04 2.738865383416574373e-01 5.233417032318917750e-01
3.671862123645287647e+04 2.479174758288321401e-01 4.979131207638859968e-01
3.678836220746228355e+04 2.550167926287956743e-01 5.049918738245158245e-01
3.685810317847169063e+04 2.633123608136143101e-01 5.131397088645687221e-01
3.692784414948109770e+04 2.574558799844270940e-01 5.074011036492008797e-01
3.699758512049050478e+04 2.374407993710634934e-01 4.872789748912459418e-01
3.706732609149991185e+04 2.517041762766200064e-01 5.017012819164606841e-01
3.713706706250931893e+04 2.754628008870109168e-01 5.248455019212900918e-01
3.720680803351872601e+04 2.673397403063048072e-01 5.170490695343187282e-01
3.727654900452813308e+04 2.971227417167222606e-01 5.450896639239477537e-01
3.734628997553754016e+04 3.483229990492814343e-01 5.901889519884978563e-01
3.741603094654694723e+04 3.451214316061858578e-01 5.874703665770605321e-01
3.748577191755635431e+04 5.545196773737723905e-01 7.446607800695377311e-01
3.755551288856576139e+04 9.619470186371682496e-01 9.807889776283011951e-01
3.762525385957516846e+04 1.438654714515669841e+00 1.199439333403598873e+00
3.769499483058457554e+04 2.105747987303190794e+00 1.451119563407230251e+00
3.776473580159398261e+04 3.475064109219194730e+00 1.864152383583272066e+00
3.783447677260338969e+04 5.568284872544947639e+00 2.359721354852082342e+00
3.790421774361279677e+04 8.439200873674364445e+00 2.905030270698459205e+00
3.797395871462220384e+04 1.092689407181669026e+01 3.305585284305442073e+00
3.804369968563161092e+04 1.275057909780866083e+01 3.570795303263498699e+00
3.811344065664101799e+04 1.326514518127202180e+01 3.642134701143276310e+00
3.818318162765042507e+04 1.305310450161678482e+01 3.612908039463056387e+00
3.825292259865983215e+04 1.187044827757422816e+01 3.445351691420518669e+00
3.832266356966923922e+04 1.033934449187432669e+01 3.215485109882228354e+00
3.839240454067864630e+04 7.983574595234558480e+00 2.825522004025903477e+00
3.846214551168805338e+04 6.013973917347475329e+00 2.452340497840272526e+00
3.853188648269746773e+04 4.288632978363631665e+00 2.070901489294850961e+00
3.860162745370687480e+04 2.795020598314970073e+00 1.671831510145376454e+00
3.867136842471627460e+04 1.744816980298344644e+00 1.320915205567088968e+00
3.874110939572568168e+04 1.207928100088380141e+00 1.099057823814734602e+00
3.881085036673509603e+04 8.461398273654889834e-01 9.198585909613982148e-01
3.888059133774450311e+04 6.509944320676391838e-01 8.068422597184899958e-01
3.895033230875390291e+04 4.935982733349034701e-01 7.025654939825207723e-01
3.902007327976330998e+04 3.742860969236226909e-01 6.117892585879738387e-01
3.908981425077272434e+04 3.664096485855029006e-01 6.053178079203542783e-01
3.915955522178213141e+04 3.307066535643762295e-01 5.750709987161378711e-01
3.922929619279153121e+04 2.872243339841735743e-01 5.359331432036775755e-01
3.929903716380093829e+04 2.790384094139948257e-01 5.282408630672137395e-01
3.936877813481034536e+04 2.593672474471930833e-01 5.092811084727109083e-01
3.943851910581975972e+04 2.319545969974654842e-01 4.816166494188769964e-01
3.950826007682915952e+04 2.299639575454903440e-01 4.795455740026075553e-01
3.957800104783856659e+04 2.446188373231424351e-01 4.945895645109613659e-01
3.964774201884797367e+04 2.503673178800016053e-01 5.003671830566045475e-01
3.971748298985738802e+04 2.522933956490702734e-01 5.022881599730082414e-01
3.978722396086678782e+04 2.284293627292934559e-01 4.779428446261053121e-01
3.985696493187619490e+04 2.186849297041933704e-01 4.676376051005665113e-01
3.992670590288560197e+04 2.400389430715561545e-01 4.899376930504083516e-01
3.999644687389501632e+04 2.315967514653503589e-01 4.812450014964834710e-01
4.006618784490441612e+04 2.413855130102500746e-01 4.913099968556003949e-01
4.013592881591382320e+04 2.407724362555100917e-01 4.906856796927235309e-01
4.020566978692323028e+04 2.441025380469605266e-01 4.940673416114047534e-01
4.027541075793264463e+04 2.408803198022023140e-01 4.907955988007658421e-01
4.034515172894204443e+04 2.680127334887854040e-01 5.176994625154496266e-01
4.041489269995145150e+04 2.132110414086632044e-01 4.617478114822670121e-01
4.048463367096085858e+04 2.497355112552737400e-01 4.997354412639489207e-01
4.055437464197027293e+04 2.798286548436902388e-01 5.289883314816029580e-01
4.062411561297967273e+04 2.954096171951951511e-01 5.435159769456598955e-01
4.069385658398907981e+04 2.990221295292830872e-01 5.468291593626688485e-01
4.076359755499850144e+04 3.228349309651133980e-01 5.681856483272992309e-01
4.083333852600790851e+04 2.374949224997844610e-01 4.873345078073011427e-01
4.090307949701730831e+04 2.788558314311875286e-01 5.280680178075429776e-01
4.097282046802671539e+04 2.634395650854173265e-01 5.132636409150928003e-01
4.104256143903612247e+04 2.560912198901044157e-01 5.060545621670694549e-01
4.111230241004552954e+04 2.158936136938452988e-01 4.646435340062802233e-01
4.118204338105493662e+04 2.398561044019571764e-01 4.897510637068154260e-01
4.125178435206434369e+04 2.185847612854235622e-01 4.675304923589728157e-01
4.132152532307375077e+04 2.481880897072632763e-01 4.981847947371168539e-01
4.139126629408315785e+04 2.240173280249986298e-01 4.733046883615232292e-01
4.146100726509256492e+04 2.440652663476279571e-01 4.940296209212843848e-01
4.153074823610197200e+04 2.461267111104851468e-01 4.961115913889587170e-01
4.160048920711137907e+04 2.593303057685308888e-01 5.092448387254708830e-01
4.167023017812078615e+04 2.208581814456802017e-01 4.699555100705599675e-01
4.173997114913019323e+04 2.326160632878351009e-01 4.823028750565717671e-01
4.180971212013960030e+04 2.275525299060557338e-01 4.770246638341205658e-01
4.187945309114900738e+04 1.802068296394322144e-01 4.245077497990257243e-01
4.194919406215841445e+04 2.060016462459202113e-01 4.538740422693505749e-01
4.201893503316782153e+04 2.304757874912120030e-01 4.800789388123707369e-01
4.208867600417722861e+04 2.238628586255243802e-01 4.731414784454269218e-01
4.215841697518663568e+04 2.271451714280381950e-01 4.765974941478796634e-01
4.222815794619604276e+04 2.133582145616328418e-01 4.619071492861231421e-01
4.229789891720544983e+04 2.265846491677617203e-01 4.760090851735518380e-01
4.236763988821485691e+04 2.455637582560730170e-01 4.955439014417118426e-01
4.243738085922426399e+04 2.288504455595067044e-01 4.783831576879632452e-01
4.250712183023367106e+04 2.235383626720642836e-01 4.727984376793817889e-01
4.257686280124307814e+04 2.153375754100617101e-01 4.640447989257736605e-01
4.264660377225248521e+04 2.416299284653019019e-01 4.915586724545726871e-01
4.271634474326189229e+04 1.801279974997049282e-01 4.244148884048543069e-01
4.278608571427129937e+04 1.775942021914327928e-01 4.214192712625192683e-01
4.285582668528070644e+04 2.228034897910479151e-01 4.720206455135706469e-01
4.292556765629011352e+04 2.247182909579861221e-01 4.740446086160943762e-01
4.299530862729952059e+04 1.758037666186265668e-01 4.192895975559453037e-01
4.306504959830892767e+04 2.213358476063340130e-01 4.704634391813395933e-01
4.313479056931834202e+04 2.087075474376755002e-01 4.568452116829895271e-01
4.320453154032774910e+04 2.428446006824797887e-01 4.927926548584909416e-01
4.327427251133715617e+04 1.965001623423857924e-01 4.432833882996133346e-01
4.334401348234655597e+04 2.204955248069057072e-01 4.695695100907912312e-01
4.341375445335597033e+04 2.298733293059824490e-01 4.794510708153465472e-01
4.348349542436537740e+04 2.097502754188873830e-01 4.579850165877562551e-01
4.355323639537478448e+04 2.309797012067811850e-01 4.806034760660613525e-01
4.362297736638418428e+04 2.537775892275242473e-01 5.037634258533704168e-01
4.369271833739359863e+04 2.216225846894126217e-01 4.707680795141198082e-01
4.376245930840300571e+04 2.191125952593059589e-01 4.680946434849537763e-01
4.383220027941241278e+04 2.344839325622774806e-01 4.842354102730174192e-01
4.390194125042181258e+04 2.139661470929935250e-01 4.625647490816756080e-01
4.397168222143122694e+04 2.487926340200160014e-01 4.987911727567118647e-01
4.404142319244063401e+04 2.461573821868144607e-01 4.961425018951858279e-01
4.411116416345004109e+04 2.569928183364034169e-01 5.069445909923523397e-01
4.418090513445944089e+04 2.647943388197606662e-01 5.145817124808854670e-01
4.425064610546885524e+04 2.273846911650524161e-01 4.768487088847493394e-01
4.432038707647826232e+04 2.411091679100300367e-01 4.910286833882823720e-01
4.439012804748766939e+04 2.276708001838691764e-01 4.771486143581150086e-01
4.445986901849706919e+04 2.473704566787575387e-01 4.973635055759093038e-01
4.452960998950648354e+04 2.248065775898492880e-01 4.741377200664900760e-01
4.459935096051589062e+04 2.580438785209306363e-01 5.079801950085560680e-01
4.466909193152529770e+04 2.354318772621977474e-01 4.852132286554002860e-01
4.473883290253469750e+04 2.505354108212606290e-01 5.005351244630696916e-01
4.480857387354410457e+04 2.384664758621241332e-01 4.883302938197917609e-01
4.487831484455351892e+04 2.867680798287436383e-01 5.355073107145631450e-01
4.494805581556292600e+04 3.169623881836728940e-01 5.629941280188212049e-01
4.501779678657232580e+04 3.864117230246296719e-01 6.216202401986519188e-01
4.508753775758173288e+04 5.117361771352167965e-01 7.153573772145058740e-01
4.515727872859114723e+04 6.099280822636248267e-01 7.809789256206756125e-01
4.522701969960055430e+04 8.772792874929766782e-01 9.366318847300558748e-01
4.529676067060996138e+04 1.185516455927433599e+00 1.088814243077042887e+00
4.536650164161936846e+04 1.826193996298910882e+00 1.351367454210330887e+00
4.543624261262877553e+04 2.538121639890930759e+00 1.593148342085862090e+00
4.550598358363818261e+04 3.635577583786139488e+00 1.906719062627250105e+00
4.557572455464758968e+04 5.003756638011179980e+00 2.236907829574383832e+00
4.564546552565699676e+04 6.841993960211222081e+00 2.615720543217723293e+00
4.571520649666640384e+04 9.329772861897804859e+00 3.054467688795840630e+00
4.578494746767581091e+04 1.258573584695473357e+01 3.547638065946797425e+00
4.585468843868521799e+04 1.765106960538564351e+01 4.201317603488891272e+00
4.592442940969462506e+04 2.312098931385763834e+01 4.808428986047068143e+00
4.599417038070403214e+04 2.586449841841110953e+01 5.085715133431198076e+00
4.606391135171343922e+04 2.493484775544694898e+01 4.993480525189514019e+00
4.613365232272284629e+04 2.208935176379570109e+01 4.699931038195741984e+00
4.620339329373225337e+04 1.709847537840118648e+01 4.135030275391122778e+00
4.627313426474166044e+04 1.245772273111334094e+01 3.529549933222837943e+00
4.634287523575106752e+04 8.874589003932770837e+00 2.979024841107031030e+00
4.641261620676047460e+04 6.405484675758819968e+00 2.530905900218105575e+00
4.648235717776988167e+04 4.502961238433361046e+00 2.122018199364312796e+00
4.655209814877928875e+04 3.213249303593939565e+00 1.792553849566014934e+00
4.662183911978869583e+04 2.429375820652744267e+00 1.558645508334959517e+00
4.669158009079810290e+04 1.809039762004696517e+00 1.345005487722892745e+00
4.676132106180750998e+04 1.299481296954606790e+00 1.139947936071909806e+00
4.683106203281691705e+04 9.329167630660789579e-01 9.658761634216256331e-01
4.690080300382632413e+04 7.501090976427966517e-01 8.660883890474440072e-01
4.697054397483573121e+04 5.754150339336393527e-01 7.585611603118362911e-01
4.704028494584513828e+04 4.944299888974954538e-01 7.031571580361644092e-01
4.711002591685454536e+04 3.504614620726179131e-01 5.919978564763709317e-01
4.717976688786395243e+04 3.261362145123463119e-01 5.710833691435484027e-01
4.724950785887335951e+04 3.253603425753638367e-01 5.704036663410955166e-01
4.731924882988276659e+04 2.646322151440903547e-01 5.144241587873671362e-01
4.738898980089217366e+04 2.902425095032030722e-01 5.387415980813093919e-01
4.745873077190158074e+04 2.706199881468938639e-01 5.202114840590256195e-01
4.752847174291098781e+04 2.786683458011205983e-01 5.278904676172136989e-01
4.759821271392039489e+04 2.287634234077871587e-01 4.782921945921626006e-01
4.766795368492980197e+04 2.238787414925410835e-01 4.731582626273592718e-01
4.773769465593920904e+04 2.435181671459324959e-01 4.934755993419862041e-01
4.780743562694862339e+04 2.788854549499125146e-01 5.280960660238935844e-01
4.787717659795802319e+04 2.366499472381041191e-01 4.864667997285160306e-01
4.794691756896743027e+04 2.876330773621543213e-01 5.363143456613428395e-01
4.801665853997683735e+04 2.584431618366356265e-01 5.083730538065875937e-01
4.808639951098625170e+04 2.122961400255110875e-01 4.607560526195083050e-01
4.815614048199565150e+04 2.132757457540713220e-01 4.618178707608350253e-01
4.822588145300505857e+04 2.554133554296356134e-01 5.053843640533762782e-01
4.829562242401446565e+04 2.506631617084971730e-01 5.006627225073754239e-01
4.836536339502387273e+04 2.459439831785582842e-01 4.959273970840472612e-01
4.843510436603327980e+04 2.299668620721496970e-01 4.795486024087127763e-01
4.850484533704268688e+04 2.309564758376427551e-01 4.805793127441533308e-01
4.857458630805209395e+04 2.403844947825969081e-01 4.902902148550355443e-01
4.864432727906150103e+04 2.273315709568367871e-01 4.767930064051241756e-01
4.871406825007090811e+04 2.507494006599002012e-01 5.007488398987063327e-01
4.878380922108031518e+04 3.020541975898867748e-01 5.495945756554433403e-01
4.885355019208972226e+04 2.750048836126530727e-01 5.244090804063684663e-01
4.892329116309912934e+04 2.341105015163144343e-01 4.838496683023709721e-01
4.899303213410853641e+04 2.642978184009419085e-01 5.140990355961990721e-01
4.906277310511794349e+04 2.541006997287575397e-01 5.040840205052701251e-01
4.913251407612735056e+04 2.716496394119211066e-01 5.212001913007333620e-01
4.920225504713675764e+04 2.669863092804212190e-01 5.167071794357237513e-01
4.927199601814616472e+04 2.388548260737207996e-01 4.887277627408952441e-01
4.934173698915557179e+04 3.003832918946091057e-01 5.480723418442213779e-01
4.941147796016497887e+04 2.337610570424761003e-01 4.834884249312242921e-01
4.948121893117438594e+04 2.167976240173951907e-01 4.656153176361310098e-01
4.955095990218379302e+04 2.560250011542757331e-01 5.059891314586467681e-01
4.962070087319320010e+04 2.240245421691314798e-01 4.733123093361628064e-01
4.969044184420260717e+04 2.343997945786436277e-01 4.841485253294113278e-01
4.976018281521201425e+04 1.862480657779335136e-01 4.315646716054657439e-01
4.982992378622142132e+04 2.115447966484403641e-01 4.599399924429711795e-01
4.989966475723082840e+04 2.069376588771270620e-01 4.549040106188634858e-01
4.996940572824023548e+04 2.063830062561156087e-01 4.542939645825328498e-01
5.003914669924964983e+04 1.977418747814875255e-01 4.446817679886229668e-01
5.010888767025905690e+04 2.119342408023542901e-01 4.603631618650153023e-01
5.017862864126846398e+04 2.086404260559953650e-01 4.567717439334392227e-01
5.024836961227787106e+04 2.360182983981067295e-01 4.858171450228024879e-01
5.031811058328727813e+04 1.940858781432673319e-01 4.405517882647480010e-01
5.038785155429668521e+04 2.319112622548237523e-01 4.815716584837855252e-01
5.045759252530609228e+04 2.285329303635926790e-01 4.780511796487826870e-01
5.052733349631549936e+04 2.422810175031368807e-01 4.922204968336211794e-01
5.059707446732490644e+04 2.191797667779865344e-01 4.681663879199216005e-01
5.066681543833431351e+04 2.106097584190528005e-01 4.589223882303551383e-01
5.073655640934372059e+04 2.307727716113729399e-01 4.803881468264729615e-01
5.080629738035312766e+04 2.131112323463515146e-01 4.616397213697620017e-01
5.087603835136253474e+04 1.994483684892989495e-01 4.465964268657989789e-01
5.094577932237194182e+04 2.478310971447836852e-01 4.978263724882237562e-01
5.101552029338134889e+04 2.560078259640429788e-01 5.059721592776058596e-01
5.108526126439075597e+04 2.628466724446399949e-01 5.126857443352994537e-01
5.115500223540015577e+04 2.108557825174217637e-01 4.591903554272691590e-01
5.122474320640956284e+04 2.369045423624144830e-01 4.867284071866100348e-01
5.129448417741897720e+04 2.513578261914782841e-01 5.013559874894069068e-01
5.136422514842838427e+04 2.353512475155109807e-01 4.851301346190637909e-01
5.143396611943778407e+04 2.030563148860039802e-01 4.506177036979394646e-01
5.150370709044719115e+04 1.898311022840984408e-01 4.356961123123528901e-01
5.157344806145660550e+04 2.155419037283530237e-01 4.642649068455993455e-01
5.164318903246601258e+04 2.123636562165947539e-01 4.608293135387491191e-01
5.171293000347541238e+04 2.602684051941611676e-01 5.101650764156256956e-01
5.178267097448481945e+04 2.607087095111540465e-01 5.105964252823887994e-01
5.185241194549422653e+04 2.425893754878385988e-01 4.925336287887747688e-01
5.192215291650364088e+04 2.690112022594400853e-01 5.186628984797737596e-01
5.199189388751304068e+04 2.571449294433181265e-01 5.070945961488034781e-01
5.206163485852244776e+04 1.938325039205971156e-01 4.402641297228257478e-01
5.213137582953185483e+04 2.678990552151272464e-01 5.175896591076054598e-01
5.220111680054126919e+04 2.525079901936447269e-01 5.025017315329816103e-01
5.227085777155066899e+04 2.518099351371678729e-01 5.018066710767882244e-01
5.234059874256007606e+04 2.559781664931886080e-01 5.059428490384942911e-01
5.241033971356949769e+04 2.746522388782771662e-01 5.240727419722163161e-01
5.248008068457890477e+04 2.859977434051732548e-01 5.347875684841348898e-01
5.254982165558830457e+04 2.840551859395913370e-01 5.329682785491002273e-01
5.261956262659771164e+04 3.085463059558141152e-01 5.554694464647125240e-01
5.268930359760712599e+04 3.784354391730946898e-01 6.151710649673752807e-01
5.275904456861653307e+04 3.906536007515322706e-01 6.250228801824235791e-01
5.282878553962593287e+04 4.433523088829480763e-01 6.658470611806799333e-01
5.289852651063533995e+04 5.231729734058635506e-01 7.233069703838499453e-01
5.296826748164475430e+04 6.762069944771100793e-01 8.223180616264670340e-01
5.303800845265416137e+04 8.617376857848977334e-01 9.282982741473225774e-01
5.310774942366356117e+04 9.827294318508982274e-01 9.913271063836084362e-01
5.317749039467296825e+04 1.339009404560782324e+00 1.157155739112407655e+00
5.324723136568238260e+04 1.763318180898896248e+00 1.327899913735555604e+00
5.331697233669178968e+04 2.412637059251568683e+00 1.553266577008456828e+00
5.338671330770118948e+04 3.227179451224306383e+00 1.796435206519930716e+00
5.345645427871059655e+04 4.962915389070234440e+00 2.227760173149307743e+00
5.352619524972000363e+04 8.212854698862452452e+00 2.865807861469860107e+00
5.359593622072941071e+04 1.332133683106507860e+01 3.649840658311685804e+00
5.366567719173881778e+04 1.994876930176262420e+01 4.466404516136287306e+00
5.373541816274822486e+04 2.784270376598165342e+01 5.276618592051320000e+00
5.380515913375763193e+04 3.397362757504788533e+01 5.828690039369728737e+00
5.387490010476703901e+04 3.864980492218766273e+01 6.216896727643757892e+00
5.394464107577644609e+04 4.060637915925446606e+01 6.372313485638827935e+00
5.401438204678585316e+04 3.925270126476186761e+01 6.265197623759514833e+00
5.408412301779526024e+04 3.548750094428741164e+01 5.957138654109656706e+00
5.415386398880466731e+04 2.979468613082960360e+01 5.458450891125576909e+00
5.422360495981407439e+04 2.343618839832880241e+01 4.841093719225935565e+00
5.429334593082348147e+04 1.690366222637968718e+01 4.111406356270283169e+00
5.436308690183288854e+04 1.152237528687952306e+01 3.394462444464443340e+00
5.443282787284229562e+04 7.416943927111189439e+00 2.723406676776567892e+00
5.450256884385170270e+04 4.777569066108191542e+00 2.185765098565761289e+00
5.457230981486110977e+04 3.110443913585303921e+00 1.763645064514202110e+00
5.464205078587052412e+04 2.140894891660872990e+00 1.463179719535803613e+00
5.471179175687993120e+04 1.539834614050851425e+00 1.240900726912048890e+00
5.478153272788933828e+04 1.204378395091752596e+00 1.097441750204425581e+00
5.485127369889874535e+04 9.504041346664129364e-01 9.748867291467316898e-01
5.492101466990815243e+04 7.156532034552262056e-01 8.459628853887304345e-01
5.499075564091755950e+04 6.186047173275197597e-01 7.865142829774420807e-01
5.506049661192696658e+04 5.008689552124935274e-01 7.077209585793637903e-01
5.513023758293637366e+04 4.093610584817748421e-01 6.398132997068557426e-01
5.519997855394578073e+04 4.204144672526506366e-01 6.483937594183418751e-01
5.526971952495518781e+04 3.561890769380333110e-01 5.968157814083281387e-01
5.533946049596459488e+04 3.717547555582775276e-01 6.097169470814121084e-01
5.540920146697400196e+04 3.124415830740200350e-01 5.589647422458952075e-01
5.547894243798340904e+04 2.523663266171502495e-01 5.023607534602502200e-01
5.554868340899280884e+04 2.550039316843472625e-01 5.049791398506945361e-01
5.561842438000222319e+04 2.259886219531843932e-01 4.753826058588854209e-01
5.568816535101163026e+04 2.374318444136535589e-01 4.872697860668703251e-01
5.575790632202103734e+04 2.521030039846892667e-01 5.020985998633029634e-01
5.582764729303044442e+04 2.515506450327723575e-01 5.015482479610235966e-01
5.589738826403985149e+04 2.737427476891587941e-01 5.232043077891835869e-01
5.596712923504925857e+04 2.321556990463371217e-01 4.818253823184672213e-01
5.603687020605866564e+04 2.327776070050556201e-01 4.824703172269311779e-01
5.610661117706807272e+04 2.355589672779260790e-01 4.853441740434576435e-01
5.617635214807747980e+04 2.254532449436411345e-01 4.748191707836164621e-01
5.624609311908688687e+04 2.400340147304610983e-01 4.899326634655635226e-01
5.631583409009629395e+04 2.042879759379580273e-01 4.519822739200709538e-01
5.638557506110570102e+04 1.996292159160857893e-01 4.467988539780353707e-01
5.645531603211510810e+04 2.098956906584614757e-01 4.581437445370846184e-01
5.652505700312451518e+04 2.222345347698714557e-01 4.714175800390471571e-01
5.659479797413392225e+04 2.047941821395045381e-01 4.525419120252891503e-01
5.666453894514332933e+04 2.265847231638984660e-01 4.760091628990963941e-01
5.673427991615273640e+04 2.387469595487872742e-01 4.886173958720537169e-01
5.680402088716214348e+04 2.107780522936998358e-01 4.591057092802264816e-01
5.687376185817155056e+04 2.523040091000222640e-01 5.022987249635642026e-01
5.694350282918095763e+04 2.097061182463346996e-01 4.579368059528898804e-01
5.701324380019036471e+04 2.425983231187557876e-01 4.925427119740538595e-01
5.708298477119977179e+04 1.970751890790753691e-01 4.439315139512798325e-01
5.715272574220917886e+04 2.120924685715286362e-01 4.605349808337349526e-01
5.722246671321858594e+04 2.352906111001737688e-01 4.850676355934023243e-01
5.729220768422799301e+04 2.087254741883556586e-01 4.568648314199240668e-01
5.736194865523740009e+04 2.327802326328277938e-01 4.824730382444472054e-01
5.743168962624680717e+04 2.587159974457399203e-01 5.086413249488680455e-01
5.750143059725621424e+04 2.261406949738003214e-01 4.755425269876505379e-01
5.757117156826562132e+04 2.192672987303320165e-01 4.682598623951577110e-01
5.764091253927502839e+04 2.337783043439016772e-01 4.835062609148941259e-01
5.771065351028443547e+04 2.228633086843839206e-01 4.720840059612101958e-01
5.778039448129384255e+04 2.251468502376578196e-01 4.744964175182546096e-01
5.785013545230324962e+04 2.042746222601275474e-01 4.519675013318187329e-01
5.791987642331265670e+04 2.226630496082628585e-01 4.718718571903423586e-01
5.798961739432206377e+04 2.179487735843671226e-01 4.668498405101656479e-01
5.805935836533147085e+04 1.853727650934810511e-01 4.305493759065051051e-01
5.812909933634087793e+04 1.977237565366042615e-01 4.446613953747325931e-01
5.819884030735028500e+04 1.921867506009105886e-01 4.383910932043562636e-01
5.826858127835969208e+04 2.005304916098380463e-01 4.478063103729535976e-01
5.833832224936909915e+04 2.029387990065860681e-01 4.504872906160461987e-01
5.840806322037851351e+04 2.083053036593291718e-01 4.564047585853254207e-01
5.847780419138791331e+04 2.313121657970380884e-01 4.809492341162818763e-01
5.854754516239732038e+04 1.945883839056850029e-01 4.411217336582782811e-01
5.861728613340672746e+04 1.834235867686112020e-01 4.282797996270792940e-01
5.868702710441613453e+04 2.151680780993851516e-01 4.638621326422163738e-01
5.875676807542554161e+04 2.302898996995943193e-01 4.798852984824543699e-01
5.882650904643494869e+04 2.114337265086498885e-01 4.598192324257978081e-01
5.889625001744435576e+04 1.878266510119097898e-01 4.333897218577175692e-01
5.896599098845376284e+04 1.807500271138680337e-01 4.251470652772614822e-01
5.903573195946316991e+04 2.152092731389832481e-01 4.639065349173077113e-01
5.910547293047257699e+04 2.139256255567360543e-01 4.625209460735114075e-01
5.917521390148198407e+04 1.587731213950030473e-01 3.984634505133476390e-01
5.924495487249139114e+04 1.912293343917189914e-01 4.372977639912180026e-01
5.931469584350079822e+04 2.024943060327003275e-01 4.499936733251928000e-01
5.938443681451020529e+04 2.070283866523243976e-01 4.550037215807409274e-01
5.945417778551961237e+04 2.067703390053876045e-01 4.547200666403315994e-01
5.952391875652901945e+04 2.074730471326034220e-01 4.554920933809976091e-01
5.959365972753842652e+04 1.862132480481965002e-01 4.315243307719698884e-01
5.966340069854783360e+04 2.136494655758507943e-01 4.622223118542102549e-01
5.973314166955724068e+04 2.019616601358431851e-01 4.494014465217520682e-01
5.980288264056664775e+04 2.140895479326644091e-01 4.626981174941869335e-01
5.987262361157605483e+04 2.157336885850363040e-01 4.644714077153041520e-01
5.994236458258546190e+04 1.879471836330592616e-01 4.335287575617784439e-01
6.001210555359486898e+04 2.275411732252399510e-01 4.770127600235029020e-01
6.008184652460427606e+04 1.818141579477651482e-01 4.263967142788100406e-01
6.015158749561368313e+04 2.071326265255701016e-01 4.551182555397773610e-01
6.022132846662309021e+04 2.390040424367318450e-01 4.888803968628031016e-01
6.029106943763249728e+04 2.141882269130468419e-01 4.628047395101381745e-01
6.036081040864190436e+04 2.073403520328346017e-01 4.553464088283057931e-01
6.043055137965131871e+04 2.475812634511796173e-01 4.975753846917868040e-01
6.050029235066071851e+04 2.237960941618862831e-01 4.730709187446278663e-01
6.057003332167012559e+04 2.066463081803207869e-01 4.545836646650655566e-01
6.063977429267953994e+04 1.989256015666221455e-01 4.460107639582504002e-01
6.070951526368895429e+04 1.902935219324904947e-01 4.362264571670206315e-01
6.077925623469836137e+04 1.966747414988697096e-01 4.434802605515489327e-01
6.084899720570776844e+04 2.105445977106887856e-01 4.588513895704019463e-01
6.091873817671716824e+04 2.019678161459549925e-01 4.494082955909414201e-01
6.098847914772656804e+04 1.868797760420003728e-01 4.322959357222785348e-01
6.105822011873597512e+04 2.185201633617703254e-01 4.674614030717085256e-01
6.112796108974538220e+04 2.044108923698813585e-01 4.521182283096771837e-01
6.119770206075478927e+04 2.257879769051376329e-01 4.751715236681777754e-01
6.126744303176420362e+04 2.117274474538734519e-01 4.601385089881887547e-01
6.133718400277361798e+04 1.837052981199431556e-01 4.286085604837392427e-01
6.140692497378302505e+04 2.340281822808771839e-01 4.837645938686265246e-01
6.147666594479242485e+04 1.920575347023762980e-01 4.382436932830594545e-01
6.154640691580182465e+04 1.948521956909049779e-01 4.414206561670001583e-01
6.161614788681123173e+04 2.256247166378437807e-01 4.749997017239524499e-01
6.168588885782063880e+04 2.191097141304723106e-01 4.680915659681044727e-01
6.175562982883004588e+04 1.958110450483135367e-01 4.425054181005171894e-01
6.182537079983946023e+04 1.958188413881586376e-01 4.425142273285217476e-01
6.189511177084887458e+04 1.967516612872603765e-01 4.435669749736338985e-01
6.196485274185827438e+04 2.312404672605585521e-01 4.808746897691316136e-01
6.203459371286767418e+04 2.032410689322161901e-01 4.508226579623257901e-01
6.210433468387708126e+04 2.181082812261430082e-01 4.670206432548169584e-01
6.217407565488648834e+04 2.096492021779267911e-01 4.578746577153258168e-01
6.224381662589589541e+04 1.983775676371161978e-01 4.453959672438853601e-01
6.231355759690530249e+04 1.973307811842413551e-01 4.442192940251935562e-01
6.238329856791471684e+04 2.204428574060461610e-01 4.695134262255405977e-01
6.245303953892413119e+04 2.128207215236094241e-01 4.613249630397312506e-01
6.252278050993353099e+04 2.061133280807862511e-01 4.539970573481575400e-01
6.259252148094293079e+04 2.086687093749818311e-01 4.568027028980693460e-01
6.266226245195233787e+04 2.223106676504975343e-01 4.714983220017835430e-01
6.273200342296175950e+04 2.266462731655171647e-01 4.760738106276348747e-01
6.280174439397116657e+04 2.466570404675985373e-01 4.966457897411378775e-01
6.287148536498056637e+04 2.140151549763214534e-01 4.626177201278842688e-01
6.294122633598996617e+04 2.247526851940354897e-01 4.740808846537007404e-01
6.301096730699938053e+04 1.839487233890884921e-01 4.288924380180751950e-01
6.308070827800879488e+04 1.744923104395776636e-01 4.177227674422088199e-01
6.315044924901820195e+04 1.861600478058613728e-01 4.314626841406581925e-01
6.322019022002760903e+04 1.895618209595461290e-01 4.353869783991548559e-01
6.328993119103701611e+04 2.140014132310211203e-01 4.626028677289205082e-01
6.335967216204642318e+04 2.164749181747866735e-01 4.652686516140827067e-01
6.342941313305582298e+04 2.344750344712703272e-01 4.842262224118705771e-01
6.349915410406522278e+04 2.123612527513543957e-01 4.608267057705688341e-01
6.356889507507463713e+04 2.094401849124346848e-01 4.576463535443439645e-01
6.363863604608405149e+04 2.338512502113752334e-01 4.835816892846287463e-01
6.370837701709345856e+04 2.037016786992414952e-01 4.513332235712783080e-01
6.377811798810286564e+04 1.781602387765677531e-01 4.220903206383294637e-01
6.384785895911227271e+04 2.035548774985683762e-01 4.511705636436938449e-01
6.391759993012167979e+04 1.817250141193426372e-01 4.262921699015155830e-01
6.398734090113107959e+04 1.835522790075539978e-01 4.284300164642458886e-01
6.405708187214047939e+04 1.963175473376753966e-01 4.430773604436085145e-01
6.412682284314989374e+04 1.800277892090110243e-01 4.242968173448994906e-01
6.419656381415930809e+04 2.028707150460594133e-01 4.504117172610626052e-01
6.426630478516871517e+04 1.911800639296976634e-01 4.372414252214646413e-01
6.433604575617812225e+04 1.822333257094945480e-01 4.268879545144071419e-01
6.440578672718752932e+04 2.006581442332273368e-01 4.479488187652997389e-01
6.447552769819693640e+04 2.045387586880532405e-01 4.522596142571799760e-01
6.454526866920633620e+04 2.075383023328453425e-01 4.555637192894593790e-01
6.461500964021573600e+04 2.123975043388754702e-01 4.608660373024632828e-01
6.468475061122514307e+04 1.888662155633508422e-01 4.345874084270629489e-01
6.475449158223455743e+04 1.781322703283293729e-01 4.220571884571205357e-01
6.482423255324397178e+04 1.885243799138816567e-01 4.341939427420443143e-01
6.489397352425337886e+04 2.136896213224844521e-01 4.622657475116282444e-01
6.496371449526278593e+04 1.983421143876375747e-01 4.453561657680710217e-01
6.503345546627218573e+04 1.995726465043196063e-01 4.467355442589268644e-01
6.510319643728158553e+04 2.146775442152307478e-01 4.633330812873507343e-01
6.517293740829100716e+04 1.918193735292095803e-01 4.379718866881863737e-01
6.524267837930041424e+04 1.874397705168569239e-01 4.329431492896693712e-01
6.531241935030982131e+04 2.034705789363150386e-01 4.510771319146150704e-01
6.538216032131922839e+04 1.860327215885961005e-01 4.313151070720756541e-01
6.545190129232863546e+04 2.048498493705773194e-01 4.526034129020430896e-01
6.552164226333804254e+04 2.078372985093916159e-01 4.558917618354071943e-01
6.559138323434744962e+04 2.108073830257734815e-01 4.591376515009126247e-01
6.566112420535685669e+04 2.034933363386716154e-01 4.511023568312092502e-01
6.573086517636626377e+04 2.148331183546806633e-01 4.635009367354942511e-01
6.580060614737565629e+04 2.037417846462640791e-01 4.513776519127459808e-01
6.587034711838507792e+04 2.066545792056210806e-01 4.545927619371222250e-01
6.594008808939448500e+04 2.030161450729792982e-01 4.505731295505528422e-01
6.600982906040389207e+04 1.900136183521303757e-01 4.359055153954012329e-01
6.607957003141329915e+04 2.004153290374836860e-01 4.476777066567908525e-01
6.614931100242270622e+04 2.164603325349222229e-01 4.652529769221495637e-01
6.621905197343211330e+04 2.137872858716052538e-01 4.623713722448711816e-01
6.628879294444152038e+04 2.130069446147506707e-01 4.615267539533874919e-01
6.635853391545091290e+04 1.972229160486634325e-01 4.440978676470575537e-01
6.642827488646033453e+04 2.030564471246015246e-01 4.506178504282775665e-01
6.649801585746972705e+04 1.835199886666291358e-01 4.283923303078955858e-01
6.656775682847914868e+04 2.393487506218459904e-01 4.892328184227280330e-01
6.663749779948855576e+04 2.160957575544102949e-01 4.648610088557764697e-01
6.670723877049796283e+04 1.984758802236736286e-01 4.455063189492082243e-01
6.677697974150736991e+04 2.073342293266383363e-01 4.553396856486796040e-01
6.684672071251677698e+04 2.295292997512997368e-01 4.790921620641478973e-01
6.691646168352616951e+04 2.185738142039091725e-01 4.675187848674202673e-01
6.698620265453559114e+04 2.047391262549908830e-01 4.524810783391841063e-01
6.705594362554498366e+04 1.813197942716867905e-01 4.258166204737513505e-01
6.712568459655440529e+04 2.027610493709704198e-01 4.502899614370393655e-01
6.719542556756381236e+04 2.089693323165793815e-01 4.571316356549602888e-01
6.726516653857321944e+04 1.883090576832582019e-01 4.339459156199746981e-01
6.733490750958262652e+04 1.810364293855919182e-01 4.254837592500939625e-01
6.740464848059203359e+04 2.374291214132912553e-01 4.872669919184873799e-01
6.747438945160144067e+04 2.031423863844584732e-01 4.507131974820112741e-01
6.754413042261084775e+04 2.462553348285962396e-01 4.962412062985058214e-01
6.761387139362025482e+04 2.312514950113616075e-01 4.808861559780668316e-01
6.768361236462966190e+04 1.966977479202214885e-01 4.435061982883908849e-01
6.775335333563908353e+04 2.205372688041844775e-01 4.696139572076031277e-01
6.782309430664847605e+04 1.867755153710414506e-01 4.321753294336008744e-01
6.789283527765789768e+04 2.195018945315437842e-01 4.685102928768414832e-01
6.796257624866729020e+04 2.032635899821720049e-01 4.508476349967602825e-01
6.803231721967669728e+04 2.322203849256181396e-01 4.818925034959748444e-01
6.810205819068610435e+04 2.139694737646204437e-01 4.625683449660389912e-01
6.817179916169549688e+04 1.877408692333117080e-01 4.332907444583967704e-01
6.824154013270491851e+04 2.020047825962809074e-01 4.494494216219228067e-01
6.831128110371434013e+04 1.974816010720896187e-01 4.443890199724669365e-01
6.838102207472373266e+04 2.009019988543420399e-01 4.482209263904821661e-01
6.845076304573313973e+04 2.083315603395548832e-01 4.564335223661326046e-01
6.852050401674254681e+04 2.068094257618380838e-01 4.547630435312857156e-01
6.859024498775195389e+04 2.042832243698856631e-01 4.519770175239949950e-01
6.865998595876136096e+04 1.846838703861438113e-01 4.297486130124724690e-01
6.872972692977075349e+04 2.223366179054411806e-01 4.715258401248453302e-01
6.879946790078017511e+04 2.087315145503359781e-01 4.568714420384972774e-01
6.886920887178959674e+04 2.314375035555867322e-01 4.810795189525186033e-01
6.893894984279898927e+04 2.056113935249887503e-01 4.534439254472252268e-01
6.900869081380839634e+04 1.918351934922048752e-01 4.379899467935364221e-01
6.907843178481780342e+04 1.871337483051480899e-01 4.325895841385320462e-01
6.914817275582721049e+04 2.088809604141182441e-01 4.570349662926440071e-01
6.921791372683661757e+04 1.929084345781457710e-01 4.392134271378161925e-01
6.928765469784601009e+04 1.942284798799354395e-01 4.407136030121324155e-01
6.935739566885543172e+04 2.067750996472351166e-01 4.547253013053431658e-01
6.942713663986485335e+04 1.967647093512606971e-01 4.435816828401063505e-01
6.949687761087424587e+04 1.928454217047134434e-01 4.391416875049708457e-01
6.956661858188365295e+04 2.155650858791500202e-01 4.642898726863962100e-01
6.963635955289306003e+04 2.259376985353028500e-01 4.753290423856960656e-01
6.970610052390246710e+04 2.157193921829553274e-01 4.644560174903059058e-01
