* De conditionele overschrijdingskans van de zeewaterstand zonder statistische onzekerheid gegeven de windrichting
* voor een 12-uursperiode te Vlissingen - Additional, gelegen op locatie: 
* 35480, 393880
* 
* Het waterstandsbereik waarvoor de overschrijdingskansen zijn gegeven is het hoogwater 1991 tot 8.00 m + NAP
* met een stapgrootte van 0.1 m. De laatste stapgrootte kan afwijken om op 8.00 m uit te komen. Hierbij wordt
* een stapgrootte van mimimaal 6 en maximaal 15 cm gekozen.
* 
* Betreft zichtjaar 1985 (het jaar waarvoor de basispeilen zijn afgeleid); 
* zeespiegelstijging sinds 1985 moet apart in rekening worden gebracht.
*
* Door: G.W.F. Rongen van HKV lijn in water
* Project: PR3280.20.03
*
* m (m+NAP) 30              60              90              120             150             180             210             240             270             300             330             360
  2.05      1.000e+00       1.000e+00       1.000e+00       1.000e+00       1.000e+00       1.000e+00       1.000e+00       1.000e+00       1.000e+00       1.000e+00       1.000e+00       1.000e+00       
  2.15      1.000e+00       1.000e+00       1.000e+00       1.000e+00       1.000e+00       1.000e+00       5.492e-01       6.522e-01       7.123e-01       6.597e-01       5.941e-01       5.812e-01       
  2.25      1.000e+00       1.000e+00       1.000e+00       1.000e+00       1.000e+00       1.000e+00       3.016e-01       4.254e-01       5.074e-01       4.352e-01       3.530e-01       3.378e-01       
  2.35      1.000e+00       1.000e+00       1.000e+00       1.000e+00       1.000e+00       1.000e+00       1.656e-01       2.774e-01       3.615e-01       2.871e-01       2.097e-01       1.963e-01       
  2.45      1.000e+00       1.000e+00       9.082e-01       1.000e+00       1.000e+00       6.707e-01       7.373e-02       1.573e-01       2.370e-01       2.075e-01       1.532e-01       1.154e-01       
  2.55      4.237e-01       2.775e-01       2.068e-01       2.919e-01       2.803e-01       1.527e-01       3.244e-02       8.823e-02       1.547e-01       1.493e-01       1.113e-01       6.757e-02       
  2.65      9.198e-02       6.025e-02       4.490e-02       6.337e-02       6.084e-02       3.315e-02       1.411e-02       4.899e-02       1.005e-01       1.069e-01       8.059e-02       3.939e-02       
  2.75      1.904e-02       1.247e-02       9.295e-03       1.312e-02       1.260e-02       6.864e-03       6.073e-03       2.693e-02       6.504e-02       7.621e-02       5.808e-02       2.287e-02       
  2.85      3.761e-03       2.464e-03       1.836e-03       2.591e-03       2.488e-03       1.356e-03       2.585e-03       1.465e-02       4.189e-02       5.410e-02       4.169e-02       1.322e-02       
  2.95      7.089e-04       4.644e-04       3.460e-04       4.884e-04       4.689e-04       2.555e-04       1.089e-03       7.899e-03       2.687e-02       3.824e-02       2.980e-02       7.618e-03       
  3.05      1.276e-04       8.355e-05       6.226e-05       8.788e-05       8.438e-05       4.598e-05       4.538e-04       4.217e-03       1.717e-02       2.692e-02       2.121e-02       4.372e-03       
  3.15      2.192e-05       1.436e-05       1.070e-05       1.510e-05       1.450e-05       7.900e-06       1.873e-04       2.231e-03       1.092e-02       1.887e-02       1.504e-02       2.500e-03       
  3.25      3.597e-06       2.356e-06       1.756e-06       2.478e-06       2.379e-06       1.296e-06       7.652e-05       1.169e-03       6.922e-03       1.318e-02       1.063e-02       1.424e-03       
  3.35      5.639e-07       3.694e-07       2.753e-07       3.885e-07       3.730e-07       2.033e-07       3.097e-05       6.074e-04       4.371e-03       9.166e-03       7.477e-03       8.087e-04       
  3.45      8.450e-08       5.535e-08       4.125e-08       5.822e-08       5.589e-08       3.046e-08       1.241e-05       3.127e-04       2.749e-03       6.352e-03       5.243e-03       4.576e-04       
  3.55      1.210e-08       7.928e-09       5.908e-09       8.338e-09       8.006e-09       4.363e-09       4.929e-06       1.596e-04       1.723e-03       4.385e-03       3.663e-03       2.581e-04       
  3.65      1.658e-09       1.086e-09       8.091e-10       1.142e-09       1.096e-09       5.975e-10       1.939e-06       8.076e-05       1.076e-03       3.016e-03       2.550e-03       1.451e-04       
  3.75      2.171e-10       1.422e-10       1.060e-10       1.496e-10       1.436e-10       7.825e-11       7.563e-07       4.052e-05       6.698e-04       2.067e-03       1.769e-03       8.130e-05       
  3.85      2.720e-11       1.782e-11       1.328e-11       1.874e-11       1.799e-11       9.804e-12       2.924e-07       2.016e-05       4.154e-04       1.412e-03       1.223e-03       4.542e-05       
  3.95      3.261e-12       2.136e-12       1.592e-12       2.246e-12       2.157e-12       1.175e-12       1.120e-07       9.952e-06       2.568e-04       9.608e-04       8.425e-04       2.530e-05       
  4.05      3.741e-13       2.450e-13       1.826e-13       2.577e-13       2.474e-13       1.348e-13       4.257e-08       4.872e-06       1.582e-04       6.516e-04       5.786e-04       1.405e-05       
  4.15      4.107e-14       2.690e-14       2.005e-14       2.830e-14       2.717e-14       1.480e-14       1.604e-08       2.366e-06       9.716e-05       4.405e-04       3.960e-04       7.779e-06       
  4.25      4.318e-15       2.828e-15       2.108e-15       2.975e-15       2.856e-15       1.556e-15       5.993e-09       1.140e-06       5.948e-05       2.968e-04       2.702e-04       4.295e-06       
  4.35      4.347e-16       2.847e-16       2.122e-16       2.995e-16       2.875e-16       1.567e-16       2.221e-09       5.451e-07       3.630e-05       1.993e-04       1.838e-04       2.365e-06       
  4.45      4.192e-17       2.745e-17       2.046e-17       2.888e-17       2.773e-17       1.511e-17       8.167e-10       2.586e-07       2.208e-05       1.334e-04       1.246e-04       1.298e-06       
  4.55      3.871e-18       2.536e-18       1.890e-18       2.667e-18       2.561e-18       1.395e-18       2.979e-10       1.218e-07       1.339e-05       8.900e-05       8.423e-05       7.109e-07       
  4.65      3.426e-19       2.244e-19       1.672e-19       2.360e-19       2.266e-19       1.235e-19       1.078e-10       5.692e-08       8.099e-06       5.920e-05       5.676e-05       3.883e-07       
  4.75      2.905e-20       1.903e-20       1.418e-20       2.002e-20       1.922e-20       1.047e-20       3.873e-11       2.641e-08       4.884e-06       3.926e-05       3.814e-05       2.115e-07       
  4.85      2.362e-21       1.547e-21       1.153e-21       1.627e-21       1.562e-21       8.512e-22       1.381e-11       1.216e-08       2.936e-06       2.595e-05       2.555e-05       1.149e-07       
  4.95      1.840e-22       1.205e-22       8.982e-23       1.268e-22       1.217e-22       6.632e-23       4.885e-12       5.561e-09       1.760e-06       1.711e-05       1.707e-05       6.228e-08       
  5.05      1.375e-23       9.004e-24       6.709e-24       9.470e-24       9.092e-24       4.955e-24       1.716e-12       2.525e-09       1.052e-06       1.124e-05       1.137e-05       3.367e-08       
  5.15      9.847e-25       6.450e-25       4.806e-25       6.784e-25       6.513e-25       3.549e-25       5.982e-13       1.138e-09       6.275e-07       7.366e-06       7.551e-06       1.816e-08       
  5.25      6.765e-26       4.431e-26       3.302e-26       4.661e-26       4.475e-26       2.438e-26       2.071e-13       5.095e-10       3.731e-07       4.813e-06       5.001e-06       9.768e-09       
  5.35      4.458e-27       2.920e-27       2.176e-27       3.071e-27       2.949e-27       1.607e-27       7.118e-14       2.265e-10       2.212e-07       3.136e-06       3.304e-06       5.243e-09       
  5.45      2.819e-28       1.846e-28       1.376e-28       1.942e-28       1.864e-28       1.016e-28       2.430e-14       1.000e-10       1.308e-07       2.037e-06       2.176e-06       2.807e-09       
  5.55      1.710e-29       1.120e-29       8.346e-30       1.178e-29       1.131e-29       6.163e-30       8.236e-15       4.385e-11       7.718e-08       1.320e-06       1.430e-06       1.500e-09       
  5.65      9.953e-31       6.519e-31       4.858e-31       6.857e-31       6.584e-31       3.588e-31       2.773e-15       1.910e-11       4.541e-08       8.528e-07       9.367e-07       7.994e-10       
  5.75      5.561e-32       3.642e-32       2.714e-32       3.831e-32       3.678e-32       2.004e-32       9.272e-16       8.266e-12       2.665e-08       5.495e-07       6.122e-07       4.252e-10       
  5.85      2.982e-33       1.953e-33       1.456e-33       2.055e-33       1.973e-33       1.075e-33       3.080e-16       3.553e-12       1.560e-08       3.531e-07       3.990e-07       2.256e-10       
  5.95      1.536e-34       1.006e-34       7.495e-35       1.058e-34       1.016e-34       5.535e-35       1.016e-16       1.518e-12       9.111e-09       2.263e-07       2.594e-07       1.195e-10       
  6.05      7.591e-36       4.972e-36       3.705e-36       5.230e-36       5.021e-36       2.736e-36       3.331e-17       6.440e-13       5.307e-09       1.447e-07       1.682e-07       6.313e-11       
  6.15      3.604e-37       2.360e-37       1.759e-37       2.483e-37       2.384e-37       1.299e-37       1.085e-17       2.715e-13       3.084e-09       9.224e-08       1.088e-07       3.329e-11       
  6.25      1.643e-38       1.076e-38       8.020e-39       1.132e-38       1.087e-38       5.922e-39       3.512e-18       1.138e-13       1.788e-09       5.866e-08       7.021e-08       1.752e-11       
  6.35      7.195e-40       4.713e-40       3.512e-40       4.957e-40       4.759e-40       2.593e-40       1.129e-18       4.736e-14       1.034e-09       3.721e-08       4.519e-08       9.198e-12       
  6.45      3.027e-41       1.983e-41       1.477e-41       2.085e-41       2.002e-41       1.091e-41       3.609e-19       1.960e-14       5.968e-10       2.355e-08       2.902e-08       4.820e-12       
  6.55      1.223e-42       8.013e-43       5.971e-43       8.428e-43       8.092e-43       4.410e-43       1.146e-19       8.058e-15       3.435e-10       1.486e-08       1.859e-08       2.521e-12       
  6.65      4.751e-44       3.112e-44       2.319e-44       3.273e-44       3.143e-44       1.712e-44       3.618e-20       3.293e-15       1.973e-10       9.357e-09       1.188e-08       1.316e-12       
  6.75      1.773e-45       1.161e-45       8.654e-46       1.222e-45       1.173e-45       6.391e-46       1.135e-20       1.338e-15       1.131e-10       5.877e-09       7.572e-09       6.854e-13       
  6.85      6.359e-47       4.165e-47       3.104e-47       4.381e-47       4.206e-47       2.292e-47       3.540e-21       5.402e-16       6.466e-11       3.682e-09       4.816e-09       3.563e-13       
  6.95      2.192e-48       1.436e-48       1.070e-48       1.510e-48       1.450e-48       7.902e-49       1.097e-21       2.168e-16       3.689e-11       2.302e-09       3.056e-09       1.849e-13       
  7.05      7.266e-50       4.759e-50       3.546e-50       5.006e-50       4.806e-50       2.619e-50       3.382e-22       8.651e-17       2.100e-11       1.435e-09       1.935e-09       9.578e-14       
  7.15      2.315e-51       1.516e-51       1.130e-51       1.595e-51       1.531e-51       8.344e-52       1.036e-22       3.431e-17       1.193e-11       8.929e-10       1.222e-09       4.952e-14       
  7.25      7.091e-53       4.645e-53       3.461e-53       4.886e-53       4.691e-53       2.556e-53       3.156e-23       1.353e-17       6.764e-12       5.542e-10       7.702e-10       2.555e-14       
  7.35      2.089e-54       1.368e-54       1.020e-54       1.439e-54       1.382e-54       7.530e-55       9.557e-24       5.306e-18       3.826e-12       3.432e-10       4.843e-10       1.316e-14       
  7.45      5.918e-56       3.876e-56       2.889e-56       4.077e-56       3.914e-56       2.133e-56       2.878e-24       2.068e-18       2.160e-12       2.120e-10       3.039e-10       6.767e-15       
  7.55      1.612e-57       1.056e-57       7.870e-58       1.111e-57       1.067e-57       5.812e-58       8.617e-25       8.016e-19       1.217e-12       1.307e-10       1.903e-10       3.473e-15       
  7.65      4.226e-59       2.768e-59       2.063e-59       2.911e-59       2.795e-59       1.523e-59       2.566e-25       3.090e-19       6.839e-13       8.039e-11       1.189e-10       1.779e-15       
  7.75      1.065e-60       6.979e-61       5.200e-61       7.340e-61       7.047e-61       3.840e-61       7.597e-26       1.184e-19       3.837e-13       4.933e-11       7.409e-11       9.100e-16       
  7.85      2.584e-62       1.693e-62       1.261e-62       1.780e-62       1.709e-62       9.315e-63       2.237e-26       4.513e-20       2.148e-13       3.021e-11       4.609e-11       4.646e-16       
  8.00      9.081e-65       5.948e-65       4.433e-65       6.256e-65       6.007e-65       3.273e-65       3.539e-27       1.051e-20       8.966e-14       1.441e-11       2.252e-11       1.689e-16       