* De conditionele overschrijdingskans van de zeewaterstand met statistische onzekerheid gegeven de windrichting
* voor een 12-uursperiode te IJmuiden - Additional, gelegen op locatie: 
* 108133, 495081
* 
* Deze statistiek is afgeleid met dezelfde methode als gebruikt in 3280.20.03.
* De door Deltares op 10 november 2016 aangeleverde statistiek is gebruikt als bron.
*
* Het waterstandsbereik waarvoor de overschrijdingskansen zijn gegeven is het hoogwater 2017 tot 8.00 m + NAP
* met een stapgrootte van 0.1 m. De laatste stapgrootte kan afwijken om op 8.00 m uit te komen. Hierbij wordt
* een stapgrootte van minimaal 6 en maximaal 15 cm gekozen.
* 
* Door: G.W.F. Rongen van HKV lijn in water
* Project: PR3510.10
*
* m (m+NAP) 30              60              90              120             150             180             210             240             270             300             330             360
  1.04      1.000e+00       1.000e+00       1.000e+00       1.000e+00       1.000e+00       1.000e+00       1.000e+00       1.000e+00       1.000e+00       1.000e+00       1.000e+00       1.000e+00       
  1.14      4.307e-01       3.738e-01       3.390e-01       3.801e-01       3.750e-01       3.066e-01       3.541e-01       6.682e-01       8.235e-01       7.691e-01       6.468e-01       5.013e-01       
  1.24      1.899e-01       1.431e-01       1.177e-01       1.481e-01       1.441e-01       9.622e-02       1.285e-01       4.535e-01       6.839e-01       5.980e-01       4.253e-01       2.568e-01       
  1.34      8.349e-02       5.536e-02       4.162e-02       5.814e-02       5.589e-02       3.101e-02       4.783e-02       2.994e-01       5.525e-01       4.579e-01       2.816e-01       1.339e-01       
  1.44      3.570e-02       2.338e-02       1.743e-02       2.459e-02       2.361e-02       1.287e-02       2.245e-02       1.587e-01       3.632e-01       3.128e-01       1.975e-01       8.044e-02       
  1.54      1.517e-02       9.939e-03       7.408e-03       1.045e-02       1.004e-02       5.470e-03       1.079e-02       8.241e-02       2.353e-01       2.127e-01       1.399e-01       4.908e-02       
  1.64      6.433e-03       4.214e-03       3.140e-03       4.432e-03       4.255e-03       2.319e-03       5.181e-03       4.286e-02       1.529e-01       1.454e-01       9.948e-02       3.000e-02       
  1.74      2.720e-03       1.782e-03       1.328e-03       1.874e-03       1.799e-03       9.804e-04       2.488e-03       2.232e-02       9.974e-02       9.995e-02       7.102e-02       1.836e-02       
  1.84      1.147e-03       7.514e-04       5.600e-04       7.903e-04       7.588e-04       4.135e-04       1.194e-03       1.163e-02       6.527e-02       6.901e-02       5.089e-02       1.125e-02       
  1.94      4.827e-04       3.161e-04       2.356e-04       3.325e-04       3.193e-04       1.740e-04       5.727e-04       6.071e-03       4.284e-02       4.786e-02       3.660e-02       6.907e-03       
  2.04      2.026e-04       1.327e-04       9.892e-05       1.396e-04       1.340e-04       7.304e-05       2.746e-04       3.172e-03       2.819e-02       3.333e-02       2.640e-02       4.244e-03       
  2.14      8.488e-05       5.560e-05       4.144e-05       5.848e-05       5.615e-05       3.060e-05       1.316e-04       1.658e-03       1.861e-02       2.330e-02       1.910e-02       2.611e-03       
  2.24      3.549e-05       2.324e-05       1.732e-05       2.445e-05       2.347e-05       1.279e-05       6.308e-05       8.679e-04       1.231e-02       1.635e-02       1.386e-02       1.609e-03       
  2.34      1.481e-05       9.698e-06       7.228e-06       1.020e-05       9.795e-06       5.337e-06       3.021e-05       4.546e-04       8.163e-03       1.151e-02       1.009e-02       9.919e-04       
  2.44      6.166e-06       4.039e-06       3.010e-06       4.248e-06       4.079e-06       2.223e-06       1.447e-05       2.383e-04       5.426e-03       8.135e-03       7.358e-03       6.123e-04       
  2.54      2.563e-06       1.679e-06       1.251e-06       1.766e-06       1.696e-06       9.240e-07       6.927e-06       1.250e-04       3.615e-03       5.765e-03       5.381e-03       3.783e-04       
  2.64      1.064e-06       6.968e-07       5.193e-07       7.329e-07       7.037e-07       3.835e-07       3.315e-06       6.566e-05       2.413e-03       4.098e-03       3.944e-03       2.340e-04       
  2.74      4.407e-07       2.887e-07       2.151e-07       3.036e-07       2.915e-07       1.589e-07       1.586e-06       3.450e-05       1.614e-03       2.921e-03       2.897e-03       1.448e-04       
  2.84      1.821e-07       1.193e-07       8.891e-08       1.255e-07       1.205e-07       6.565e-08       7.581e-07       1.813e-05       1.081e-03       2.087e-03       2.132e-03       8.968e-05       
  2.94      7.470e-08       4.893e-08       3.646e-08       5.146e-08       4.941e-08       2.693e-08       3.600e-07       9.474e-06       7.219e-04       1.489e-03       1.566e-03       5.528e-05       
  3.04      3.119e-08       2.043e-08       1.523e-08       2.149e-08       2.063e-08       1.124e-08       1.735e-07       5.018e-06       4.863e-04       1.070e-03       1.158e-03       3.440e-05       
  3.14      1.306e-08       8.552e-09       6.374e-09       8.995e-09       8.637e-09       4.706e-09       8.384e-08       2.664e-06       3.284e-04       7.718e-04       8.587e-04       2.145e-05       
  3.24      5.478e-09       3.588e-09       2.674e-09       3.774e-09       3.624e-09       1.975e-09       4.061e-08       1.418e-06       2.222e-04       5.581e-04       6.380e-04       1.340e-05       
  3.34      2.304e-09       1.509e-09       1.125e-09       1.587e-09       1.524e-09       8.304e-10       1.971e-08       7.570e-07       1.508e-04       4.046e-04       4.750e-04       8.382e-06       
  3.44      9.708e-10       6.359e-10       4.739e-10       6.688e-10       6.422e-10       3.499e-10       9.589e-09       4.049e-07       1.025e-04       2.940e-04       3.543e-04       5.252e-06       
  3.54      4.089e-10       2.678e-10       1.996e-10       2.817e-10       2.705e-10       1.474e-10       4.662e-09       2.164e-07       6.963e-05       2.137e-04       2.642e-04       3.288e-06       
  3.64      1.726e-10       1.130e-10       8.424e-11       1.189e-10       1.142e-10       6.220e-11       2.270e-09       1.159e-07       4.736e-05       1.556e-04       1.973e-04       2.060e-06       
  3.74      7.401e-11       4.848e-11       3.613e-11       5.099e-11       4.896e-11       2.668e-11       1.120e-09       6.273e-08       3.243e-05       1.139e-04       1.480e-04       1.300e-06       
  3.84      3.213e-11       2.104e-11       1.568e-11       2.214e-11       2.125e-11       1.158e-11       5.574e-10       3.423e-08       2.231e-05       8.377e-05       1.115e-04       8.250e-07       
  3.94      1.403e-11       9.192e-12       6.851e-12       9.668e-12       9.283e-12       5.059e-12       2.789e-10       1.876e-08       1.538e-05       6.176e-05       8.413e-05       5.249e-07       
  4.04      6.162e-12       4.036e-12       3.008e-12       4.245e-12       4.076e-12       2.221e-12       1.401e-10       1.032e-08       1.063e-05       4.564e-05       6.361e-05       3.348e-07       
  4.14      2.719e-12       1.781e-12       1.327e-12       1.873e-12       1.798e-12       9.799e-13       7.067e-11       5.694e-09       7.364e-06       3.378e-05       4.815e-05       2.139e-07       
  4.24      1.204e-12       7.889e-13       5.880e-13       8.298e-13       7.967e-13       4.342e-13       3.576e-11       3.151e-09       5.105e-06       2.503e-05       3.648e-05       1.369e-07       
  4.34      5.359e-13       3.510e-13       2.616e-13       3.692e-13       3.545e-13       1.932e-13       1.815e-11       1.748e-09       3.545e-06       1.858e-05       2.767e-05       8.771e-08       
  4.44      2.400e-13       1.572e-13       1.172e-13       1.654e-13       1.588e-13       8.652e-14       9.269e-12       9.752e-10       2.470e-06       1.384e-05       2.105e-05       5.642e-08       
  4.54      1.088e-13       7.126e-14       5.311e-14       7.496e-14       7.197e-14       3.922e-14       4.782e-12       5.490e-10       1.731e-06       1.035e-05       1.608e-05       3.654e-08       
  4.64      5.010e-14       3.282e-14       2.446e-14       3.452e-14       3.314e-14       1.806e-14       2.499e-12       3.124e-10       1.220e-06       7.783e-06       1.233e-05       2.383e-08       
  4.74      2.342e-14       1.534e-14       1.143e-14       1.613e-14       1.549e-14       8.441e-15       1.320e-12       1.794e-10       8.636e-07       5.872e-06       9.486e-06       1.563e-08       
  4.84      1.107e-14       7.249e-15       5.403e-15       7.625e-15       7.321e-15       3.989e-15       7.032e-13       1.037e-10       6.133e-07       4.442e-06       7.314e-06       1.029e-08       
  4.94      5.271e-15       3.453e-15       2.573e-15       3.631e-15       3.487e-15       1.900e-15       3.768e-13       6.020e-11       4.366e-07       3.368e-06       5.649e-06       6.798e-09       
  5.04      2.527e-15       1.655e-15       1.233e-15       1.741e-15       1.671e-15       9.107e-16       2.029e-13       3.511e-11       3.116e-07       2.559e-06       4.371e-06       4.503e-09       
  5.14      1.218e-15       7.978e-16       5.946e-16       8.392e-16       8.058e-16       4.391e-16       1.098e-13       2.056e-11       2.230e-07       1.948e-06       3.389e-06       2.992e-09       
  5.24      5.906e-16       3.869e-16       2.883e-16       4.069e-16       3.907e-16       2.129e-16       5.971e-14       1.210e-11       1.600e-07       1.487e-06       2.634e-06       1.994e-09       
  5.34      2.882e-16       1.887e-16       1.407e-16       1.985e-16       1.906e-16       1.039e-16       3.265e-14       7.151e-12       1.152e-07       1.139e-06       2.052e-06       1.334e-09       
  5.44      1.416e-16       9.271e-17       6.910e-17       9.752e-17       9.364e-17       5.102e-17       1.796e-14       4.252e-12       8.328e-08       8.753e-07       1.604e-06       8.966e-10       
  5.54      7.010e-17       4.591e-17       3.422e-17       4.829e-17       4.637e-17       2.527e-17       9.954e-15       2.545e-12       6.046e-08       6.749e-07       1.257e-06       6.056e-10       
  5.64      3.504e-17       2.295e-17       1.710e-17       2.414e-17       2.318e-17       1.263e-17       5.562e-15       1.535e-12       4.407e-08       5.223e-07       9.888e-07       4.112e-10       
  5.74      1.769e-17       1.159e-17       8.637e-18       1.219e-17       1.170e-17       6.377e-18       3.134e-15       9.319e-13       3.225e-08       4.054e-07       7.798e-07       2.806e-10       
  5.84      9.027e-18       5.913e-18       4.407e-18       6.219e-18       5.971e-18       3.254e-18       1.781e-15       5.697e-13       2.369e-08       3.155e-07       6.164e-07       1.923e-10       
  5.94      4.651e-18       3.046e-18       2.270e-18       3.204e-18       3.076e-18       1.676e-18       1.019e-15       3.504e-13       1.745e-08       2.462e-07       4.883e-07       1.323e-10       
  6.04      2.417e-18       1.583e-18       1.180e-18       1.665e-18       1.599e-18       8.711e-19       5.869e-16       2.165e-13       1.288e-08       1.925e-07       3.876e-07       9.128e-11       
  6.14      1.265e-18       8.284e-19       6.174e-19       8.713e-19       8.366e-19       4.559e-19       3.398e-16       1.344e-13       9.537e-09       1.508e-07       3.082e-07       6.318e-11       
  6.24      6.659e-19       4.362e-19       3.251e-19       4.588e-19       4.405e-19       2.400e-19       1.977e-16       8.377e-14       7.076e-09       1.184e-07       2.455e-07       4.385e-11       
  6.34      3.525e-19       2.309e-19       1.721e-19       2.428e-19       2.332e-19       1.270e-19       1.155e-16       5.239e-14       5.261e-09       9.315e-08       1.958e-07       3.051e-11       
  6.44      1.874e-19       1.228e-19       9.150e-20       1.291e-19       1.240e-19       6.756e-20       6.769e-17       3.287e-14       3.919e-09       7.340e-08       1.565e-07       2.128e-11       
  6.54      1.001e-19       6.557e-20       4.887e-20       6.897e-20       6.623e-20       3.609e-20       3.983e-17       2.069e-14       2.926e-09       5.793e-08       1.252e-07       1.487e-11       
  6.64      5.370e-20       3.517e-20       2.621e-20       3.699e-20       3.552e-20       1.936e-20       2.352e-17       1.306e-14       2.188e-09       4.580e-08       1.004e-07       1.042e-11       
  6.74      2.892e-20       1.894e-20       1.412e-20       1.992e-20       1.913e-20       1.042e-20       1.394e-17       8.271e-15       1.640e-09       3.627e-08       8.055e-08       7.315e-12       
  6.84      1.563e-20       1.024e-20       7.631e-21       1.077e-20       1.034e-20       5.635e-21       8.283e-18       5.252e-15       1.231e-09       2.877e-08       6.475e-08       5.147e-12       
  6.94      8.483e-21       5.556e-21       4.141e-21       5.844e-21       5.611e-21       3.058e-21       4.939e-18       3.345e-15       9.257e-10       2.286e-08       5.211e-08       3.629e-12       
  7.04      4.620e-21       3.026e-21       2.255e-21       3.183e-21       3.056e-21       1.665e-21       2.954e-18       2.136e-15       6.974e-10       1.818e-08       4.200e-08       2.563e-12       
  7.14      2.525e-21       1.654e-21       1.232e-21       1.739e-21       1.670e-21       9.100e-22       1.772e-18       1.367e-15       5.262e-10       1.449e-08       3.389e-08       1.814e-12       
  7.24      1.385e-21       9.068e-22       6.759e-22       9.539e-22       9.159e-22       4.991e-22       1.066e-18       8.776e-16       3.977e-10       1.156e-08       2.738e-08       1.287e-12       
  7.34      7.618e-22       4.990e-22       3.719e-22       5.248e-22       5.039e-22       2.746e-22       6.433e-19       5.647e-16       3.011e-10       9.236e-09       2.215e-08       9.140e-13       
  7.44      4.205e-22       2.754e-22       2.053e-22       2.897e-22       2.782e-22       1.516e-22       3.892e-19       3.642e-16       2.283e-10       7.389e-09       1.794e-08       6.505e-13       
  7.54      2.329e-22       1.525e-22       1.137e-22       1.604e-22       1.540e-22       8.394e-23       2.361e-19       2.355e-16       1.734e-10       5.920e-09       1.455e-08       4.638e-13       
  7.64      1.293e-22       8.472e-23       6.314e-23       8.911e-23       8.556e-23       4.662e-23       1.436e-19       1.526e-16       1.318e-10       4.748e-09       1.181e-08       3.312e-13       
  7.74      7.206e-23       4.720e-23       3.518e-23       4.964e-23       4.767e-23       2.597e-23       8.756e-20       9.910e-17       1.004e-10       3.814e-09       9.598e-09       2.370e-13       
  7.84      4.026e-23       2.637e-23       1.965e-23       2.774e-23       2.663e-23       1.451e-23       5.352e-20       6.451e-17       7.657e-11       3.067e-09       7.808e-09       1.698e-13       
  7.94      2.256e-23       1.478e-23       1.101e-23       1.554e-23       1.492e-23       8.132e-24       3.279e-20       4.208e-17       5.848e-11       2.469e-09       6.358e-09       1.219e-13       
  8.00      1.596e-23       1.045e-23       7.790e-24       1.099e-23       1.056e-23       5.752e-24       2.447e-20       3.260e-17       4.978e-11       2.169e-09       5.624e-09       9.994e-14       