*
* Meerpeilgolven van het Veerse meer
*
* De eerste kolom bevat tijdstippen in de meerpeilgolf in uren.
* De eerste rij bevat piekwaarden van de golven in m+NAP
* De overige rijen en kolommen bevatten de meerpeilgolven in m+NAP
* waarbij de kolommen de meerpeilgolven bevatten.
*
* De eerste regel van het bestand bestaat uit twee getallen:
* 1) het aantal tijdstappen in een meerpeilgolf
* 2) het aantal meerpeilniveaus in een golf
     41    136
        -0.400  -0.390  -0.380  -0.370  -0.360  -0.350  -0.340  -0.330  -0.320  -0.310  -0.300  -0.290  -0.280  -0.270  -0.260  -0.250  -0.240  -0.230  -0.220  -0.210  -0.200  -0.190  -0.180  -0.170  -0.160  -0.150  -0.140  -0.130  -0.120  -0.110  -0.100  -0.090  -0.080  -0.070  -0.060  -0.050  -0.040  -0.030  -0.020  -0.010   0.000   0.010   0.020   0.030   0.040   0.050   0.060   0.070   0.080   0.090   0.100   0.110   0.120   0.130   0.140   0.150   0.160   0.170   0.180   0.190   0.200   0.210   0.220   0.230   0.240   0.250   0.260   0.270   0.280   0.290   0.300   0.310   0.320   0.330   0.340   0.350   0.360   0.370   0.380   0.390   0.400   0.410   0.420   0.430   0.440   0.450   0.460   0.470   0.480   0.490   0.500   0.510   0.520   0.530   0.540   0.550   0.560   0.570   0.580   0.590   0.600   0.610   0.620   0.630   0.640   0.650   0.660   0.670   0.680   0.690   0.700   0.710   0.720   0.730   0.740   0.750   0.760   0.770   0.780   0.790   0.800   0.810   0.820   0.830   0.840   0.850   0.860   0.870   0.880   0.890   0.900   0.910   0.920   0.930   0.940   0.950
   0.0 -0.4000 -0.4000 -0.4000 -0.4000 -0.4000 -0.4000 -0.4000 -0.4000 -0.4000 -0.4000 -0.4000 -0.4000 -0.4000 -0.4000 -0.4000 -0.4000 -0.4000 -0.4000 -0.4000 -0.4000 -0.4000 -0.4000 -0.4000 -0.4000 -0.4000 -0.4000 -0.4000 -0.4000 -0.4000 -0.4000 -0.4000 -0.4000 -0.4000 -0.4000 -0.4000 -0.4000 -0.4000 -0.4000 -0.4000 -0.4000 -0.4000 -0.4000 -0.4000 -0.4000 -0.4000 -0.4000 -0.4000 -0.4000 -0.4000 -0.4000 -0.4000 -0.4000 -0.4000 -0.4000 -0.4000 -0.4000 -0.4000 -0.4000 -0.4000 -0.4000 -0.4000 -0.4000 -0.4000 -0.4000 -0.4000 -0.4000 -0.4000 -0.4000 -0.4000 -0.4000 -0.4000 -0.4000 -0.4000 -0.4000 -0.4000 -0.4000 -0.4000 -0.4000 -0.4000 -0.4000 -0.4000 -0.4000 -0.4000 -0.4000 -0.4000 -0.4000 -0.4000 -0.4000 -0.4000 -0.4000 -0.4000 -0.4000 -0.4000 -0.4000 -0.4000 -0.4000 -0.4000 -0.4000 -0.4000 -0.4000 -0.4000 -0.4000 -0.4000 -0.4000 -0.4000 -0.4000 -0.4000 -0.4000 -0.4000 -0.4000 -0.4000 -0.4000 -0.4000 -0.4000 -0.4000 -0.4000 -0.4000 -0.4000 -0.4000 -0.4000 -0.4000 -0.4000 -0.4000 -0.4000 -0.4000 -0.4000 -0.4000 -0.4000 -0.4000 -0.4000 -0.4000 -0.4000 -0.4000 -0.4000 -0.4000 -0.4000
  12.0 -0.4000 -0.3900 -0.3867 -0.3867 -0.3867 -0.3867 -0.3867 -0.3867 -0.3867 -0.3867 -0.3867 -0.3867 -0.3867 -0.3867 -0.3867 -0.3867 -0.3867 -0.3867 -0.3867 -0.3867 -0.3867 -0.3867 -0.3867 -0.3867 -0.3867 -0.3861 -0.3856 -0.3850 -0.3844 -0.3839 -0.3833 -0.3828 -0.3822 -0.3817 -0.3811 -0.3806 -0.3800 -0.3794 -0.3789 -0.3783 -0.3778 -0.3772 -0.3767 -0.3761 -0.3756 -0.3750 -0.3744 -0.3739 -0.3733 -0.3728 -0.3722 -0.3717 -0.3711 -0.3706 -0.3700 -0.3694 -0.3689 -0.3683 -0.3678 -0.3672 -0.3667 -0.3661 -0.3656 -0.3650 -0.3644 -0.3639 -0.3633 -0.3628 -0.3622 -0.3617 -0.3611 -0.3606 -0.3600 -0.3594 -0.3589 -0.3583 -0.3578 -0.3572 -0.3567 -0.3561 -0.3556 -0.3550 -0.3544 -0.3539 -0.3533 -0.3528 -0.3522 -0.3517 -0.3511 -0.3506 -0.3500 -0.3494 -0.3489 -0.3483 -0.3478 -0.3472 -0.3467 -0.3461 -0.3456 -0.3450 -0.3444 -0.3439 -0.3433 -0.3428 -0.3422 -0.3417 -0.3411 -0.3406 -0.3400 -0.3394 -0.3389 -0.3383 -0.3378 -0.3372 -0.3367 -0.3361 -0.3356 -0.3350 -0.3344 -0.3339 -0.3333 -0.3328 -0.3322 -0.3317 -0.3311 -0.3306 -0.3300 -0.3294 -0.3289 -0.3283 -0.3278 -0.3272 -0.3267 -0.3261 -0.3256 -0.3250
  24.0 -0.4000 -0.3900 -0.3800 -0.3733 -0.3733 -0.3733 -0.3733 -0.3733 -0.3733 -0.3733 -0.3733 -0.3733 -0.3733 -0.3733 -0.3733 -0.3733 -0.3733 -0.3733 -0.3733 -0.3733 -0.3733 -0.3733 -0.3733 -0.3733 -0.3733 -0.3722 -0.3711 -0.3700 -0.3689 -0.3678 -0.3667 -0.3656 -0.3644 -0.3633 -0.3622 -0.3611 -0.3600 -0.3589 -0.3578 -0.3567 -0.3556 -0.3544 -0.3533 -0.3522 -0.3511 -0.3500 -0.3489 -0.3478 -0.3467 -0.3456 -0.3444 -0.3433 -0.3422 -0.3411 -0.3400 -0.3389 -0.3378 -0.3367 -0.3356 -0.3344 -0.3333 -0.3322 -0.3311 -0.3300 -0.3289 -0.3278 -0.3267 -0.3256 -0.3244 -0.3233 -0.3222 -0.3211 -0.3200 -0.3189 -0.3178 -0.3167 -0.3156 -0.3144 -0.3133 -0.3122 -0.3111 -0.3100 -0.3089 -0.3078 -0.3067 -0.3056 -0.3044 -0.3033 -0.3022 -0.3011 -0.3000 -0.2989 -0.2978 -0.2967 -0.2956 -0.2944 -0.2933 -0.2922 -0.2911 -0.2900 -0.2889 -0.2878 -0.2867 -0.2856 -0.2844 -0.2833 -0.2822 -0.2811 -0.2800 -0.2789 -0.2778 -0.2767 -0.2756 -0.2744 -0.2733 -0.2722 -0.2711 -0.2700 -0.2689 -0.2678 -0.2667 -0.2656 -0.2644 -0.2633 -0.2622 -0.2611 -0.2600 -0.2589 -0.2578 -0.2567 -0.2556 -0.2544 -0.2533 -0.2522 -0.2511 -0.2500
  36.0 -0.4000 -0.3900 -0.3800 -0.3700 -0.3600 -0.3600 -0.3600 -0.3600 -0.3600 -0.3600 -0.3600 -0.3600 -0.3600 -0.3600 -0.3600 -0.3600 -0.3600 -0.3600 -0.3600 -0.3600 -0.3600 -0.3600 -0.3600 -0.3600 -0.3600 -0.3583 -0.3567 -0.3550 -0.3533 -0.3517 -0.3500 -0.3483 -0.3467 -0.3450 -0.3433 -0.3417 -0.3400 -0.3383 -0.3367 -0.3350 -0.3333 -0.3317 -0.3300 -0.3283 -0.3267 -0.3250 -0.3233 -0.3217 -0.3200 -0.3183 -0.3167 -0.3150 -0.3133 -0.3117 -0.3100 -0.3083 -0.3067 -0.3050 -0.3033 -0.3017 -0.3000 -0.2983 -0.2967 -0.2950 -0.2933 -0.2917 -0.2900 -0.2883 -0.2867 -0.2850 -0.2833 -0.2817 -0.2800 -0.2783 -0.2767 -0.2750 -0.2733 -0.2717 -0.2700 -0.2683 -0.2667 -0.2650 -0.2633 -0.2617 -0.2600 -0.2583 -0.2567 -0.2550 -0.2533 -0.2517 -0.2500 -0.2483 -0.2467 -0.2450 -0.2433 -0.2417 -0.2400 -0.2383 -0.2367 -0.2350 -0.2333 -0.2317 -0.2300 -0.2283 -0.2267 -0.2250 -0.2233 -0.2217 -0.2200 -0.2183 -0.2167 -0.2150 -0.2133 -0.2117 -0.2100 -0.2083 -0.2067 -0.2050 -0.2033 -0.2017 -0.2000 -0.1983 -0.1967 -0.1950 -0.1933 -0.1917 -0.1900 -0.1883 -0.1867 -0.1850 -0.1833 -0.1817 -0.1800 -0.1783 -0.1767 -0.1750
  48.0 -0.4000 -0.3900 -0.3800 -0.3700 -0.3600 -0.3500 -0.3467 -0.3467 -0.3467 -0.3467 -0.3467 -0.3467 -0.3467 -0.3467 -0.3467 -0.3467 -0.3467 -0.3467 -0.3467 -0.3467 -0.3467 -0.3467 -0.3467 -0.3467 -0.3467 -0.3444 -0.3422 -0.3400 -0.3378 -0.3356 -0.3333 -0.3311 -0.3289 -0.3267 -0.3244 -0.3222 -0.3200 -0.3178 -0.3156 -0.3133 -0.3111 -0.3089 -0.3067 -0.3044 -0.3022 -0.3000 -0.2978 -0.2956 -0.2933 -0.2911 -0.2889 -0.2867 -0.2844 -0.2822 -0.2800 -0.2778 -0.2756 -0.2733 -0.2711 -0.2689 -0.2667 -0.2644 -0.2622 -0.2600 -0.2578 -0.2556 -0.2533 -0.2511 -0.2489 -0.2467 -0.2444 -0.2422 -0.2400 -0.2378 -0.2356 -0.2333 -0.2311 -0.2289 -0.2267 -0.2244 -0.2222 -0.2200 -0.2178 -0.2156 -0.2133 -0.2111 -0.2089 -0.2067 -0.2044 -0.2022 -0.2000 -0.1978 -0.1956 -0.1933 -0.1911 -0.1889 -0.1867 -0.1844 -0.1822 -0.1800 -0.1778 -0.1756 -0.1733 -0.1711 -0.1689 -0.1667 -0.1644 -0.1622 -0.1600 -0.1578 -0.1556 -0.1533 -0.1511 -0.1489 -0.1467 -0.1444 -0.1422 -0.1400 -0.1378 -0.1356 -0.1333 -0.1311 -0.1289 -0.1267 -0.1244 -0.1222 -0.1200 -0.1178 -0.1156 -0.1133 -0.1111 -0.1089 -0.1067 -0.1044 -0.1022 -0.1000
  60.0 -0.4000 -0.3900 -0.3800 -0.3700 -0.3600 -0.3500 -0.3400 -0.3333 -0.3333 -0.3333 -0.3333 -0.3333 -0.3333 -0.3333 -0.3333 -0.3333 -0.3333 -0.3333 -0.3333 -0.3333 -0.3333 -0.3333 -0.3333 -0.3333 -0.3333 -0.3306 -0.3278 -0.3250 -0.3222 -0.3194 -0.3167 -0.3139 -0.3111 -0.3083 -0.3056 -0.3028 -0.3000 -0.2972 -0.2944 -0.2917 -0.2889 -0.2861 -0.2833 -0.2806 -0.2778 -0.2750 -0.2722 -0.2694 -0.2667 -0.2639 -0.2611 -0.2583 -0.2556 -0.2528 -0.2500 -0.2472 -0.2444 -0.2417 -0.2389 -0.2361 -0.2333 -0.2306 -0.2278 -0.2250 -0.2222 -0.2194 -0.2167 -0.2139 -0.2111 -0.2083 -0.2056 -0.2028 -0.2000 -0.1972 -0.1944 -0.1917 -0.1889 -0.1861 -0.1833 -0.1806 -0.1778 -0.1750 -0.1722 -0.1694 -0.1667 -0.1639 -0.1611 -0.1583 -0.1556 -0.1528 -0.1500 -0.1472 -0.1444 -0.1417 -0.1389 -0.1361 -0.1333 -0.1306 -0.1278 -0.1250 -0.1222 -0.1194 -0.1167 -0.1139 -0.1111 -0.1083 -0.1056 -0.1028 -0.1000 -0.0972 -0.0944 -0.0917 -0.0889 -0.0861 -0.0833 -0.0806 -0.0778 -0.0750 -0.0722 -0.0694 -0.0667 -0.0639 -0.0611 -0.0583 -0.0556 -0.0528 -0.0500 -0.0472 -0.0444 -0.0417 -0.0389 -0.0361 -0.0333 -0.0306 -0.0278 -0.0250
  72.0 -0.4000 -0.3900 -0.3800 -0.3700 -0.3600 -0.3500 -0.3400 -0.3300 -0.3200 -0.3200 -0.3200 -0.3200 -0.3200 -0.3200 -0.3200 -0.3200 -0.3200 -0.3200 -0.3200 -0.3200 -0.3200 -0.3200 -0.3200 -0.3200 -0.3200 -0.3167 -0.3133 -0.3100 -0.3067 -0.3033 -0.3000 -0.2967 -0.2933 -0.2900 -0.2867 -0.2833 -0.2800 -0.2767 -0.2733 -0.2700 -0.2667 -0.2633 -0.2600 -0.2567 -0.2533 -0.2500 -0.2467 -0.2433 -0.2400 -0.2367 -0.2333 -0.2300 -0.2267 -0.2233 -0.2200 -0.2167 -0.2133 -0.2100 -0.2067 -0.2033 -0.2000 -0.1967 -0.1933 -0.1900 -0.1867 -0.1833 -0.1800 -0.1767 -0.1733 -0.1700 -0.1667 -0.1633 -0.1600 -0.1567 -0.1533 -0.1500 -0.1467 -0.1433 -0.1400 -0.1367 -0.1333 -0.1300 -0.1267 -0.1233 -0.1200 -0.1167 -0.1133 -0.1100 -0.1067 -0.1033 -0.1000 -0.0967 -0.0933 -0.0900 -0.0867 -0.0833 -0.0800 -0.0767 -0.0733 -0.0700 -0.0667 -0.0633 -0.0600 -0.0567 -0.0533 -0.0500 -0.0467 -0.0433 -0.0400 -0.0367 -0.0333 -0.0300 -0.0267 -0.0233 -0.0200 -0.0167 -0.0133 -0.0100 -0.0067 -0.0033  0.0000  0.0033  0.0067  0.0100  0.0133  0.0167  0.0200  0.0233  0.0267  0.0300  0.0333  0.0367  0.0400  0.0433  0.0467  0.0500
  84.0 -0.4000 -0.3900 -0.3800 -0.3700 -0.3600 -0.3500 -0.3400 -0.3300 -0.3200 -0.3100 -0.3067 -0.3067 -0.3067 -0.3067 -0.3067 -0.3067 -0.3067 -0.3067 -0.3067 -0.3067 -0.3067 -0.3067 -0.3067 -0.3067 -0.3067 -0.3028 -0.2989 -0.2950 -0.2911 -0.2872 -0.2833 -0.2794 -0.2756 -0.2717 -0.2678 -0.2639 -0.2600 -0.2561 -0.2522 -0.2483 -0.2444 -0.2406 -0.2367 -0.2328 -0.2289 -0.2250 -0.2211 -0.2172 -0.2133 -0.2094 -0.2056 -0.2017 -0.1978 -0.1939 -0.1900 -0.1861 -0.1822 -0.1783 -0.1744 -0.1706 -0.1667 -0.1628 -0.1589 -0.1550 -0.1511 -0.1472 -0.1433 -0.1394 -0.1356 -0.1317 -0.1278 -0.1239 -0.1200 -0.1161 -0.1122 -0.1083 -0.1044 -0.1006 -0.0967 -0.0928 -0.0889 -0.0850 -0.0811 -0.0772 -0.0733 -0.0694 -0.0656 -0.0617 -0.0578 -0.0539 -0.0500 -0.0461 -0.0422 -0.0383 -0.0344 -0.0306 -0.0267 -0.0228 -0.0189 -0.0150 -0.0111 -0.0072 -0.0033  0.0006  0.0044  0.0083  0.0122  0.0161  0.0200  0.0239  0.0278  0.0317  0.0356  0.0394  0.0433  0.0472  0.0511  0.0550  0.0589  0.0628  0.0667  0.0706  0.0744  0.0783  0.0822  0.0861  0.0900  0.0939  0.0978  0.1017  0.1056  0.1094  0.1133  0.1172  0.1211  0.1250
  96.0 -0.4000 -0.3900 -0.3800 -0.3700 -0.3600 -0.3500 -0.3400 -0.3300 -0.3200 -0.3100 -0.3000 -0.2933 -0.2933 -0.2933 -0.2933 -0.2933 -0.2933 -0.2933 -0.2933 -0.2933 -0.2933 -0.2933 -0.2933 -0.2933 -0.2933 -0.2889 -0.2844 -0.2800 -0.2756 -0.2711 -0.2667 -0.2622 -0.2578 -0.2533 -0.2489 -0.2444 -0.2400 -0.2356 -0.2311 -0.2267 -0.2222 -0.2178 -0.2133 -0.2089 -0.2044 -0.2000 -0.1956 -0.1911 -0.1867 -0.1822 -0.1778 -0.1733 -0.1689 -0.1644 -0.1600 -0.1556 -0.1511 -0.1467 -0.1422 -0.1378 -0.1333 -0.1289 -0.1244 -0.1200 -0.1156 -0.1111 -0.1067 -0.1022 -0.0978 -0.0933 -0.0889 -0.0844 -0.0800 -0.0756 -0.0711 -0.0667 -0.0622 -0.0578 -0.0533 -0.0489 -0.0444 -0.0400 -0.0356 -0.0311 -0.0267 -0.0222 -0.0178 -0.0133 -0.0089 -0.0044  0.0000  0.0044  0.0089  0.0133  0.0178  0.0222  0.0267  0.0311  0.0356  0.0400  0.0444  0.0489  0.0533  0.0578  0.0622  0.0667  0.0711  0.0756  0.0800  0.0844  0.0889  0.0933  0.0978  0.1022  0.1067  0.1111  0.1156  0.1200  0.1244  0.1289  0.1333  0.1378  0.1422  0.1467  0.1511  0.1556  0.1600  0.1644  0.1689  0.1733  0.1778  0.1822  0.1867  0.1911  0.1956  0.2000
 108.0 -0.4000 -0.3900 -0.3800 -0.3700 -0.3600 -0.3500 -0.3400 -0.3300 -0.3200 -0.3100 -0.3000 -0.2900 -0.2800 -0.2800 -0.2800 -0.2800 -0.2800 -0.2800 -0.2800 -0.2800 -0.2800 -0.2800 -0.2800 -0.2800 -0.2800 -0.2750 -0.2700 -0.2650 -0.2600 -0.2550 -0.2500 -0.2450 -0.2400 -0.2350 -0.2300 -0.2250 -0.2200 -0.2150 -0.2100 -0.2050 -0.2000 -0.1950 -0.1900 -0.1850 -0.1800 -0.1750 -0.1700 -0.1650 -0.1600 -0.1550 -0.1500 -0.1450 -0.1400 -0.1350 -0.1300 -0.1250 -0.1200 -0.1150 -0.1100 -0.1050 -0.1000 -0.0950 -0.0900 -0.0850 -0.0800 -0.0750 -0.0700 -0.0650 -0.0600 -0.0550 -0.0500 -0.0450 -0.0400 -0.0350 -0.0300 -0.0250 -0.0200 -0.0150 -0.0100 -0.0050  0.0000  0.0050  0.0100  0.0150  0.0200  0.0250  0.0300  0.0350  0.0400  0.0450  0.0500  0.0550  0.0600  0.0650  0.0700  0.0750  0.0800  0.0850  0.0900  0.0950  0.1000  0.1050  0.1100  0.1150  0.1200  0.1250  0.1300  0.1350  0.1400  0.1450  0.1500  0.1550  0.1600  0.1650  0.1700  0.1750  0.1800  0.1850  0.1900  0.1950  0.2000  0.2050  0.2100  0.2150  0.2200  0.2250  0.2300  0.2350  0.2400  0.2450  0.2500  0.2550  0.2600  0.2650  0.2700  0.2750
 120.0 -0.4000 -0.3900 -0.3800 -0.3700 -0.3600 -0.3500 -0.3400 -0.3300 -0.3200 -0.3100 -0.3000 -0.2900 -0.2800 -0.2700 -0.2667 -0.2667 -0.2667 -0.2667 -0.2667 -0.2667 -0.2667 -0.2667 -0.2667 -0.2667 -0.2667 -0.2611 -0.2556 -0.2500 -0.2444 -0.2389 -0.2333 -0.2278 -0.2222 -0.2167 -0.2111 -0.2056 -0.2000 -0.1944 -0.1889 -0.1833 -0.1778 -0.1722 -0.1667 -0.1611 -0.1556 -0.1500 -0.1444 -0.1389 -0.1333 -0.1278 -0.1222 -0.1167 -0.1111 -0.1056 -0.1000 -0.0944 -0.0889 -0.0833 -0.0778 -0.0722 -0.0667 -0.0611 -0.0556 -0.0500 -0.0444 -0.0389 -0.0333 -0.0278 -0.0222 -0.0167 -0.0111 -0.0056  0.0000  0.0056  0.0111  0.0167  0.0222  0.0278  0.0333  0.0389  0.0444  0.0500  0.0556  0.0611  0.0667  0.0722  0.0778  0.0833  0.0889  0.0944  0.1000  0.1056  0.1111  0.1167  0.1222  0.1278  0.1333  0.1389  0.1444  0.1500  0.1556  0.1611  0.1667  0.1722  0.1778  0.1833  0.1889  0.1944  0.2000  0.2056  0.2111  0.2167  0.2222  0.2278  0.2333  0.2389  0.2444  0.2500  0.2556  0.2611  0.2667  0.2722  0.2778  0.2833  0.2889  0.2944  0.3000  0.3056  0.3111  0.3167  0.3222  0.3278  0.3333  0.3389  0.3444  0.3500
 132.0 -0.4000 -0.3900 -0.3800 -0.3700 -0.3600 -0.3500 -0.3400 -0.3300 -0.3200 -0.3100 -0.3000 -0.2900 -0.2800 -0.2700 -0.2600 -0.2533 -0.2533 -0.2533 -0.2533 -0.2533 -0.2533 -0.2533 -0.2533 -0.2533 -0.2533 -0.2472 -0.2411 -0.2350 -0.2289 -0.2228 -0.2167 -0.2106 -0.2044 -0.1983 -0.1922 -0.1861 -0.1800 -0.1739 -0.1678 -0.1617 -0.1556 -0.1494 -0.1433 -0.1372 -0.1311 -0.1250 -0.1189 -0.1128 -0.1067 -0.1006 -0.0944 -0.0883 -0.0822 -0.0761 -0.0700 -0.0639 -0.0578 -0.0517 -0.0456 -0.0394 -0.0333 -0.0272 -0.0211 -0.0150 -0.0089 -0.0028  0.0033  0.0094  0.0156  0.0217  0.0278  0.0339  0.0400  0.0461  0.0522  0.0583  0.0644  0.0706  0.0767  0.0828  0.0889  0.0950  0.1011  0.1072  0.1133  0.1194  0.1256  0.1317  0.1378  0.1439  0.1500  0.1561  0.1622  0.1683  0.1744  0.1806  0.1867  0.1928  0.1989  0.2050  0.2111  0.2172  0.2233  0.2294  0.2356  0.2417  0.2478  0.2539  0.2600  0.2661  0.2722  0.2783  0.2844  0.2906  0.2967  0.3028  0.3089  0.3150  0.3211  0.3272  0.3333  0.3394  0.3456  0.3517  0.3578  0.3639  0.3700  0.3761  0.3822  0.3883  0.3944  0.4006  0.4067  0.4128  0.4189  0.4250
 144.0 -0.4000 -0.3900 -0.3800 -0.3700 -0.3600 -0.3500 -0.3400 -0.3300 -0.3200 -0.3100 -0.3000 -0.2900 -0.2800 -0.2700 -0.2600 -0.2500 -0.2400 -0.2400 -0.2400 -0.2400 -0.2400 -0.2400 -0.2400 -0.2400 -0.2400 -0.2333 -0.2267 -0.2200 -0.2133 -0.2067 -0.2000 -0.1933 -0.1867 -0.1800 -0.1733 -0.1667 -0.1600 -0.1533 -0.1467 -0.1400 -0.1333 -0.1267 -0.1200 -0.1133 -0.1067 -0.1000 -0.0933 -0.0867 -0.0800 -0.0733 -0.0667 -0.0600 -0.0533 -0.0467 -0.0400 -0.0333 -0.0267 -0.0200 -0.0133 -0.0067  0.0000  0.0067  0.0133  0.0200  0.0267  0.0333  0.0400  0.0467  0.0533  0.0600  0.0667  0.0733  0.0800  0.0867  0.0933  0.1000  0.1067  0.1133  0.1200  0.1267  0.1333  0.1400  0.1467  0.1533  0.1600  0.1667  0.1733  0.1800  0.1867  0.1933  0.2000  0.2067  0.2133  0.2200  0.2267  0.2333  0.2400  0.2467  0.2533  0.2600  0.2667  0.2733  0.2800  0.2867  0.2933  0.3000  0.3067  0.3133  0.3200  0.3267  0.3333  0.3400  0.3467  0.3533  0.3600  0.3667  0.3733  0.3800  0.3867  0.3933  0.4000  0.4067  0.4133  0.4200  0.4267  0.4333  0.4400  0.4467  0.4533  0.4600  0.4667  0.4733  0.4800  0.4867  0.4933  0.5000
 156.0 -0.4000 -0.3900 -0.3800 -0.3700 -0.3600 -0.3500 -0.3400 -0.3300 -0.3200 -0.3100 -0.3000 -0.2900 -0.2800 -0.2700 -0.2600 -0.2500 -0.2400 -0.2300 -0.2267 -0.2267 -0.2267 -0.2267 -0.2267 -0.2267 -0.2267 -0.2194 -0.2122 -0.2050 -0.1978 -0.1906 -0.1833 -0.1761 -0.1689 -0.1617 -0.1544 -0.1472 -0.1400 -0.1328 -0.1256 -0.1183 -0.1111 -0.1039 -0.0967 -0.0894 -0.0822 -0.0750 -0.0678 -0.0606 -0.0533 -0.0461 -0.0389 -0.0317 -0.0244 -0.0172 -0.0100 -0.0028  0.0044  0.0117  0.0189  0.0261  0.0333  0.0406  0.0478  0.0550  0.0622  0.0694  0.0767  0.0839  0.0911  0.0983  0.1056  0.1128  0.1200  0.1272  0.1344  0.1417  0.1489  0.1561  0.1633  0.1706  0.1778  0.1850  0.1922  0.1994  0.2067  0.2139  0.2211  0.2283  0.2356  0.2428  0.2500  0.2572  0.2644  0.2717  0.2789  0.2861  0.2933  0.3006  0.3078  0.3150  0.3222  0.3294  0.3367  0.3439  0.3511  0.3583  0.3656  0.3728  0.3800  0.3872  0.3944  0.4017  0.4089  0.4161  0.4233  0.4306  0.4378  0.4450  0.4522  0.4594  0.4667  0.4739  0.4811  0.4883  0.4956  0.5028  0.5100  0.5172  0.5244  0.5317  0.5389  0.5461  0.5533  0.5606  0.5678  0.5750
 168.0 -0.4000 -0.3900 -0.3800 -0.3700 -0.3600 -0.3500 -0.3400 -0.3300 -0.3200 -0.3100 -0.3000 -0.2900 -0.2800 -0.2700 -0.2600 -0.2500 -0.2400 -0.2300 -0.2200 -0.2133 -0.2133 -0.2133 -0.2133 -0.2133 -0.2133 -0.2056 -0.1978 -0.1900 -0.1822 -0.1744 -0.1667 -0.1589 -0.1511 -0.1433 -0.1356 -0.1278 -0.1200 -0.1122 -0.1044 -0.0967 -0.0889 -0.0811 -0.0733 -0.0656 -0.0578 -0.0500 -0.0422 -0.0344 -0.0267 -0.0189 -0.0111 -0.0033  0.0044  0.0122  0.0200  0.0278  0.0356  0.0433  0.0511  0.0589  0.0667  0.0744  0.0822  0.0900  0.0978  0.1056  0.1133  0.1211  0.1289  0.1367  0.1444  0.1522  0.1600  0.1678  0.1756  0.1833  0.1911  0.1989  0.2067  0.2144  0.2222  0.2300  0.2378  0.2456  0.2533  0.2611  0.2689  0.2767  0.2844  0.2922  0.3000  0.3078  0.3156  0.3233  0.3311  0.3389  0.3467  0.3544  0.3622  0.3700  0.3778  0.3856  0.3933  0.4011  0.4089  0.4167  0.4244  0.4322  0.4400  0.4478  0.4556  0.4633  0.4711  0.4789  0.4867  0.4944  0.5022  0.5100  0.5178  0.5256  0.5333  0.5411  0.5489  0.5567  0.5644  0.5722  0.5800  0.5878  0.5956  0.6033  0.6111  0.6189  0.6267  0.6344  0.6422  0.6500
 180.0 -0.4000 -0.3900 -0.3800 -0.3700 -0.3600 -0.3500 -0.3400 -0.3300 -0.3200 -0.3100 -0.3000 -0.2900 -0.2800 -0.2700 -0.2600 -0.2500 -0.2400 -0.2300 -0.2200 -0.2100 -0.2000 -0.2000 -0.2000 -0.2000 -0.2000 -0.1917 -0.1833 -0.1750 -0.1667 -0.1583 -0.1500 -0.1417 -0.1333 -0.1250 -0.1167 -0.1083 -0.1000 -0.0917 -0.0833 -0.0750 -0.0667 -0.0583 -0.0500 -0.0417 -0.0333 -0.0250 -0.0167 -0.0083  0.0000  0.0083  0.0167  0.0250  0.0333  0.0417  0.0500  0.0583  0.0667  0.0750  0.0833  0.0917  0.1000  0.1083  0.1167  0.1250  0.1333  0.1417  0.1500  0.1583  0.1667  0.1750  0.1833  0.1917  0.2000  0.2083  0.2167  0.2250  0.2333  0.2417  0.2500  0.2583  0.2667  0.2750  0.2833  0.2917  0.3000  0.3083  0.3167  0.3250  0.3333  0.3417  0.3500  0.3583  0.3667  0.3750  0.3833  0.3917  0.4000  0.4083  0.4167  0.4250  0.4333  0.4417  0.4500  0.4583  0.4667  0.4750  0.4833  0.4917  0.5000  0.5083  0.5167  0.5250  0.5333  0.5417  0.5500  0.5583  0.5667  0.5750  0.5833  0.5917  0.6000  0.6083  0.6167  0.6250  0.6333  0.6417  0.6500  0.6583  0.6667  0.6750  0.6833  0.6917  0.7000  0.7083  0.7167  0.7250
 192.0 -0.4000 -0.3900 -0.3800 -0.3700 -0.3600 -0.3500 -0.3400 -0.3300 -0.3200 -0.3100 -0.3000 -0.2900 -0.2800 -0.2700 -0.2600 -0.2500 -0.2400 -0.2300 -0.2200 -0.2100 -0.2000 -0.1900 -0.1867 -0.1867 -0.1867 -0.1778 -0.1689 -0.1600 -0.1511 -0.1422 -0.1333 -0.1244 -0.1156 -0.1067 -0.0978 -0.0889 -0.0800 -0.0711 -0.0622 -0.0533 -0.0444 -0.0356 -0.0267 -0.0178 -0.0089  0.0000  0.0089  0.0178  0.0267  0.0356  0.0444  0.0533  0.0622  0.0711  0.0800  0.0889  0.0978  0.1067  0.1156  0.1244  0.1333  0.1422  0.1511  0.1600  0.1689  0.1778  0.1867  0.1956  0.2044  0.2133  0.2222  0.2311  0.2400  0.2489  0.2578  0.2667  0.2756  0.2844  0.2933  0.3022  0.3111  0.3200  0.3289  0.3378  0.3467  0.3556  0.3644  0.3733  0.3822  0.3911  0.4000  0.4089  0.4178  0.4267  0.4356  0.4444  0.4533  0.4622  0.4711  0.4800  0.4889  0.4978  0.5067  0.5156  0.5244  0.5333  0.5422  0.5511  0.5600  0.5689  0.5778  0.5867  0.5956  0.6044  0.6133  0.6222  0.6311  0.6400  0.6489  0.6578  0.6667  0.6756  0.6844  0.6933  0.7022  0.7111  0.7200  0.7289  0.7378  0.7467  0.7556  0.7644  0.7733  0.7822  0.7911  0.8000
 204.0 -0.4000 -0.3900 -0.3800 -0.3700 -0.3600 -0.3500 -0.3400 -0.3300 -0.3200 -0.3100 -0.3000 -0.2900 -0.2800 -0.2700 -0.2600 -0.2500 -0.2400 -0.2300 -0.2200 -0.2100 -0.2000 -0.1900 -0.1800 -0.1733 -0.1733 -0.1639 -0.1544 -0.1450 -0.1356 -0.1261 -0.1167 -0.1072 -0.0978 -0.0883 -0.0789 -0.0694 -0.0600 -0.0506 -0.0411 -0.0317 -0.0222 -0.0128 -0.0033  0.0061  0.0156  0.0250  0.0344  0.0439  0.0533  0.0628  0.0722  0.0817  0.0911  0.1006  0.1100  0.1194  0.1289  0.1383  0.1478  0.1572  0.1667  0.1761  0.1856  0.1950  0.2044  0.2139  0.2233  0.2328  0.2422  0.2517  0.2611  0.2706  0.2800  0.2894  0.2989  0.3083  0.3178  0.3272  0.3367  0.3461  0.3556  0.3650  0.3744  0.3839  0.3933  0.4028  0.4122  0.4217  0.4311  0.4406  0.4500  0.4594  0.4689  0.4783  0.4878  0.4972  0.5067  0.5161  0.5256  0.5350  0.5444  0.5539  0.5633  0.5728  0.5822  0.5917  0.6011  0.6106  0.6200  0.6294  0.6389  0.6483  0.6578  0.6672  0.6767  0.6861  0.6956  0.7050  0.7144  0.7239  0.7333  0.7428  0.7522  0.7617  0.7711  0.7806  0.7900  0.7994  0.8089  0.8183  0.8278  0.8372  0.8467  0.8561  0.8656  0.8750
 216.0 -0.4000 -0.3900 -0.3800 -0.3700 -0.3600 -0.3500 -0.3400 -0.3300 -0.3200 -0.3100 -0.3000 -0.2900 -0.2800 -0.2700 -0.2600 -0.2500 -0.2400 -0.2300 -0.2200 -0.2100 -0.2000 -0.1900 -0.1800 -0.1700 -0.1600 -0.1500 -0.1400 -0.1300 -0.1200 -0.1100 -0.1000 -0.0900 -0.0800 -0.0700 -0.0600 -0.0500 -0.0400 -0.0300 -0.0200 -0.0100  0.0000  0.0100  0.0200  0.0300  0.0400  0.0500  0.0600  0.0700  0.0800  0.0900  0.1000  0.1100  0.1200  0.1300  0.1400  0.1500  0.1600  0.1700  0.1800  0.1900  0.2000  0.2100  0.2200  0.2300  0.2400  0.2500  0.2600  0.2700  0.2800  0.2900  0.3000  0.3100  0.3200  0.3300  0.3400  0.3500  0.3600  0.3700  0.3800  0.3900  0.4000  0.4100  0.4200  0.4300  0.4400  0.4500  0.4600  0.4700  0.4800  0.4900  0.5000  0.5100  0.5200  0.5300  0.5400  0.5500  0.5600  0.5700  0.5800  0.5900  0.6000  0.6100  0.6200  0.6300  0.6400  0.6500  0.6600  0.6700  0.6800  0.6900  0.7000  0.7100  0.7200  0.7300  0.7400  0.7500  0.7600  0.7700  0.7800  0.7900  0.8000  0.8100  0.8200  0.8300  0.8400  0.8500  0.8600  0.8700  0.8800  0.8900  0.9000  0.9100  0.9200  0.9300  0.9400  0.9500
 228.0 -0.4000 -0.3900 -0.3800 -0.3700 -0.3600 -0.3500 -0.3400 -0.3300 -0.3200 -0.3100 -0.3000 -0.2900 -0.2800 -0.2700 -0.2600 -0.2500 -0.2400 -0.2300 -0.2200 -0.2100 -0.2000 -0.1900 -0.1800 -0.1700 -0.1600 -0.1500 -0.1400 -0.1300 -0.1200 -0.1100 -0.1000 -0.0900 -0.0800 -0.0700 -0.0600 -0.0500 -0.0400 -0.0300 -0.0200 -0.0100  0.0000  0.0100  0.0200  0.0300  0.0400  0.0500  0.0600  0.0700  0.0800  0.0900  0.1000  0.1100  0.1200  0.1300  0.1400  0.1500  0.1600  0.1700  0.1800  0.1900  0.2000  0.2100  0.2200  0.2300  0.2400  0.2500  0.2600  0.2700  0.2800  0.2900  0.3000  0.3100  0.3200  0.3300  0.3400  0.3500  0.3600  0.3700  0.3800  0.3900  0.4000  0.4100  0.4200  0.4300  0.4400  0.4500  0.4600  0.4700  0.4800  0.4900  0.5000  0.5100  0.5200  0.5300  0.5400  0.5500  0.5600  0.5700  0.5800  0.5900  0.6000  0.6100  0.6200  0.6300  0.6400  0.6500  0.6600  0.6700  0.6800  0.6900  0.7000  0.7100  0.7200  0.7300  0.7400  0.7500  0.7600  0.7700  0.7800  0.7900  0.8000  0.8100  0.8200  0.8300  0.8400  0.8500  0.8600  0.8700  0.8800  0.8900  0.9000  0.9100  0.9200  0.9300  0.9400  0.9500
 240.0 -0.4000 -0.3900 -0.3800 -0.3700 -0.3600 -0.3500 -0.3400 -0.3300 -0.3200 -0.3100 -0.3000 -0.2900 -0.2800 -0.2700 -0.2600 -0.2500 -0.2400 -0.2300 -0.2200 -0.2100 -0.2000 -0.1900 -0.1800 -0.1700 -0.1600 -0.1500 -0.1400 -0.1300 -0.1200 -0.1100 -0.1000 -0.0900 -0.0800 -0.0700 -0.0600 -0.0500 -0.0400 -0.0300 -0.0200 -0.0100  0.0000  0.0100  0.0200  0.0300  0.0400  0.0500  0.0600  0.0700  0.0800  0.0900  0.1000  0.1100  0.1200  0.1300  0.1400  0.1500  0.1600  0.1700  0.1800  0.1900  0.2000  0.2100  0.2200  0.2300  0.2400  0.2500  0.2600  0.2700  0.2800  0.2900  0.3000  0.3100  0.3200  0.3300  0.3400  0.3500  0.3600  0.3700  0.3800  0.3900  0.4000  0.4100  0.4200  0.4300  0.4400  0.4500  0.4600  0.4700  0.4800  0.4900  0.5000  0.5100  0.5200  0.5300  0.5400  0.5500  0.5600  0.5700  0.5800  0.5900  0.6000  0.6100  0.6200  0.6300  0.6400  0.6500  0.6600  0.6700  0.6800  0.6900  0.7000  0.7100  0.7200  0.7300  0.7400  0.7500  0.7600  0.7700  0.7800  0.7900  0.8000  0.8100  0.8200  0.8300  0.8400  0.8500  0.8600  0.8700  0.8800  0.8900  0.9000  0.9100  0.9200  0.9300  0.9400  0.9500
 252.0 -0.4000 -0.3900 -0.3800 -0.3700 -0.3600 -0.3500 -0.3400 -0.3300 -0.3200 -0.3100 -0.3000 -0.2900 -0.2800 -0.2700 -0.2600 -0.2500 -0.2400 -0.2300 -0.2200 -0.2100 -0.2000 -0.1900 -0.1800 -0.1700 -0.1600 -0.1500 -0.1400 -0.1300 -0.1200 -0.1100 -0.1000 -0.0900 -0.0800 -0.0700 -0.0600 -0.0500 -0.0400 -0.0300 -0.0200 -0.0100  0.0000  0.0100  0.0200  0.0300  0.0400  0.0500  0.0600  0.0700  0.0800  0.0900  0.1000  0.1100  0.1200  0.1300  0.1400  0.1500  0.1600  0.1700  0.1800  0.1900  0.2000  0.2100  0.2200  0.2300  0.2400  0.2500  0.2600  0.2700  0.2800  0.2900  0.3000  0.3100  0.3200  0.3300  0.3400  0.3500  0.3600  0.3700  0.3800  0.3900  0.4000  0.4100  0.4200  0.4300  0.4400  0.4500  0.4600  0.4700  0.4800  0.4900  0.5000  0.5100  0.5200  0.5300  0.5400  0.5500  0.5600  0.5700  0.5800  0.5900  0.6000  0.6100  0.6200  0.6300  0.6400  0.6500  0.6600  0.6700  0.6800  0.6900  0.7000  0.7100  0.7200  0.7300  0.7400  0.7500  0.7600  0.7700  0.7800  0.7900  0.8000  0.8100  0.8200  0.8300  0.8400  0.8500  0.8600  0.8700  0.8800  0.8900  0.9000  0.9100  0.9200  0.9300  0.9400  0.9500
 264.0 -0.4000 -0.3900 -0.3800 -0.3700 -0.3600 -0.3500 -0.3400 -0.3300 -0.3200 -0.3100 -0.3000 -0.2900 -0.2800 -0.2700 -0.2600 -0.2500 -0.2400 -0.2300 -0.2200 -0.2100 -0.2000 -0.1900 -0.1800 -0.1700 -0.1600 -0.1500 -0.1400 -0.1300 -0.1200 -0.1100 -0.1000 -0.0900 -0.0800 -0.0700 -0.0600 -0.0500 -0.0400 -0.0300 -0.0200 -0.0100  0.0000  0.0100  0.0200  0.0300  0.0400  0.0500  0.0600  0.0700  0.0800  0.0900  0.1000  0.1100  0.1200  0.1300  0.1400  0.1500  0.1600  0.1700  0.1800  0.1900  0.2000  0.2100  0.2200  0.2300  0.2400  0.2500  0.2600  0.2700  0.2800  0.2900  0.3000  0.3100  0.3200  0.3300  0.3400  0.3500  0.3600  0.3700  0.3800  0.3900  0.4000  0.4100  0.4200  0.4300  0.4400  0.4500  0.4600  0.4700  0.4800  0.4900  0.5000  0.5100  0.5200  0.5300  0.5400  0.5500  0.5600  0.5700  0.5800  0.5900  0.6000  0.6100  0.6200  0.6300  0.6400  0.6500  0.6600  0.6700  0.6800  0.6900  0.7000  0.7100  0.7200  0.7300  0.7400  0.7500  0.7600  0.7700  0.7800  0.7900  0.8000  0.8100  0.8200  0.8300  0.8400  0.8500  0.8600  0.8700  0.8800  0.8900  0.9000  0.9100  0.9200  0.9300  0.9400  0.9500
 276.0 -0.4000 -0.3900 -0.3800 -0.3700 -0.3600 -0.3500 -0.3400 -0.3300 -0.3200 -0.3100 -0.3000 -0.2900 -0.2800 -0.2700 -0.2600 -0.2500 -0.2400 -0.2300 -0.2200 -0.2100 -0.2000 -0.1900 -0.1800 -0.1733 -0.1733 -0.1639 -0.1544 -0.1450 -0.1356 -0.1261 -0.1167 -0.1072 -0.0978 -0.0883 -0.0789 -0.0694 -0.0600 -0.0506 -0.0411 -0.0317 -0.0222 -0.0128 -0.0033  0.0061  0.0156  0.0250  0.0344  0.0439  0.0533  0.0628  0.0722  0.0817  0.0911  0.1006  0.1100  0.1194  0.1289  0.1383  0.1478  0.1572  0.1667  0.1761  0.1856  0.1950  0.2044  0.2139  0.2233  0.2328  0.2422  0.2517  0.2611  0.2706  0.2800  0.2894  0.2989  0.3083  0.3178  0.3272  0.3367  0.3461  0.3556  0.3650  0.3744  0.3839  0.3933  0.4028  0.4122  0.4217  0.4311  0.4406  0.4500  0.4594  0.4689  0.4783  0.4878  0.4972  0.5067  0.5161  0.5256  0.5350  0.5444  0.5539  0.5633  0.5728  0.5822  0.5917  0.6011  0.6106  0.6200  0.6294  0.6389  0.6483  0.6578  0.6672  0.6767  0.6861  0.6956  0.7050  0.7144  0.7239  0.7333  0.7428  0.7522  0.7617  0.7711  0.7806  0.7900  0.7994  0.8089  0.8183  0.8278  0.8372  0.8467  0.8561  0.8656  0.8750
 288.0 -0.4000 -0.3900 -0.3800 -0.3700 -0.3600 -0.3500 -0.3400 -0.3300 -0.3200 -0.3100 -0.3000 -0.2900 -0.2800 -0.2700 -0.2600 -0.2500 -0.2400 -0.2300 -0.2200 -0.2100 -0.2000 -0.1900 -0.1867 -0.1867 -0.1867 -0.1778 -0.1689 -0.1600 -0.1511 -0.1422 -0.1333 -0.1244 -0.1156 -0.1067 -0.0978 -0.0889 -0.0800 -0.0711 -0.0622 -0.0533 -0.0444 -0.0356 -0.0267 -0.0178 -0.0089  0.0000  0.0089  0.0178  0.0267  0.0356  0.0444  0.0533  0.0622  0.0711  0.0800  0.0889  0.0978  0.1067  0.1156  0.1244  0.1333  0.1422  0.1511  0.1600  0.1689  0.1778  0.1867  0.1956  0.2044  0.2133  0.2222  0.2311  0.2400  0.2489  0.2578  0.2667  0.2756  0.2844  0.2933  0.3022  0.3111  0.3200  0.3289  0.3378  0.3467  0.3556  0.3644  0.3733  0.3822  0.3911  0.4000  0.4089  0.4178  0.4267  0.4356  0.4444  0.4533  0.4622  0.4711  0.4800  0.4889  0.4978  0.5067  0.5156  0.5244  0.5333  0.5422  0.5511  0.5600  0.5689  0.5778  0.5867  0.5956  0.6044  0.6133  0.6222  0.6311  0.6400  0.6489  0.6578  0.6667  0.6756  0.6844  0.6933  0.7022  0.7111  0.7200  0.7289  0.7378  0.7467  0.7556  0.7644  0.7733  0.7822  0.7911  0.8000
 300.0 -0.4000 -0.3900 -0.3800 -0.3700 -0.3600 -0.3500 -0.3400 -0.3300 -0.3200 -0.3100 -0.3000 -0.2900 -0.2800 -0.2700 -0.2600 -0.2500 -0.2400 -0.2300 -0.2200 -0.2100 -0.2000 -0.2000 -0.2000 -0.2000 -0.2000 -0.1917 -0.1833 -0.1750 -0.1667 -0.1583 -0.1500 -0.1417 -0.1333 -0.1250 -0.1167 -0.1083 -0.1000 -0.0917 -0.0833 -0.0750 -0.0667 -0.0583 -0.0500 -0.0417 -0.0333 -0.0250 -0.0167 -0.0083  0.0000  0.0083  0.0167  0.0250  0.0333  0.0417  0.0500  0.0583  0.0667  0.0750  0.0833  0.0917  0.1000  0.1083  0.1167  0.1250  0.1333  0.1417  0.1500  0.1583  0.1667  0.1750  0.1833  0.1917  0.2000  0.2083  0.2167  0.2250  0.2333  0.2417  0.2500  0.2583  0.2667  0.2750  0.2833  0.2917  0.3000  0.3083  0.3167  0.3250  0.3333  0.3417  0.3500  0.3583  0.3667  0.3750  0.3833  0.3917  0.4000  0.4083  0.4167  0.4250  0.4333  0.4417  0.4500  0.4583  0.4667  0.4750  0.4833  0.4917  0.5000  0.5083  0.5167  0.5250  0.5333  0.5417  0.5500  0.5583  0.5667  0.5750  0.5833  0.5917  0.6000  0.6083  0.6167  0.6250  0.6333  0.6417  0.6500  0.6583  0.6667  0.6750  0.6833  0.6917  0.7000  0.7083  0.7167  0.7250
 312.0 -0.4000 -0.3900 -0.3800 -0.3700 -0.3600 -0.3500 -0.3400 -0.3300 -0.3200 -0.3100 -0.3000 -0.2900 -0.2800 -0.2700 -0.2600 -0.2500 -0.2400 -0.2300 -0.2200 -0.2133 -0.2133 -0.2133 -0.2133 -0.2133 -0.2133 -0.2056 -0.1978 -0.1900 -0.1822 -0.1744 -0.1667 -0.1589 -0.1511 -0.1433 -0.1356 -0.1278 -0.1200 -0.1122 -0.1044 -0.0967 -0.0889 -0.0811 -0.0733 -0.0656 -0.0578 -0.0500 -0.0422 -0.0344 -0.0267 -0.0189 -0.0111 -0.0033  0.0044  0.0122  0.0200  0.0278  0.0356  0.0433  0.0511  0.0589  0.0667  0.0744  0.0822  0.0900  0.0978  0.1056  0.1133  0.1211  0.1289  0.1367  0.1444  0.1522  0.1600  0.1678  0.1756  0.1833  0.1911  0.1989  0.2067  0.2144  0.2222  0.2300  0.2378  0.2456  0.2533  0.2611  0.2689  0.2767  0.2844  0.2922  0.3000  0.3078  0.3156  0.3233  0.3311  0.3389  0.3467  0.3544  0.3622  0.3700  0.3778  0.3856  0.3933  0.4011  0.4089  0.4167  0.4244  0.4322  0.4400  0.4478  0.4556  0.4633  0.4711  0.4789  0.4867  0.4944  0.5022  0.5100  0.5178  0.5256  0.5333  0.5411  0.5489  0.5567  0.5644  0.5722  0.5800  0.5878  0.5956  0.6033  0.6111  0.6189  0.6267  0.6344  0.6422  0.6500
 324.0 -0.4000 -0.3900 -0.3800 -0.3700 -0.3600 -0.3500 -0.3400 -0.3300 -0.3200 -0.3100 -0.3000 -0.2900 -0.2800 -0.2700 -0.2600 -0.2500 -0.2400 -0.2300 -0.2267 -0.2267 -0.2267 -0.2267 -0.2267 -0.2267 -0.2267 -0.2194 -0.2122 -0.2050 -0.1978 -0.1906 -0.1833 -0.1761 -0.1689 -0.1617 -0.1544 -0.1472 -0.1400 -0.1328 -0.1256 -0.1183 -0.1111 -0.1039 -0.0967 -0.0894 -0.0822 -0.0750 -0.0678 -0.0606 -0.0533 -0.0461 -0.0389 -0.0317 -0.0244 -0.0172 -0.0100 -0.0028  0.0044  0.0117  0.0189  0.0261  0.0333  0.0406  0.0478  0.0550  0.0622  0.0694  0.0767  0.0839  0.0911  0.0983  0.1056  0.1128  0.1200  0.1272  0.1344  0.1417  0.1489  0.1561  0.1633  0.1706  0.1778  0.1850  0.1922  0.1994  0.2067  0.2139  0.2211  0.2283  0.2356  0.2428  0.2500  0.2572  0.2644  0.2717  0.2789  0.2861  0.2933  0.3006  0.3078  0.3150  0.3222  0.3294  0.3367  0.3439  0.3511  0.3583  0.3656  0.3728  0.3800  0.3872  0.3944  0.4017  0.4089  0.4161  0.4233  0.4306  0.4378  0.4450  0.4522  0.4594  0.4667  0.4739  0.4811  0.4883  0.4956  0.5028  0.5100  0.5172  0.5244  0.5317  0.5389  0.5461  0.5533  0.5606  0.5678  0.5750
 336.0 -0.4000 -0.3900 -0.3800 -0.3700 -0.3600 -0.3500 -0.3400 -0.3300 -0.3200 -0.3100 -0.3000 -0.2900 -0.2800 -0.2700 -0.2600 -0.2500 -0.2400 -0.2400 -0.2400 -0.2400 -0.2400 -0.2400 -0.2400 -0.2400 -0.2400 -0.2333 -0.2267 -0.2200 -0.2133 -0.2067 -0.2000 -0.1933 -0.1867 -0.1800 -0.1733 -0.1667 -0.1600 -0.1533 -0.1467 -0.1400 -0.1333 -0.1267 -0.1200 -0.1133 -0.1067 -0.1000 -0.0933 -0.0867 -0.0800 -0.0733 -0.0667 -0.0600 -0.0533 -0.0467 -0.0400 -0.0333 -0.0267 -0.0200 -0.0133 -0.0067  0.0000  0.0067  0.0133  0.0200  0.0267  0.0333  0.0400  0.0467  0.0533  0.0600  0.0667  0.0733  0.0800  0.0867  0.0933  0.1000  0.1067  0.1133  0.1200  0.1267  0.1333  0.1400  0.1467  0.1533  0.1600  0.1667  0.1733  0.1800  0.1867  0.1933  0.2000  0.2067  0.2133  0.2200  0.2267  0.2333  0.2400  0.2467  0.2533  0.2600  0.2667  0.2733  0.2800  0.2867  0.2933  0.3000  0.3067  0.3133  0.3200  0.3267  0.3333  0.3400  0.3467  0.3533  0.3600  0.3667  0.3733  0.3800  0.3867  0.3933  0.4000  0.4067  0.4133  0.4200  0.4267  0.4333  0.4400  0.4467  0.4533  0.4600  0.4667  0.4733  0.4800  0.4867  0.4933  0.5000
 348.0 -0.4000 -0.3900 -0.3800 -0.3700 -0.3600 -0.3500 -0.3400 -0.3300 -0.3200 -0.3100 -0.3000 -0.2900 -0.2800 -0.2700 -0.2600 -0.2533 -0.2533 -0.2533 -0.2533 -0.2533 -0.2533 -0.2533 -0.2533 -0.2533 -0.2533 -0.2472 -0.2411 -0.2350 -0.2289 -0.2228 -0.2167 -0.2106 -0.2044 -0.1983 -0.1922 -0.1861 -0.1800 -0.1739 -0.1678 -0.1617 -0.1556 -0.1494 -0.1433 -0.1372 -0.1311 -0.1250 -0.1189 -0.1128 -0.1067 -0.1006 -0.0944 -0.0883 -0.0822 -0.0761 -0.0700 -0.0639 -0.0578 -0.0517 -0.0456 -0.0394 -0.0333 -0.0272 -0.0211 -0.0150 -0.0089 -0.0028  0.0033  0.0094  0.0156  0.0217  0.0278  0.0339  0.0400  0.0461  0.0522  0.0583  0.0644  0.0706  0.0767  0.0828  0.0889  0.0950  0.1011  0.1072  0.1133  0.1194  0.1256  0.1317  0.1378  0.1439  0.1500  0.1561  0.1622  0.1683  0.1744  0.1806  0.1867  0.1928  0.1989  0.2050  0.2111  0.2172  0.2233  0.2294  0.2356  0.2417  0.2478  0.2539  0.2600  0.2661  0.2722  0.2783  0.2844  0.2906  0.2967  0.3028  0.3089  0.3150  0.3211  0.3272  0.3333  0.3394  0.3456  0.3517  0.3578  0.3639  0.3700  0.3761  0.3822  0.3883  0.3944  0.4006  0.4067  0.4128  0.4189  0.4250
 360.0 -0.4000 -0.3900 -0.3800 -0.3700 -0.3600 -0.3500 -0.3400 -0.3300 -0.3200 -0.3100 -0.3000 -0.2900 -0.2800 -0.2700 -0.2667 -0.2667 -0.2667 -0.2667 -0.2667 -0.2667 -0.2667 -0.2667 -0.2667 -0.2667 -0.2667 -0.2611 -0.2556 -0.2500 -0.2444 -0.2389 -0.2333 -0.2278 -0.2222 -0.2167 -0.2111 -0.2056 -0.2000 -0.1944 -0.1889 -0.1833 -0.1778 -0.1722 -0.1667 -0.1611 -0.1556 -0.1500 -0.1444 -0.1389 -0.1333 -0.1278 -0.1222 -0.1167 -0.1111 -0.1056 -0.1000 -0.0944 -0.0889 -0.0833 -0.0778 -0.0722 -0.0667 -0.0611 -0.0556 -0.0500 -0.0444 -0.0389 -0.0333 -0.0278 -0.0222 -0.0167 -0.0111 -0.0056  0.0000  0.0056  0.0111  0.0167  0.0222  0.0278  0.0333  0.0389  0.0444  0.0500  0.0556  0.0611  0.0667  0.0722  0.0778  0.0833  0.0889  0.0944  0.1000  0.1056  0.1111  0.1167  0.1222  0.1278  0.1333  0.1389  0.1444  0.1500  0.1556  0.1611  0.1667  0.1722  0.1778  0.1833  0.1889  0.1944  0.2000  0.2056  0.2111  0.2167  0.2222  0.2278  0.2333  0.2389  0.2444  0.2500  0.2556  0.2611  0.2667  0.2722  0.2778  0.2833  0.2889  0.2944  0.3000  0.3056  0.3111  0.3167  0.3222  0.3278  0.3333  0.3389  0.3444  0.3500
 372.0 -0.4000 -0.3900 -0.3800 -0.3700 -0.3600 -0.3500 -0.3400 -0.3300 -0.3200 -0.3100 -0.3000 -0.2900 -0.2800 -0.2800 -0.2800 -0.2800 -0.2800 -0.2800 -0.2800 -0.2800 -0.2800 -0.2800 -0.2800 -0.2800 -0.2800 -0.2750 -0.2700 -0.2650 -0.2600 -0.2550 -0.2500 -0.2450 -0.2400 -0.2350 -0.2300 -0.2250 -0.2200 -0.2150 -0.2100 -0.2050 -0.2000 -0.1950 -0.1900 -0.1850 -0.1800 -0.1750 -0.1700 -0.1650 -0.1600 -0.1550 -0.1500 -0.1450 -0.1400 -0.1350 -0.1300 -0.1250 -0.1200 -0.1150 -0.1100 -0.1050 -0.1000 -0.0950 -0.0900 -0.0850 -0.0800 -0.0750 -0.0700 -0.0650 -0.0600 -0.0550 -0.0500 -0.0450 -0.0400 -0.0350 -0.0300 -0.0250 -0.0200 -0.0150 -0.0100 -0.0050  0.0000  0.0050  0.0100  0.0150  0.0200  0.0250  0.0300  0.0350  0.0400  0.0450  0.0500  0.0550  0.0600  0.0650  0.0700  0.0750  0.0800  0.0850  0.0900  0.0950  0.1000  0.1050  0.1100  0.1150  0.1200  0.1250  0.1300  0.1350  0.1400  0.1450  0.1500  0.1550  0.1600  0.1650  0.1700  0.1750  0.1800  0.1850  0.1900  0.1950  0.2000  0.2050  0.2100  0.2150  0.2200  0.2250  0.2300  0.2350  0.2400  0.2450  0.2500  0.2550  0.2600  0.2650  0.2700  0.2750
 384.0 -0.4000 -0.3900 -0.3800 -0.3700 -0.3600 -0.3500 -0.3400 -0.3300 -0.3200 -0.3100 -0.3000 -0.2933 -0.2933 -0.2933 -0.2933 -0.2933 -0.2933 -0.2933 -0.2933 -0.2933 -0.2933 -0.2933 -0.2933 -0.2933 -0.2933 -0.2889 -0.2844 -0.2800 -0.2756 -0.2711 -0.2667 -0.2622 -0.2578 -0.2533 -0.2489 -0.2444 -0.2400 -0.2356 -0.2311 -0.2267 -0.2222 -0.2178 -0.2133 -0.2089 -0.2044 -0.2000 -0.1956 -0.1911 -0.1867 -0.1822 -0.1778 -0.1733 -0.1689 -0.1644 -0.1600 -0.1556 -0.1511 -0.1467 -0.1422 -0.1378 -0.1333 -0.1289 -0.1244 -0.1200 -0.1156 -0.1111 -0.1067 -0.1022 -0.0978 -0.0933 -0.0889 -0.0844 -0.0800 -0.0756 -0.0711 -0.0667 -0.0622 -0.0578 -0.0533 -0.0489 -0.0444 -0.0400 -0.0356 -0.0311 -0.0267 -0.0222 -0.0178 -0.0133 -0.0089 -0.0044  0.0000  0.0044  0.0089  0.0133  0.0178  0.0222  0.0267  0.0311  0.0356  0.0400  0.0444  0.0489  0.0533  0.0578  0.0622  0.0667  0.0711  0.0756  0.0800  0.0844  0.0889  0.0933  0.0978  0.1022  0.1067  0.1111  0.1156  0.1200  0.1244  0.1289  0.1333  0.1378  0.1422  0.1467  0.1511  0.1556  0.1600  0.1644  0.1689  0.1733  0.1778  0.1822  0.1867  0.1911  0.1956  0.2000
 396.0 -0.4000 -0.3900 -0.3800 -0.3700 -0.3600 -0.3500 -0.3400 -0.3300 -0.3200 -0.3100 -0.3067 -0.3067 -0.3067 -0.3067 -0.3067 -0.3067 -0.3067 -0.3067 -0.3067 -0.3067 -0.3067 -0.3067 -0.3067 -0.3067 -0.3067 -0.3028 -0.2989 -0.2950 -0.2911 -0.2872 -0.2833 -0.2794 -0.2756 -0.2717 -0.2678 -0.2639 -0.2600 -0.2561 -0.2522 -0.2483 -0.2444 -0.2406 -0.2367 -0.2328 -0.2289 -0.2250 -0.2211 -0.2172 -0.2133 -0.2094 -0.2056 -0.2017 -0.1978 -0.1939 -0.1900 -0.1861 -0.1822 -0.1783 -0.1744 -0.1706 -0.1667 -0.1628 -0.1589 -0.1550 -0.1511 -0.1472 -0.1433 -0.1394 -0.1356 -0.1317 -0.1278 -0.1239 -0.1200 -0.1161 -0.1122 -0.1083 -0.1044 -0.1006 -0.0967 -0.0928 -0.0889 -0.0850 -0.0811 -0.0772 -0.0733 -0.0694 -0.0656 -0.0617 -0.0578 -0.0539 -0.0500 -0.0461 -0.0422 -0.0383 -0.0344 -0.0306 -0.0267 -0.0228 -0.0189 -0.0150 -0.0111 -0.0072 -0.0033  0.0006  0.0044  0.0083  0.0122  0.0161  0.0200  0.0239  0.0278  0.0317  0.0356  0.0394  0.0433  0.0472  0.0511  0.0550  0.0589  0.0628  0.0667  0.0706  0.0744  0.0783  0.0822  0.0861  0.0900  0.0939  0.0978  0.1017  0.1056  0.1094  0.1133  0.1172  0.1211  0.1250
 408.0 -0.4000 -0.3900 -0.3800 -0.3700 -0.3600 -0.3500 -0.3400 -0.3300 -0.3200 -0.3200 -0.3200 -0.3200 -0.3200 -0.3200 -0.3200 -0.3200 -0.3200 -0.3200 -0.3200 -0.3200 -0.3200 -0.3200 -0.3200 -0.3200 -0.3200 -0.3167 -0.3133 -0.3100 -0.3067 -0.3033 -0.3000 -0.2967 -0.2933 -0.2900 -0.2867 -0.2833 -0.2800 -0.2767 -0.2733 -0.2700 -0.2667 -0.2633 -0.2600 -0.2567 -0.2533 -0.2500 -0.2467 -0.2433 -0.2400 -0.2367 -0.2333 -0.2300 -0.2267 -0.2233 -0.2200 -0.2167 -0.2133 -0.2100 -0.2067 -0.2033 -0.2000 -0.1967 -0.1933 -0.1900 -0.1867 -0.1833 -0.1800 -0.1767 -0.1733 -0.1700 -0.1667 -0.1633 -0.1600 -0.1567 -0.1533 -0.1500 -0.1467 -0.1433 -0.1400 -0.1367 -0.1333 -0.1300 -0.1267 -0.1233 -0.1200 -0.1167 -0.1133 -0.1100 -0.1067 -0.1033 -0.1000 -0.0967 -0.0933 -0.0900 -0.0867 -0.0833 -0.0800 -0.0767 -0.0733 -0.0700 -0.0667 -0.0633 -0.0600 -0.0567 -0.0533 -0.0500 -0.0467 -0.0433 -0.0400 -0.0367 -0.0333 -0.0300 -0.0267 -0.0233 -0.0200 -0.0167 -0.0133 -0.0100 -0.0067 -0.0033  0.0000  0.0033  0.0067  0.0100  0.0133  0.0167  0.0200  0.0233  0.0267  0.0300  0.0333  0.0367  0.0400  0.0433  0.0467  0.0500
 420.0 -0.4000 -0.3900 -0.3800 -0.3700 -0.3600 -0.3500 -0.3400 -0.3333 -0.3333 -0.3333 -0.3333 -0.3333 -0.3333 -0.3333 -0.3333 -0.3333 -0.3333 -0.3333 -0.3333 -0.3333 -0.3333 -0.3333 -0.3333 -0.3333 -0.3333 -0.3306 -0.3278 -0.3250 -0.3222 -0.3194 -0.3167 -0.3139 -0.3111 -0.3083 -0.3056 -0.3028 -0.3000 -0.2972 -0.2944 -0.2917 -0.2889 -0.2861 -0.2833 -0.2806 -0.2778 -0.2750 -0.2722 -0.2694 -0.2667 -0.2639 -0.2611 -0.2583 -0.2556 -0.2528 -0.2500 -0.2472 -0.2444 -0.2417 -0.2389 -0.2361 -0.2333 -0.2306 -0.2278 -0.2250 -0.2222 -0.2194 -0.2167 -0.2139 -0.2111 -0.2083 -0.2056 -0.2028 -0.2000 -0.1972 -0.1944 -0.1917 -0.1889 -0.1861 -0.1833 -0.1806 -0.1778 -0.1750 -0.1722 -0.1694 -0.1667 -0.1639 -0.1611 -0.1583 -0.1556 -0.1528 -0.1500 -0.1472 -0.1444 -0.1417 -0.1389 -0.1361 -0.1333 -0.1306 -0.1278 -0.1250 -0.1222 -0.1194 -0.1167 -0.1139 -0.1111 -0.1083 -0.1056 -0.1028 -0.1000 -0.0972 -0.0944 -0.0917 -0.0889 -0.0861 -0.0833 -0.0806 -0.0778 -0.0750 -0.0722 -0.0694 -0.0667 -0.0639 -0.0611 -0.0583 -0.0556 -0.0528 -0.0500 -0.0472 -0.0444 -0.0417 -0.0389 -0.0361 -0.0333 -0.0306 -0.0278 -0.0250
 432.0 -0.4000 -0.3900 -0.3800 -0.3700 -0.3600 -0.3500 -0.3467 -0.3467 -0.3467 -0.3467 -0.3467 -0.3467 -0.3467 -0.3467 -0.3467 -0.3467 -0.3467 -0.3467 -0.3467 -0.3467 -0.3467 -0.3467 -0.3467 -0.3467 -0.3467 -0.3444 -0.3422 -0.3400 -0.3378 -0.3356 -0.3333 -0.3311 -0.3289 -0.3267 -0.3244 -0.3222 -0.3200 -0.3178 -0.3156 -0.3133 -0.3111 -0.3089 -0.3067 -0.3044 -0.3022 -0.3000 -0.2978 -0.2956 -0.2933 -0.2911 -0.2889 -0.2867 -0.2844 -0.2822 -0.2800 -0.2778 -0.2756 -0.2733 -0.2711 -0.2689 -0.2667 -0.2644 -0.2622 -0.2600 -0.2578 -0.2556 -0.2533 -0.2511 -0.2489 -0.2467 -0.2444 -0.2422 -0.2400 -0.2378 -0.2356 -0.2333 -0.2311 -0.2289 -0.2267 -0.2244 -0.2222 -0.2200 -0.2178 -0.2156 -0.2133 -0.2111 -0.2089 -0.2067 -0.2044 -0.2022 -0.2000 -0.1978 -0.1956 -0.1933 -0.1911 -0.1889 -0.1867 -0.1844 -0.1822 -0.1800 -0.1778 -0.1756 -0.1733 -0.1711 -0.1689 -0.1667 -0.1644 -0.1622 -0.1600 -0.1578 -0.1556 -0.1533 -0.1511 -0.1489 -0.1467 -0.1444 -0.1422 -0.1400 -0.1378 -0.1356 -0.1333 -0.1311 -0.1289 -0.1267 -0.1244 -0.1222 -0.1200 -0.1178 -0.1156 -0.1133 -0.1111 -0.1089 -0.1067 -0.1044 -0.1022 -0.1000
 444.0 -0.4000 -0.3900 -0.3800 -0.3700 -0.3600 -0.3600 -0.3600 -0.3600 -0.3600 -0.3600 -0.3600 -0.3600 -0.3600 -0.3600 -0.3600 -0.3600 -0.3600 -0.3600 -0.3600 -0.3600 -0.3600 -0.3600 -0.3600 -0.3600 -0.3600 -0.3583 -0.3567 -0.3550 -0.3533 -0.3517 -0.3500 -0.3483 -0.3467 -0.3450 -0.3433 -0.3417 -0.3400 -0.3383 -0.3367 -0.3350 -0.3333 -0.3317 -0.3300 -0.3283 -0.3267 -0.3250 -0.3233 -0.3217 -0.3200 -0.3183 -0.3167 -0.3150 -0.3133 -0.3117 -0.3100 -0.3083 -0.3067 -0.3050 -0.3033 -0.3017 -0.3000 -0.2983 -0.2967 -0.2950 -0.2933 -0.2917 -0.2900 -0.2883 -0.2867 -0.2850 -0.2833 -0.2817 -0.2800 -0.2783 -0.2767 -0.2750 -0.2733 -0.2717 -0.2700 -0.2683 -0.2667 -0.2650 -0.2633 -0.2617 -0.2600 -0.2583 -0.2567 -0.2550 -0.2533 -0.2517 -0.2500 -0.2483 -0.2467 -0.2450 -0.2433 -0.2417 -0.2400 -0.2383 -0.2367 -0.2350 -0.2333 -0.2317 -0.2300 -0.2283 -0.2267 -0.2250 -0.2233 -0.2217 -0.2200 -0.2183 -0.2167 -0.2150 -0.2133 -0.2117 -0.2100 -0.2083 -0.2067 -0.2050 -0.2033 -0.2017 -0.2000 -0.1983 -0.1967 -0.1950 -0.1933 -0.1917 -0.1900 -0.1883 -0.1867 -0.1850 -0.1833 -0.1817 -0.1800 -0.1783 -0.1767 -0.1750
 456.0 -0.4000 -0.3900 -0.3800 -0.3733 -0.3733 -0.3733 -0.3733 -0.3733 -0.3733 -0.3733 -0.3733 -0.3733 -0.3733 -0.3733 -0.3733 -0.3733 -0.3733 -0.3733 -0.3733 -0.3733 -0.3733 -0.3733 -0.3733 -0.3733 -0.3733 -0.3722 -0.3711 -0.3700 -0.3689 -0.3678 -0.3667 -0.3656 -0.3644 -0.3633 -0.3622 -0.3611 -0.3600 -0.3589 -0.3578 -0.3567 -0.3556 -0.3544 -0.3533 -0.3522 -0.3511 -0.3500 -0.3489 -0.3478 -0.3467 -0.3456 -0.3444 -0.3433 -0.3422 -0.3411 -0.3400 -0.3389 -0.3378 -0.3367 -0.3356 -0.3344 -0.3333 -0.3322 -0.3311 -0.3300 -0.3289 -0.3278 -0.3267 -0.3256 -0.3244 -0.3233 -0.3222 -0.3211 -0.3200 -0.3189 -0.3178 -0.3167 -0.3156 -0.3144 -0.3133 -0.3122 -0.3111 -0.3100 -0.3089 -0.3078 -0.3067 -0.3056 -0.3044 -0.3033 -0.3022 -0.3011 -0.3000 -0.2989 -0.2978 -0.2967 -0.2956 -0.2944 -0.2933 -0.2922 -0.2911 -0.2900 -0.2889 -0.2878 -0.2867 -0.2856 -0.2844 -0.2833 -0.2822 -0.2811 -0.2800 -0.2789 -0.2778 -0.2767 -0.2756 -0.2744 -0.2733 -0.2722 -0.2711 -0.2700 -0.2689 -0.2678 -0.2667 -0.2656 -0.2644 -0.2633 -0.2622 -0.2611 -0.2600 -0.2589 -0.2578 -0.2567 -0.2556 -0.2544 -0.2533 -0.2522 -0.2511 -0.2500
 468.0 -0.4000 -0.3900 -0.3867 -0.3867 -0.3867 -0.3867 -0.3867 -0.3867 -0.3867 -0.3867 -0.3867 -0.3867 -0.3867 -0.3867 -0.3867 -0.3867 -0.3867 -0.3867 -0.3867 -0.3867 -0.3867 -0.3867 -0.3867 -0.3867 -0.3867 -0.3861 -0.3856 -0.3850 -0.3844 -0.3839 -0.3833 -0.3828 -0.3822 -0.3817 -0.3811 -0.3806 -0.3800 -0.3794 -0.3789 -0.3783 -0.3778 -0.3772 -0.3767 -0.3761 -0.3756 -0.3750 -0.3744 -0.3739 -0.3733 -0.3728 -0.3722 -0.3717 -0.3711 -0.3706 -0.3700 -0.3694 -0.3689 -0.3683 -0.3678 -0.3672 -0.3667 -0.3661 -0.3656 -0.3650 -0.3644 -0.3639 -0.3633 -0.3628 -0.3622 -0.3617 -0.3611 -0.3606 -0.3600 -0.3594 -0.3589 -0.3583 -0.3578 -0.3572 -0.3567 -0.3561 -0.3556 -0.3550 -0.3544 -0.3539 -0.3533 -0.3528 -0.3522 -0.3517 -0.3511 -0.3506 -0.3500 -0.3494 -0.3489 -0.3483 -0.3478 -0.3472 -0.3467 -0.3461 -0.3456 -0.3450 -0.3444 -0.3439 -0.3433 -0.3428 -0.3422 -0.3417 -0.3411 -0.3406 -0.3400 -0.3394 -0.3389 -0.3383 -0.3378 -0.3372 -0.3367 -0.3361 -0.3356 -0.3350 -0.3344 -0.3339 -0.3333 -0.3328 -0.3322 -0.3317 -0.3311 -0.3306 -0.3300 -0.3294 -0.3289 -0.3283 -0.3278 -0.3272 -0.3267 -0.3261 -0.3256 -0.3250
 480.0 -0.4000 -0.4000 -0.4000 -0.4000 -0.4000 -0.4000 -0.4000 -0.4000 -0.4000 -0.4000 -0.4000 -0.4000 -0.4000 -0.4000 -0.4000 -0.4000 -0.4000 -0.4000 -0.4000 -0.4000 -0.4000 -0.4000 -0.4000 -0.4000 -0.4000 -0.4000 -0.4000 -0.4000 -0.4000 -0.4000 -0.4000 -0.4000 -0.4000 -0.4000 -0.4000 -0.4000 -0.4000 -0.4000 -0.4000 -0.4000 -0.4000 -0.4000 -0.4000 -0.4000 -0.4000 -0.4000 -0.4000 -0.4000 -0.4000 -0.4000 -0.4000 -0.4000 -0.4000 -0.4000 -0.4000 -0.4000 -0.4000 -0.4000 -0.4000 -0.4000 -0.4000 -0.4000 -0.4000 -0.4000 -0.4000 -0.4000 -0.4000 -0.4000 -0.4000 -0.4000 -0.4000 -0.4000 -0.4000 -0.4000 -0.4000 -0.4000 -0.4000 -0.4000 -0.4000 -0.4000 -0.4000 -0.4000 -0.4000 -0.4000 -0.4000 -0.4000 -0.4000 -0.4000 -0.4000 -0.4000 -0.4000 -0.4000 -0.4000 -0.4000 -0.4000 -0.4000 -0.4000 -0.4000 -0.4000 -0.4000 -0.4000 -0.4000 -0.4000 -0.4000 -0.4000 -0.4000 -0.4000 -0.4000 -0.4000 -0.4000 -0.4000 -0.4000 -0.4000 -0.4000 -0.4000 -0.4000 -0.4000 -0.4000 -0.4000 -0.4000 -0.4000 -0.4000 -0.4000 -0.4000 -0.4000 -0.4000 -0.4000 -0.4000 -0.4000 -0.4000 -0.4000 -0.4000 -0.4000 -0.4000 -0.4000 -0.4000