* De conditionele overschrijdingskans van de zeewaterstand met statistische onzekerheid gegeven de windrichting
* voor een 12-uursperiode te West Terschelling, gelegen op locatie: 
* 143870, 597420
* 
* Het waterstandsbereik waarvoor de overschrijdingskansen zijn gegeven is het hoogwater 1991 tot 8.00 m + NAP
* met een stapgrootte van 0.1 m. De laatste stapgrootte kan afwijken om op 8.00 m uit te komen. Hierbij wordt
* een stapgrootte van mimimaal 6 en maximaal 15 cm gekozen.
* 
* Betreft zichtjaar 1985 (het jaar waarvoor de basispeilen zijn afgeleid); 
* zeespiegelstijging sinds 1985 moet apart in rekening worden gebracht.
*
* Door: G.W.F. Rongen van HKV lijn in water
* Project: PR3280.20.03
*
* m (m+NAP) 30              60              90              120             150             180             210             240             270             300             330             360
  0.83      1.000e+00       1.000e+00       1.000e+00       1.000e+00       1.000e+00       1.000e+00       1.000e+00       1.000e+00       1.000e+00       1.000e+00       1.000e+00       1.000e+00       
  0.93      1.000e+00       1.000e+00       1.000e+00       1.000e+00       1.000e+00       1.000e+00       1.000e+00       4.015e-01       4.862e-01       4.711e-01       3.582e-01       2.798e-01       
  1.03      1.000e+00       1.000e+00       1.000e+00       1.000e+00       1.000e+00       1.000e+00       1.000e+00       1.625e-01       2.394e-01       2.246e-01       1.288e-01       7.749e-02       
  1.13      1.000e+00       9.983e-01       9.870e-01       9.987e-01       9.984e-01       9.430e-01       9.494e-01       7.076e-02       1.264e-01       1.158e-01       5.163e-02       2.392e-02       
  1.23      8.740e-01       6.681e-01       5.131e-01       6.945e-01       6.731e-01       3.816e-01       4.300e-01       5.025e-02       1.037e-01       9.744e-02       4.352e-02       1.669e-02       
  1.33      2.979e-01       1.951e-01       1.454e-01       2.053e-01       1.971e-01       1.074e-01       1.432e-01       3.776e-02       8.940e-02       8.688e-02       4.049e-02       1.306e-02       
  1.43      7.972e-02       5.222e-02       3.891e-02       5.492e-02       5.273e-02       2.873e-02       4.579e-02       2.786e-02       7.588e-02       7.643e-02       3.727e-02       1.007e-02       
  1.53      2.033e-02       1.332e-02       9.924e-03       1.401e-02       1.345e-02       7.328e-03       1.408e-02       2.018e-02       6.342e-02       6.632e-02       3.393e-02       7.661e-03       
  1.63      4.950e-03       3.243e-03       2.416e-03       3.411e-03       3.274e-03       1.784e-03       4.169e-03       1.435e-02       5.216e-02       5.673e-02       3.053e-02       5.748e-03       
  1.73      1.152e-03       7.548e-04       5.625e-04       7.939e-04       7.622e-04       4.154e-04       1.190e-03       1.002e-02       4.222e-02       4.782e-02       2.714e-02       4.255e-03       
  1.83      2.568e-04       1.682e-04       1.253e-04       1.769e-04       1.698e-04       9.255e-05       3.281e-04       6.879e-03       3.361e-02       3.971e-02       2.382e-02       3.108e-03       
  1.93      5.484e-05       3.592e-05       2.677e-05       3.778e-05       3.627e-05       1.977e-05       8.739e-05       4.638e-03       2.632e-02       3.246e-02       2.062e-02       2.240e-03       
  2.03      1.124e-05       7.359e-06       5.484e-06       7.741e-06       7.432e-06       4.050e-06       2.251e-05       3.073e-03       2.026e-02       2.612e-02       1.761e-02       1.594e-03       
  2.13      2.211e-06       1.448e-06       1.079e-06       1.523e-06       1.463e-06       7.970e-07       5.614e-06       2.001e-03       1.533e-02       2.068e-02       1.481e-02       1.120e-03       
  2.23      4.183e-07       2.740e-07       2.042e-07       2.882e-07       2.767e-07       1.508e-07       1.356e-06       1.280e-03       1.139e-02       1.610e-02       1.228e-02       7.772e-04       
  2.33      7.613e-08       4.987e-08       3.716e-08       5.245e-08       5.036e-08       2.744e-08       3.176e-07       8.056e-04       8.321e-03       1.233e-02       1.001e-02       5.326e-04       
  2.43      1.334e-08       8.740e-09       6.513e-09       9.193e-09       8.826e-09       4.810e-09       7.218e-08       4.983e-04       5.969e-03       9.273e-03       8.036e-03       3.604e-04       
  2.53      2.254e-09       1.476e-09       1.100e-09       1.553e-09       1.491e-09       8.124e-10       1.593e-08       3.031e-04       4.205e-03       6.854e-03       6.341e-03       2.410e-04       
  2.63      3.671e-10       2.405e-10       1.792e-10       2.529e-10       2.428e-10       1.323e-10       3.413e-09       1.813e-04       2.908e-03       4.975e-03       4.918e-03       1.592e-04       
  2.73      5.771e-11       3.780e-11       2.817e-11       3.976e-11       3.817e-11       2.080e-11       7.110e-10       1.066e-04       1.974e-03       3.546e-03       3.746e-03       1.039e-04       
  2.83      8.761e-12       5.738e-12       4.276e-12       6.035e-12       5.795e-12       3.158e-12       1.440e-10       6.169e-05       1.315e-03       2.480e-03       2.801e-03       6.700e-05       
  2.93      1.284e-12       8.408e-13       6.266e-13       8.844e-13       8.491e-13       4.627e-13       2.837e-11       3.508e-05       8.584e-04       1.701e-03       2.054e-03       4.267e-05       
  3.03      1.811e-13       1.186e-13       8.840e-14       1.248e-13       1.198e-13       6.528e-14       5.398e-12       1.944e-05       5.454e-04       1.136e-03       1.467e-03       2.665e-05       
  3.13      2.729e-14       1.787e-14       1.332e-14       1.880e-14       1.805e-14       9.836e-15       1.079e-12       1.078e-05       3.438e-04       7.510e-04       1.035e-03       1.665e-05       
  3.23      4.103e-15       2.687e-15       2.003e-15       2.827e-15       2.714e-15       1.479e-15       2.148e-13       5.899e-06       2.131e-04       4.879e-04       7.162e-04       1.031e-05       
  3.33      6.132e-16       4.017e-16       2.993e-16       4.225e-16       4.056e-16       2.210e-16       4.251e-14       3.189e-06       1.299e-04       3.113e-04       4.863e-04       6.323e-06       
  3.43      9.113e-17       5.969e-17       4.448e-17       6.278e-17       6.028e-17       3.285e-17       8.361e-15       1.701e-06       7.769e-05       1.949e-04       3.234e-04       3.839e-06       
  3.53      1.346e-17       8.819e-18       6.572e-18       9.275e-18       8.905e-18       4.853e-18       1.633e-15       8.941e-07       4.558e-05       1.195e-04       2.104e-04       2.304e-06       
  3.63      2.017e-18       1.321e-18       9.845e-19       1.390e-18       1.334e-18       7.270e-19       3.230e-16       4.674e-07       2.643e-05       7.235e-05       1.347e-04       1.377e-06       
  3.73      3.148e-19       2.062e-19       1.536e-19       2.168e-19       2.082e-19       1.135e-19       6.584e-17       2.435e-07       1.517e-05       4.327e-05       8.491e-05       8.207e-07       
  3.83      5.018e-20       3.287e-20       2.449e-20       3.457e-20       3.319e-20       1.809e-20       1.361e-17       1.258e-07       8.590e-06       2.548e-05       5.258e-05       4.856e-07       
  3.93      8.071e-21       5.286e-21       3.940e-21       5.560e-21       5.339e-21       2.909e-21       2.829e-18       6.444e-08       4.793e-06       1.477e-05       3.195e-05       2.852e-07       
  4.03      1.310e-21       8.578e-22       6.392e-22       9.022e-22       8.663e-22       4.720e-22       5.923e-19       3.285e-08       2.647e-06       8.457e-06       1.914e-05       1.669e-07       
  4.13      2.165e-22       1.418e-22       1.057e-22       1.492e-22       1.432e-22       7.805e-23       1.264e-19       1.679e-08       1.457e-06       4.817e-06       1.136e-05       9.780e-08       
  4.23      3.730e-23       2.443e-23       1.821e-23       2.570e-23       2.467e-23       1.344e-23       2.798e-20       8.626e-09       8.008e-07       2.734e-06       6.696e-06       5.748e-08       
  4.33      6.776e-24       4.438e-24       3.307e-24       4.668e-24       4.482e-24       2.442e-24       6.456e-21       4.440e-09       4.385e-07       1.542e-06       3.911e-06       3.380e-08       
  4.43      1.281e-24       8.393e-25       6.254e-25       8.828e-25       8.475e-25       4.619e-25       1.531e-21       2.287e-09       2.390e-07       8.652e-07       2.265e-06       1.988e-08       
  4.53      2.481e-25       1.625e-25       1.211e-25       1.709e-25       1.641e-25       8.941e-26       3.694e-22       1.180e-09       1.300e-07       4.834e-07       1.303e-06       1.171e-08       
  4.63      4.890e-26       3.203e-26       2.387e-26       3.369e-26       3.234e-26       1.763e-26       9.060e-23       6.115e-10       7.065e-08       2.695e-07       7.461e-07       6.918e-09       
  4.73      9.842e-27       6.447e-27       4.804e-27       6.781e-27       6.510e-27       3.548e-27       2.267e-23       3.184e-10       3.841e-08       1.501e-07       4.255e-07       4.100e-09       
  4.83      2.034e-27       1.332e-27       9.930e-28       1.402e-27       1.346e-27       7.333e-28       5.816e-24       1.664e-10       2.088e-08       8.340e-08       2.416e-07       2.435e-09       
  4.93      4.336e-28       2.840e-28       2.116e-28       2.987e-28       2.868e-28       1.563e-28       1.530e-24       8.719e-11       1.133e-08       4.622e-08       1.365e-07       1.448e-09       
  5.03      9.518e-29       6.234e-29       4.646e-29       6.558e-29       6.296e-29       3.431e-29       4.116e-25       4.575e-11       6.136e-09       2.553e-08       7.671e-08       8.617e-10       
  5.13      2.140e-29       1.402e-29       1.045e-29       1.474e-29       1.415e-29       7.713e-30       1.126e-25       2.402e-11       3.316e-09       1.406e-08       4.287e-08       5.130e-10       
  5.23      4.897e-30       3.208e-30       2.390e-30       3.374e-30       3.239e-30       1.765e-30       3.120e-26       1.263e-11       1.788e-09       7.712e-09       2.383e-08       3.055e-10       
  5.33      1.136e-30       7.442e-31       5.546e-31       7.827e-31       7.515e-31       4.095e-31       8.737e-27       6.640e-12       9.616e-10       4.217e-09       1.318e-08       1.820e-10       
  5.43      2.667e-31       1.747e-31       1.302e-31       1.837e-31       1.764e-31       9.612e-32       2.470e-27       3.494e-12       5.161e-10       2.299e-09       7.256e-09       1.085e-10       
  5.53      6.326e-32       4.143e-32       3.088e-32       4.358e-32       4.184e-32       2.280e-32       7.043e-28       1.839e-12       2.765e-10       1.249e-09       3.975e-09       6.466e-11       
  5.63      1.516e-32       9.928e-33       7.398e-33       1.044e-32       1.003e-32       5.463e-33       2.025e-28       9.690e-13       1.478e-10       6.770e-10       2.167e-09       3.855e-11       
  5.73      3.667e-33       2.402e-33       1.790e-33       2.526e-33       2.425e-33       1.322e-33       5.871e-29       5.108e-13       7.884e-11       3.658e-10       1.177e-09       2.300e-11       
  5.83      8.950e-34       5.862e-34       4.369e-34       6.166e-34       5.920e-34       3.226e-34       1.715e-29       2.694e-13       4.198e-11       1.971e-10       6.361e-10       1.372e-11       
  5.93      2.204e-34       1.443e-34       1.076e-34       1.518e-34       1.458e-34       7.943e-35       5.046e-30       1.421e-13       2.231e-11       1.060e-10       3.424e-10       8.188e-12       
  6.03      5.471e-35       3.584e-35       2.671e-35       3.769e-35       3.619e-35       1.972e-35       1.495e-30       7.502e-14       1.184e-11       5.680e-11       1.836e-10       4.888e-12       
  6.13      1.369e-35       8.968e-36       6.683e-36       9.433e-36       9.057e-36       4.935e-36       4.460e-31       3.962e-14       6.272e-12       3.037e-11       9.805e-11       2.919e-12       
  6.23      3.453e-36       2.261e-36       1.685e-36       2.379e-36       2.284e-36       1.244e-36       1.339e-31       2.093e-14       3.317e-12       1.620e-11       5.217e-11       1.743e-12       
  6.33      8.770e-37       5.745e-37       4.281e-37       6.042e-37       5.801e-37       3.161e-37       4.045e-32       1.106e-14       1.751e-12       8.623e-12       2.766e-11       1.042e-12       
  6.43      2.244e-37       1.469e-37       1.095e-37       1.546e-37       1.484e-37       8.087e-38       1.229e-32       5.850e-15       9.230e-13       4.579e-12       1.461e-11       6.224e-13       
  6.53      5.778e-38       3.785e-38       2.820e-38       3.981e-38       3.822e-38       2.083e-38       3.757e-33       3.095e-15       4.858e-13       2.426e-12       7.690e-12       3.720e-13       
  6.63      1.498e-38       9.811e-39       7.311e-39       1.032e-38       9.908e-39       5.399e-39       1.155e-33       1.638e-15       2.553e-13       1.283e-12       4.034e-12       2.224e-13       
  6.73      3.908e-39       2.560e-39       1.907e-39       2.692e-39       2.585e-39       1.408e-39       3.567e-34       8.670e-16       1.340e-13       6.767e-13       2.109e-12       1.330e-13       
  6.83      1.026e-39       6.718e-40       5.006e-40       7.066e-40       6.784e-40       3.697e-40       1.108e-34       4.592e-16       7.023e-14       3.563e-13       1.099e-12       7.957e-14       
  6.93      2.708e-40       1.774e-40       1.322e-40       1.866e-40       1.791e-40       9.760e-41       3.458e-35       2.433e-16       3.676e-14       1.872e-13       5.712e-13       4.761e-14       
  7.03      7.190e-41       4.710e-41       3.510e-41       4.954e-41       4.756e-41       2.592e-41       1.085e-35       1.289e-16       1.921e-14       9.818e-14       2.959e-13       2.849e-14       
  7.13      1.920e-41       1.257e-41       9.371e-42       1.323e-41       1.270e-41       6.920e-42       3.418e-36       6.835e-17       1.003e-14       5.140e-14       1.528e-13       1.705e-14       
  7.23      5.153e-42       3.375e-42       2.515e-42       3.550e-42       3.409e-42       1.858e-42       1.082e-36       3.625e-17       5.228e-15       2.685e-14       7.867e-14       1.021e-14       
  7.33      1.391e-42       9.108e-43       6.788e-43       9.580e-43       9.198e-43       5.012e-43       3.440e-37       1.923e-17       2.722e-15       1.400e-14       4.039e-14       6.114e-15       
  7.43      3.771e-43       2.470e-43       1.841e-43       2.598e-43       2.494e-43       1.359e-43       1.099e-37       1.021e-17       1.416e-15       7.291e-15       2.068e-14       3.662e-15       
  7.53      1.028e-43       6.732e-44       5.017e-44       7.081e-44       6.798e-44       3.705e-44       3.523e-38       5.417e-18       7.354e-16       3.789e-15       1.056e-14       2.194e-15       
  7.63      2.814e-44       1.843e-44       1.374e-44       1.939e-44       1.862e-44       1.014e-44       1.134e-38       2.877e-18       3.816e-16       1.966e-15       5.377e-15       1.315e-15       
  7.73      7.742e-45       5.071e-45       3.779e-45       5.334e-45       5.121e-45       2.791e-45       3.667e-39       1.528e-18       1.977e-16       1.018e-15       2.731e-15       7.880e-16       
  7.83      2.140e-45       1.401e-45       1.044e-45       1.474e-45       1.415e-45       7.712e-46       1.190e-39       8.118e-19       1.024e-16       5.267e-16       1.383e-15       4.724e-16       
  7.93      5.939e-46       3.890e-46       2.899e-46       4.091e-46       3.928e-46       2.141e-46       3.876e-40       4.315e-19       5.294e-17       2.719e-16       6.990e-16       2.833e-16       
  8.00      2.428e-46       1.590e-46       1.185e-46       1.672e-46       1.606e-46       8.750e-47       1.772e-40       2.772e-19       3.334e-17       1.710e-16       4.328e-16       1.980e-16       