*
* Afvoergolven van de Rijn bij Lobith. 
*
* Aan de getallen in dit bestand mag geen officiële status toegekend worden! 
*
* De eerste kolom bevat tijdstippen in de afvoergolf in uren.
* De eerste rij bevat piekwaarden van de golven in m³/s
* De overige rijen en kolommen bevatten de afvoergolven in m³/s
* waarbij de kolommen de afvoergolven bevatten.
*
* De eerste regel van het bestand bestaat uit twee getallen:
* 1) het aantal tijdstappen in een afvoergolf
* 2) het aantal afvoerniveaus in een golf
     61    122
         750.0   950.0  1150.0  1350.0  1550.0  1750.0  1950.0  2150.0  2350.0  2550.0  2750.0  2950.0  3150.0  3350.0  3550.0  3750.0  3950.0  4150.0  4350.0  4550.0  4750.0  4950.0  5150.0  5350.0  5550.0  5750.0  5950.0  6150.0  6350.0  6550.0  6750.0  6950.0  7150.0  7350.0  7550.0  7750.0  7950.0  8150.0  8350.0  8550.0  8750.0  8950.0  9150.0  9350.0  9550.0  9750.0  9950.0 10150.0 10350.0 10550.0 10750.0 10950.0 11150.0 11350.0 11550.0 11750.0 11950.0 12150.0 12350.0 12550.0 12750.0 12950.0 13150.0 13350.0 13550.0 13750.0 13950.0 14150.0 14350.0 14550.0 14750.0 14950.0 15150.0 15350.0 15550.0 15750.0 15950.0 16150.0 16350.0 16550.0 16750.0 16950.0 17150.0 17350.0 17550.0 17750.0 17950.0 18150.0 18350.0 18550.0 18750.0 18950.0 19150.0 19350.0 19550.0 19750.0 19950.0 20150.0 20350.0 20550.0 20750.0 20950.0 21150.0 21350.0 21550.0 21750.0 21950.0 22150.0 22350.0 22550.0 22750.0 22950.0 23150.0 23350.0 23550.0 23750.0 23950.0 24150.0 24350.0 24550.0 24750.0 25000.0
   0.0   750.0   750.0   750.0   750.0   750.0   750.0   750.0   750.0   750.0   750.0   750.0   750.0   750.0   750.0   750.0   750.0   750.0   750.0   750.0   750.0   750.0   750.0   750.0   750.0   750.0   750.0   750.0   750.0   750.0   750.0   750.0   750.0   750.0   750.0   750.0   750.0   750.0   750.0   750.0   750.0   750.0   750.0   750.0   750.0   750.0   750.0   750.0   750.0   750.0   750.0   750.0   750.0   750.0   750.0   750.0   750.0   750.0   750.0   750.0   750.0   750.0   750.0   750.0   750.0   750.0   750.0   750.0   750.0   750.0   750.0   750.0   750.0   750.0   750.0   750.0   750.0   750.0   750.0   750.0   750.0   750.0   750.0   750.0   750.0   750.0   750.0   750.0   750.0   750.0   750.0   750.0   750.0   750.0   750.0   750.0   750.0   750.0   750.0   750.0   750.0   750.0   750.0   750.0   750.0   750.0   750.0   750.0   750.0   750.0   750.0   750.0   750.0   750.0   750.0   750.0   750.0   750.0   750.0   750.0   750.0   750.0   750.0
  12.0   750.0   928.0   928.0   928.0   928.0   928.0   928.0   928.0   928.0   928.0   928.0   928.0   928.0   928.0   928.0   928.0   928.0   928.0   928.0   928.0   928.0   928.0   928.0   928.0   928.0   928.0   928.0   933.1   939.8   946.6   953.4   960.2   966.9   973.7   980.5   987.3   994.1  1000.8  1007.6  1014.4  1021.2  1028.0  1034.7  1041.5  1048.3  1055.1  1061.9  1068.6  1075.4  1082.2  1089.0  1095.8  1102.5  1109.3  1116.1  1122.9  1129.7  1136.4  1143.2  1150.0  1156.8  1163.6  1170.3  1177.1  1183.9  1190.7  1197.5  1204.2  1211.0  1217.8  1224.6  1231.4  1238.1  1244.9  1251.7  1258.5  1265.3  1272.0  1278.8  1285.6  1292.4  1299.2  1305.9  1312.7  1319.5  1326.3  1333.1  1339.8  1346.6  1353.4  1360.2  1366.9  1373.7  1380.5  1387.3  1394.1  1400.8  1407.6  1414.4  1421.2  1428.0  1434.7  1441.5  1448.3  1455.1  1461.9  1468.6  1475.4  1482.2  1489.0  1495.8  1502.5  1509.3  1516.1  1522.9  1529.7  1536.4  1543.2  1550.0  1556.8  1563.6  1572.0
  24.0   750.0   950.0  1105.9  1105.9  1105.9  1105.9  1105.9  1105.9  1105.9  1105.9  1105.9  1105.9  1105.9  1105.9  1105.9  1105.9  1105.9  1105.9  1105.9  1105.9  1105.9  1105.9  1105.9  1105.9  1105.9  1105.9  1105.9  1116.1  1129.7  1143.2  1156.8  1170.3  1183.9  1197.5  1211.0  1224.6  1238.1  1251.7  1265.3  1278.8  1292.4  1305.9  1319.5  1333.1  1346.6  1360.2  1373.7  1387.3  1400.8  1414.4  1428.0  1441.5  1455.1  1468.6  1482.2  1495.8  1509.3  1522.9  1536.4  1550.0  1563.6  1577.1  1590.7  1604.2  1617.8  1631.4  1644.9  1658.5  1672.0  1685.6  1699.2  1712.7  1726.3  1739.8  1753.4  1766.9  1780.5  1794.1  1807.6  1821.2  1834.7  1848.3  1861.9  1875.4  1889.0  1902.5  1916.1  1929.7  1943.2  1956.8  1970.3  1983.9  1997.5  2011.0  2024.6  2038.1  2051.7  2065.3  2078.8  2092.4  2105.9  2119.5  2133.1  2146.6  2160.2  2173.7  2187.3  2200.8  2214.4  2228.0  2241.5  2255.1  2268.6  2282.2  2295.8  2309.3  2322.9  2336.4  2350.0  2363.6  2377.1  2394.1
  36.0   750.0   950.0  1150.0  1283.9  1283.9  1283.9  1283.9  1283.9  1283.9  1283.9  1283.9  1283.9  1283.9  1283.9  1283.9  1283.9  1283.9  1283.9  1283.9  1283.9  1283.9  1283.9  1283.9  1283.9  1283.9  1283.9  1283.9  1299.2  1319.5  1339.8  1360.2  1380.5  1400.8  1421.2  1441.5  1461.9  1482.2  1502.5  1522.9  1543.2  1563.6  1583.9  1604.2  1624.6  1644.9  1665.3  1685.6  1705.9  1726.3  1746.6  1766.9  1787.3  1807.6  1828.0  1848.3  1868.6  1889.0  1909.3  1929.7  1950.0  1970.3  1990.7  2011.0  2031.4  2051.7  2072.0  2092.4  2112.7  2133.1  2153.4  2173.7  2194.1  2214.4  2234.7  2255.1  2275.4  2295.8  2316.1  2336.4  2356.8  2377.1  2397.5  2417.8  2438.1  2458.5  2478.8  2499.2  2519.5  2539.8  2560.2  2580.5  2600.8  2621.2  2641.5  2661.9  2682.2  2702.5  2722.9  2743.2  2763.6  2783.9  2804.2  2824.6  2844.9  2865.3  2885.6  2905.9  2926.3  2946.6  2966.9  2987.3  3007.6  3028.0  3048.3  3068.6  3089.0  3109.3  3129.7  3150.0  3170.3  3190.7  3216.1
  48.0   750.0   950.0  1150.0  1350.0  1461.9  1461.9  1461.9  1461.9  1461.9  1461.9  1461.9  1461.9  1461.9  1461.9  1461.9  1461.9  1461.9  1461.9  1461.9  1461.9  1461.9  1461.9  1461.9  1461.9  1461.9  1461.9  1461.9  1482.2  1509.3  1536.4  1563.6  1590.7  1617.8  1644.9  1672.0  1699.2  1726.3  1753.4  1780.5  1807.6  1834.7  1861.9  1889.0  1916.1  1943.2  1970.3  1997.5  2024.6  2051.7  2078.8  2105.9  2133.1  2160.2  2187.3  2214.4  2241.5  2268.6  2295.8  2322.9  2350.0  2377.1  2404.2  2431.4  2458.5  2485.6  2512.7  2539.8  2566.9  2594.1  2621.2  2648.3  2675.4  2702.5  2729.7  2756.8  2783.9  2811.0  2838.1  2865.3  2892.4  2919.5  2946.6  2973.7  3000.8  3028.0  3055.1  3082.2  3109.3  3136.4  3163.6  3190.7  3217.8  3244.9  3272.0  3299.2  3326.3  3353.4  3380.5  3407.6  3434.7  3461.9  3489.0  3516.1  3543.2  3570.3  3597.5  3624.6  3651.7  3678.8  3705.9  3733.1  3760.2  3787.3  3814.4  3841.5  3868.6  3895.8  3922.9  3950.0  3977.1  4004.2  4038.1
  60.0   750.0   950.0  1150.0  1350.0  1550.0  1639.8  1639.8  1639.8  1639.8  1639.8  1639.8  1639.8  1639.8  1639.8  1639.8  1639.8  1639.8  1639.8  1639.8  1639.8  1639.8  1639.8  1639.8  1639.8  1639.8  1639.8  1639.8  1665.3  1699.2  1733.1  1766.9  1800.8  1834.7  1868.6  1902.5  1936.4  1970.3  2004.2  2038.1  2072.0  2105.9  2139.8  2173.7  2207.6  2241.5  2275.4  2309.3  2343.2  2377.1  2411.0  2444.9  2478.8  2512.7  2546.6  2580.5  2614.4  2648.3  2682.2  2716.1  2750.0  2783.9  2817.8  2851.7  2885.6  2919.5  2953.4  2987.3  3021.2  3055.1  3089.0  3122.9  3156.8  3190.7  3224.6  3258.5  3292.4  3326.3  3360.2  3394.1  3428.0  3461.9  3495.8  3529.7  3563.6  3597.5  3631.4  3665.3  3699.2  3733.1  3766.9  3800.8  3834.7  3868.6  3902.5  3936.4  3970.3  4004.2  4038.1  4072.0  4105.9  4139.8  4173.7  4207.6  4241.5  4275.4  4309.3  4343.2  4377.1  4411.0  4444.9  4478.8  4512.7  4546.6  4580.5  4614.4  4648.3  4682.2  4716.1  4750.0  4783.9  4817.8  4860.2
  72.0   750.0   950.0  1150.0  1350.0  1550.0  1750.0  1817.8  1817.8  1817.8  1817.8  1817.8  1817.8  1817.8  1817.8  1817.8  1817.8  1817.8  1817.8  1817.8  1817.8  1817.8  1817.8  1817.8  1817.8  1817.8  1817.8  1817.8  1848.3  1889.0  1929.7  1970.3  2011.0  2051.7  2092.4  2133.1  2173.7  2214.4  2255.1  2295.8  2336.4  2377.1  2417.8  2458.5  2499.2  2539.8  2580.5  2621.2  2661.9  2702.5  2743.2  2783.9  2824.6  2865.3  2905.9  2946.6  2987.3  3028.0  3068.6  3109.3  3150.0  3190.7  3231.4  3272.0  3312.7  3353.4  3394.1  3434.7  3475.4  3516.1  3556.8  3597.5  3638.1  3678.8  3719.5  3760.2  3800.8  3841.5  3882.2  3922.9  3963.6  4004.2  4044.9  4085.6  4126.3  4166.9  4207.6  4248.3  4289.0  4329.7  4370.3  4411.0  4451.7  4492.4  4533.1  4573.7  4614.4  4655.1  4695.8  4736.4  4777.1  4817.8  4858.5  4899.2  4939.8  4980.5  5021.2  5061.9  5102.5  5143.2  5183.9  5224.6  5265.3  5305.9  5346.6  5387.3  5428.0  5468.6  5509.3  5550.0  5590.7  5631.4  5682.2
  84.0   750.0   950.0  1150.0  1350.0  1550.0  1750.0  1950.0  1995.8  1995.8  1995.8  1995.8  1995.8  1995.8  1995.8  1995.8  1995.8  1995.8  1995.8  1995.8  1995.8  1995.8  1995.8  1995.8  1995.8  1995.8  1995.8  1995.8  2031.4  2078.8  2126.3  2173.7  2221.2  2268.6  2316.1  2363.6  2411.0  2458.5  2505.9  2553.4  2600.8  2648.3  2695.8  2743.2  2790.7  2838.1  2885.6  2933.1  2980.5  3028.0  3075.4  3122.9  3170.3  3217.8  3265.3  3312.7  3360.2  3407.6  3455.1  3502.5  3550.0  3597.5  3644.9  3692.4  3739.8  3787.3  3834.7  3882.2  3929.7  3977.1  4024.6  4072.0  4119.5  4166.9  4214.4  4261.9  4309.3  4356.8  4404.2  4451.7  4499.2  4546.6  4594.1  4641.5  4689.0  4736.4  4783.9  4831.4  4878.8  4926.3  4973.7  5021.2  5068.6  5116.1  5163.6  5211.0  5258.5  5305.9  5353.4  5400.8  5448.3  5495.8  5543.2  5590.7  5638.1  5685.6  5733.1  5780.5  5828.0  5875.4  5922.9  5970.3  6017.8  6065.3  6112.7  6160.2  6207.6  6255.1  6302.5  6350.0  6397.5  6444.9  6504.2
  96.0   750.0   950.0  1150.0  1350.0  1550.0  1750.0  1950.0  2150.0  2173.7  2173.7  2173.7  2173.7  2173.7  2173.7  2173.7  2173.7  2173.7  2173.7  2173.7  2173.7  2173.7  2173.7  2173.7  2173.7  2173.7  2173.7  2173.7  2214.4  2268.6  2322.9  2377.1  2431.4  2485.6  2539.8  2594.1  2648.3  2702.5  2756.8  2811.0  2865.3  2919.5  2973.7  3028.0  3082.2  3136.4  3190.7  3244.9  3299.2  3353.4  3407.6  3461.9  3516.1  3570.3  3624.6  3678.8  3733.1  3787.3  3841.5  3895.8  3950.0  4004.2  4058.5  4112.7  4166.9  4221.2  4275.4  4329.7  4383.9  4438.1  4492.4  4546.6  4600.8  4655.1  4709.3  4763.6  4817.8  4872.0  4926.3  4980.5  5034.7  5089.0  5143.2  5197.5  5251.7  5305.9  5360.2  5414.4  5468.6  5522.9  5577.1  5631.4  5685.6  5739.8  5794.1  5848.3  5902.5  5956.8  6011.0  6065.3  6119.5  6173.7  6228.0  6282.2  6336.4  6390.7  6444.9  6499.2  6553.4  6607.6  6661.9  6716.1  6770.3  6824.6  6878.8  6933.1  6987.3  7041.5  7095.8  7150.0  7204.2  7258.5  7326.3
 108.0   750.0   950.0  1150.0  1350.0  1550.0  1750.0  1950.0  2150.0  2350.0  2351.7  2351.7  2351.7  2351.7  2351.7  2351.7  2351.7  2351.7  2351.7  2351.7  2351.7  2351.7  2351.7  2351.7  2351.7  2351.7  2351.7  2351.7  2397.5  2458.5  2519.5  2580.5  2641.5  2702.5  2763.6  2824.6  2885.6  2946.6  3007.6  3068.6  3129.7  3190.7  3251.7  3312.7  3373.7  3434.7  3495.8  3556.8  3617.8  3678.8  3739.8  3800.8  3861.9  3922.9  3983.9  4044.9  4105.9  4166.9  4228.0  4289.0  4350.0  4411.0  4472.0  4533.1  4594.1  4655.1  4716.1  4777.1  4838.1  4899.2  4960.2  5021.2  5082.2  5143.2  5204.2  5265.3  5326.3  5387.3  5448.3  5509.3  5570.3  5631.4  5692.4  5753.4  5814.4  5875.4  5936.4  5997.5  6058.5  6119.5  6180.5  6241.5  6302.5  6363.6  6424.6  6485.6  6546.6  6607.6  6668.6  6729.7  6790.7  6851.7  6912.7  6973.7  7034.7  7095.8  7156.8  7217.8  7278.8  7339.8  7400.8  7461.9  7522.9  7583.9  7644.9  7705.9  7766.9  7828.0  7889.0  7950.0  8011.0  8072.0  8148.3
 120.0   750.0   950.0  1150.0  1350.0  1550.0  1750.0  1950.0  2150.0  2350.0  2529.7  2529.7  2529.7  2529.7  2529.7  2529.7  2529.7  2529.7  2529.7  2529.7  2529.7  2529.7  2529.7  2529.7  2529.7  2529.7  2529.7  2529.7  2580.5  2648.3  2716.1  2783.9  2851.7  2919.5  2987.3  3055.1  3122.9  3190.7  3258.5  3326.3  3394.1  3461.9  3529.7  3597.5  3665.3  3733.1  3800.8  3868.6  3936.4  4004.2  4072.0  4139.8  4207.6  4275.4  4343.2  4411.0  4478.8  4546.6  4614.4  4682.2  4750.0  4817.8  4885.6  4953.4  5021.2  5089.0  5156.8  5224.6  5292.4  5360.2  5428.0  5495.8  5563.6  5631.4  5699.2  5766.9  5834.7  5902.5  5970.3  6038.1  6105.9  6173.7  6241.5  6309.3  6377.1  6444.9  6512.7  6580.5  6648.3  6716.1  6783.9  6851.7  6919.5  6987.3  7055.1  7122.9  7190.7  7258.5  7326.3  7394.1  7461.9  7529.7  7597.5  7665.3  7733.1  7800.8  7868.6  7936.4  8004.2  8072.0  8139.8  8207.6  8275.4  8343.2  8411.0  8478.8  8546.6  8614.4  8682.2  8750.0  8817.8  8885.6  8970.3
 132.0   750.0   950.0  1150.0  1350.0  1550.0  1750.0  1950.0  2150.0  2350.0  2550.0  2707.6  2707.6  2707.6  2707.6  2707.6  2707.6  2707.6  2707.6  2707.6  2707.6  2707.6  2707.6  2707.6  2707.6  2707.6  2707.6  2707.6  2763.6  2838.1  2912.7  2987.3  3061.9  3136.4  3211.0  3285.6  3360.2  3434.7  3509.3  3583.9  3658.5  3733.1  3807.6  3882.2  3956.8  4031.4  4105.9  4180.5  4255.1  4329.7  4404.2  4478.8  4553.4  4628.0  4702.5  4777.1  4851.7  4926.3  5000.8  5075.4  5150.0  5224.6  5299.2  5373.7  5448.3  5522.9  5597.5  5672.0  5746.6  5821.2  5895.8  5970.3  6044.9  6119.5  6194.1  6268.6  6343.2  6417.8  6492.4  6566.9  6641.5  6716.1  6790.7  6865.3  6939.8  7014.4  7089.0  7163.6  7238.1  7312.7  7387.3  7461.9  7536.4  7611.0  7685.6  7760.2  7834.7  7909.3  7983.9  8058.5  8133.1  8207.6  8282.2  8356.8  8431.4  8505.9  8580.5  8655.1  8729.7  8804.2  8878.8  8953.4  9028.0  9102.5  9177.1  9251.7  9326.3  9400.8  9475.4  9550.0  9624.6  9699.2  9792.4
 144.0   750.0   950.0  1150.0  1350.0  1550.0  1750.0  1950.0  2150.0  2350.0  2550.0  2750.0  2885.6  2885.6  2885.6  2885.6  2885.6  2885.6  2885.6  2885.6  2885.6  2885.6  2885.6  2885.6  2885.6  2885.6  2885.6  2885.6  2946.6  3028.0  3109.3  3190.7  3272.0  3353.4  3434.7  3516.1  3597.5  3678.8  3760.2  3841.5  3922.9  4004.2  4085.6  4166.9  4248.3  4329.7  4411.0  4492.4  4573.7  4655.1  4736.4  4817.8  4899.2  4980.5  5061.9  5143.2  5224.6  5305.9  5387.3  5468.6  5550.0  5631.4  5712.7  5794.1  5875.4  5956.8  6038.1  6119.5  6200.8  6282.2  6363.6  6444.9  6526.3  6607.6  6689.0  6770.3  6851.7  6933.1  7014.4  7095.8  7177.1  7258.5  7339.8  7421.2  7502.5  7583.9  7665.3  7746.6  7828.0  7909.3  7990.7  8072.0  8153.4  8234.7  8316.1  8397.5  8478.8  8560.2  8641.5  8722.9  8804.2  8885.6  8966.9  9048.3  9129.7  9211.0  9292.4  9373.7  9455.1  9536.4  9617.8  9699.2  9780.5  9861.9  9943.2 10024.6 10105.9 10187.3 10268.6 10350.0 10431.4 10512.7 10614.4
 156.0   750.0   950.0  1150.0  1350.0  1550.0  1750.0  1950.0  2150.0  2350.0  2550.0  2750.0  2950.0  3063.6  3063.6  3063.6  3063.6  3063.6  3063.6  3063.6  3063.6  3063.6  3063.6  3063.6  3063.6  3063.6  3063.6  3063.6  3129.7  3217.8  3305.9  3394.1  3482.2  3570.3  3658.5  3746.6  3834.7  3922.9  4011.0  4099.2  4187.3  4275.4  4363.6  4451.7  4539.8  4628.0  4716.1  4804.2  4892.4  4980.5  5068.6  5156.8  5244.9  5333.1  5421.2  5509.3  5597.5  5685.6  5773.7  5861.9  5950.0  6038.1  6126.3  6214.4  6302.5  6390.7  6478.8  6566.9  6655.1  6743.2  6831.4  6919.5  7007.6  7095.8  7183.9  7272.0  7360.2  7448.3  7536.4  7624.6  7712.7  7800.8  7889.0  7977.1  8065.3  8153.4  8241.5  8329.7  8417.8  8505.9  8594.1  8682.2  8770.3  8858.5  8946.6  9034.7  9122.9  9211.0  9299.2  9387.3  9475.4  9563.6  9651.7  9739.8  9828.0  9916.1 10004.2 10092.4 10180.5 10268.6 10356.8 10444.9 10533.1 10621.2 10709.3 10797.5 10885.6 10973.7 11061.9 11150.0 11238.1 11326.3 11436.4
 168.0   750.0   950.0  1150.0  1350.0  1550.0  1750.0  1950.0  2150.0  2350.0  2550.0  2750.0  2950.0  3150.0  3241.5  3241.5  3241.5  3241.5  3241.5  3241.5  3241.5  3241.5  3241.5  3241.5  3241.5  3241.5  3241.5  3241.5  3312.7  3407.6  3502.5  3597.5  3692.4  3787.3  3882.2  3977.1  4072.0  4166.9  4261.9  4356.8  4451.7  4546.6  4641.5  4736.4  4831.4  4926.3  5021.2  5116.1  5211.0  5305.9  5400.8  5495.8  5590.7  5685.6  5780.5  5875.4  5970.3  6065.3  6160.2  6255.1  6350.0  6444.9  6539.8  6634.7  6729.7  6824.6  6919.5  7014.4  7109.3  7204.2  7299.2  7394.1  7489.0  7583.9  7678.8  7773.7  7868.6  7963.6  8058.5  8153.4  8248.3  8343.2  8438.1  8533.1  8628.0  8722.9  8817.8  8912.7  9007.6  9102.5  9197.5  9292.4  9387.3  9482.2  9577.1  9672.0  9766.9  9861.9  9956.8 10051.7 10146.6 10241.5 10336.4 10431.4 10526.3 10621.2 10716.1 10811.0 10905.9 11000.8 11095.8 11190.7 11285.6 11380.5 11475.4 11570.3 11665.3 11760.2 11855.1 11950.0 12044.9 12139.8 12258.5
 180.0   750.0   950.0  1150.0  1350.0  1550.0  1750.0  1950.0  2150.0  2350.0  2550.0  2750.0  2950.0  3150.0  3350.0  3419.5  3419.5  3419.5  3419.5  3419.5  3419.5  3419.5  3419.5  3419.5  3419.5  3419.5  3419.5  3419.5  3495.8  3597.5  3699.2  3800.8  3902.5  4004.2  4105.9  4207.6  4309.3  4411.0  4512.7  4614.4  4716.1  4817.8  4919.5  5021.2  5122.9  5224.6  5326.3  5428.0  5529.7  5631.4  5733.1  5834.7  5936.4  6038.1  6139.8  6241.5  6343.2  6444.9  6546.6  6648.3  6750.0  6851.7  6953.4  7055.1  7156.8  7258.5  7360.2  7461.9  7563.6  7665.3  7766.9  7868.6  7970.3  8072.0  8173.7  8275.4  8377.1  8478.8  8580.5  8682.2  8783.9  8885.6  8987.3  9089.0  9190.7  9292.4  9394.1  9495.8  9597.5  9699.2  9800.8  9902.5 10004.2 10105.9 10207.6 10309.3 10411.0 10512.7 10614.4 10716.1 10817.8 10919.5 11021.2 11122.9 11224.6 11326.3 11428.0 11529.7 11631.4 11733.1 11834.7 11936.4 12038.1 12139.8 12241.5 12343.2 12444.9 12546.6 12648.3 12750.0 12851.7 12953.4 13080.5
 192.0   750.0   950.0  1150.0  1350.0  1550.0  1750.0  1950.0  2150.0  2350.0  2550.0  2750.0  2950.0  3150.0  3350.0  3550.0  3597.5  3597.5  3597.5  3597.5  3597.5  3597.5  3597.5  3597.5  3597.5  3597.5  3597.5  3597.5  3678.8  3787.3  3895.8  4004.2  4112.7  4221.2  4329.7  4438.1  4546.6  4655.1  4763.6  4872.0  4980.5  5089.0  5197.5  5305.9  5414.4  5522.9  5631.4  5739.8  5848.3  5956.8  6065.3  6173.7  6282.2  6390.7  6499.2  6607.6  6716.1  6824.6  6933.1  7041.5  7150.0  7258.5  7366.9  7475.4  7583.9  7692.4  7800.8  7909.3  8017.8  8126.3  8234.7  8343.2  8451.7  8560.2  8668.6  8777.1  8885.6  8994.1  9102.5  9211.0  9319.5  9428.0  9536.4  9644.9  9753.4  9861.9  9970.3 10078.8 10187.3 10295.8 10404.2 10512.7 10621.2 10729.7 10838.1 10946.6 11055.1 11163.6 11272.0 11380.5 11489.0 11597.5 11705.9 11814.4 11922.9 12031.4 12139.8 12248.3 12356.8 12465.3 12573.7 12682.2 12790.7 12899.2 13007.6 13116.1 13224.6 13333.1 13441.5 13550.0 13658.5 13766.9 13902.5
 204.0   750.0   950.0  1150.0  1350.0  1550.0  1750.0  1950.0  2150.0  2350.0  2550.0  2750.0  2950.0  3150.0  3350.0  3550.0  3750.0  3775.4  3775.4  3775.4  3775.4  3775.4  3775.4  3775.4  3775.4  3775.4  3775.4  3775.4  3861.9  3977.1  4092.4  4207.6  4322.9  4438.1  4553.4  4668.6  4783.9  4899.2  5014.4  5129.7  5244.9  5360.2  5475.4  5590.7  5705.9  5821.2  5936.4  6051.7  6166.9  6282.2  6397.5  6512.7  6628.0  6743.2  6858.5  6973.7  7089.0  7204.2  7319.5  7434.7  7550.0  7665.3  7780.5  7895.8  8011.0  8126.3  8241.5  8356.8  8472.0  8587.3  8702.5  8817.8  8933.1  9048.3  9163.6  9278.8  9394.1  9509.3  9624.6  9739.8  9855.1  9970.3 10085.6 10200.8 10316.1 10431.4 10546.6 10661.9 10777.1 10892.4 11007.6 11122.9 11238.1 11353.4 11468.6 11583.9 11699.2 11814.4 11929.7 12044.9 12160.2 12275.4 12390.7 12505.9 12621.2 12736.4 12851.7 12966.9 13082.2 13197.5 13312.7 13428.0 13543.2 13658.5 13773.7 13889.0 14004.2 14119.5 14234.7 14350.0 14465.3 14580.5 14724.6
 216.0   750.0   950.0  1150.0  1350.0  1550.0  1750.0  1950.0  2150.0  2350.0  2550.0  2750.0  2950.0  3150.0  3350.0  3550.0  3750.0  3950.0  3953.4  3953.4  3953.4  3953.4  3953.4  3953.4  3953.4  3953.4  3953.4  3953.4  4044.9  4166.9  4289.0  4411.0  4533.1  4655.1  4777.1  4899.2  5021.2  5143.2  5265.3  5387.3  5509.3  5631.4  5753.4  5875.4  5997.5  6119.5  6241.5  6363.6  6485.6  6607.6  6729.7  6851.7  6973.7  7095.8  7217.8  7339.8  7461.9  7583.9  7705.9  7828.0  7950.0  8072.0  8194.1  8316.1  8438.1  8560.2  8682.2  8804.2  8926.3  9048.3  9170.3  9292.4  9414.4  9536.4  9658.5  9780.5  9902.5 10024.6 10146.6 10268.6 10390.7 10512.7 10634.7 10756.8 10878.8 11000.8 11122.9 11244.9 11366.9 11489.0 11611.0 11733.1 11855.1 11977.1 12099.2 12221.2 12343.2 12465.3 12587.3 12709.3 12831.4 12953.4 13075.4 13197.5 13319.5 13441.5 13563.6 13685.6 13807.6 13929.7 14051.7 14173.7 14295.8 14417.8 14539.8 14661.9 14783.9 14905.9 15028.0 15150.0 15272.0 15394.1 15546.6
 228.0   750.0   950.0  1150.0  1350.0  1550.0  1750.0  1950.0  2150.0  2350.0  2550.0  2750.0  2950.0  3150.0  3350.0  3550.0  3750.0  3950.0  4131.4  4131.4  4131.4  4131.4  4131.4  4131.4  4131.4  4131.4  4131.4  4131.4  4228.0  4356.8  4485.6  4614.4  4743.2  4872.0  5000.8  5129.7  5258.5  5387.3  5516.1  5644.9  5773.7  5902.5  6031.4  6160.2  6289.0  6417.8  6546.6  6675.4  6804.2  6933.1  7061.9  7190.7  7319.5  7448.3  7577.1  7705.9  7834.7  7963.6  8092.4  8221.2  8350.0  8478.8  8607.6  8736.4  8865.3  8994.1  9122.9  9251.7  9380.5  9509.3  9638.1  9766.9  9895.8 10024.6 10153.4 10282.2 10411.0 10539.8 10668.6 10797.5 10926.3 11055.1 11183.9 11312.7 11441.5 11570.3 11699.2 11828.0 11956.8 12085.6 12214.4 12343.2 12472.0 12600.8 12729.7 12858.5 12987.3 13116.1 13244.9 13373.7 13502.5 13631.4 13760.2 13889.0 14017.8 14146.6 14275.4 14404.2 14533.1 14661.9 14790.7 14919.5 15048.3 15177.1 15305.9 15434.7 15563.6 15692.4 15821.2 15950.0 16078.8 16207.6 16368.6
 240.0   750.0   950.0  1150.0  1350.0  1550.0  1750.0  1950.0  2150.0  2350.0  2550.0  2750.0  2950.0  3150.0  3350.0  3550.0  3750.0  3950.0  4150.0  4309.3  4309.3  4309.3  4309.3  4309.3  4309.3  4309.3  4309.3  4309.3  4411.0  4546.6  4682.2  4817.8  4953.4  5089.0  5224.6  5360.2  5495.8  5631.4  5766.9  5902.5  6038.1  6173.7  6309.3  6444.9  6580.5  6716.1  6851.7  6987.3  7122.9  7258.5  7394.1  7529.7  7665.3  7800.8  7936.4  8072.0  8207.6  8343.2  8478.8  8614.4  8750.0  8885.6  9021.2  9156.8  9292.4  9428.0  9563.6  9699.2  9834.7  9970.3 10105.9 10241.5 10377.1 10512.7 10648.3 10783.9 10919.5 11055.1 11190.7 11326.3 11461.9 11597.5 11733.1 11868.6 12004.2 12139.8 12275.4 12411.0 12546.6 12682.2 12817.8 12953.4 13089.0 13224.6 13360.2 13495.8 13631.4 13766.9 13902.5 14038.1 14173.7 14309.3 14444.9 14580.5 14716.1 14851.7 14987.3 15122.9 15258.5 15394.1 15529.7 15665.3 15800.8 15936.4 16072.0 16207.6 16343.2 16478.8 16614.4 16750.0 16885.6 17021.2 17190.7
 252.0   750.0   950.0  1150.0  1350.0  1550.0  1750.0  1950.0  2150.0  2350.0  2550.0  2750.0  2950.0  3150.0  3350.0  3550.0  3750.0  3950.0  4150.0  4350.0  4487.3  4487.3  4487.3  4487.3  4487.3  4487.3  4487.3  4487.3  4594.1  4736.4  4878.8  5021.2  5163.6  5305.9  5448.3  5590.7  5733.1  5875.4  6017.8  6160.2  6302.5  6444.9  6587.3  6729.7  6872.0  7014.4  7156.8  7299.2  7441.5  7583.9  7726.3  7868.6  8011.0  8153.4  8295.8  8438.1  8580.5  8722.9  8865.3  9007.6  9150.0  9292.4  9434.7  9577.1  9719.5  9861.9 10004.2 10146.6 10289.0 10431.4 10573.7 10716.1 10858.5 11000.8 11143.2 11285.6 11428.0 11570.3 11712.7 11855.1 11997.5 12139.8 12282.2 12424.6 12566.9 12709.3 12851.7 12994.1 13136.4 13278.8 13421.2 13563.6 13705.9 13848.3 13990.7 14133.1 14275.4 14417.8 14560.2 14702.5 14844.9 14987.3 15129.7 15272.0 15414.4 15556.8 15699.2 15841.5 15983.9 16126.3 16268.6 16411.0 16553.4 16695.8 16838.1 16980.5 17122.9 17265.3 17407.6 17550.0 17692.4 17834.7 18012.7
 264.0   750.0   950.0  1150.0  1350.0  1550.0  1750.0  1950.0  2150.0  2350.0  2550.0  2750.0  2950.0  3150.0  3350.0  3550.0  3750.0  3950.0  4150.0  4350.0  4550.0  4665.3  4665.3  4665.3  4665.3  4665.3  4665.3  4665.3  4777.1  4926.3  5075.4  5224.6  5373.7  5522.9  5672.0  5821.2  5970.3  6119.5  6268.6  6417.8  6566.9  6716.1  6865.3  7014.4  7163.6  7312.7  7461.9  7611.0  7760.2  7909.3  8058.5  8207.6  8356.8  8505.9  8655.1  8804.2  8953.4  9102.5  9251.7  9400.8  9550.0  9699.2  9848.3  9997.5 10146.6 10295.8 10444.9 10594.1 10743.2 10892.4 11041.5 11190.7 11339.8 11489.0 11638.1 11787.3 11936.4 12085.6 12234.7 12383.9 12533.1 12682.2 12831.4 12980.5 13129.7 13278.8 13428.0 13577.1 13726.3 13875.4 14024.6 14173.7 14322.9 14472.0 14621.2 14770.3 14919.5 15068.6 15217.8 15366.9 15516.1 15665.3 15814.4 15963.6 16112.7 16261.9 16411.0 16560.2 16709.3 16858.5 17007.6 17156.8 17305.9 17455.1 17604.2 17753.4 17902.5 18051.7 18200.8 18350.0 18499.2 18648.3 18834.7
 276.0   750.0   950.0  1150.0  1350.0  1550.0  1750.0  1950.0  2150.0  2350.0  2550.0  2750.0  2950.0  3150.0  3350.0  3550.0  3750.0  3950.0  4150.0  4350.0  4550.0  4750.0  4843.2  4843.2  4843.2  4843.2  4843.2  4843.2  4960.2  5116.1  5272.0  5428.0  5583.9  5739.8  5895.8  6051.7  6207.6  6363.6  6519.5  6675.4  6831.4  6987.3  7143.2  7299.2  7455.1  7611.0  7766.9  7922.9  8078.8  8234.7  8390.7  8546.6  8702.5  8858.5  9014.4  9170.3  9326.3  9482.2  9638.1  9794.1  9950.0 10105.9 10261.9 10417.8 10573.7 10729.7 10885.6 11041.5 11197.5 11353.4 11509.3 11665.3 11821.2 11977.1 12133.1 12289.0 12444.9 12600.8 12756.8 12912.7 13068.6 13224.6 13380.5 13536.4 13692.4 13848.3 14004.2 14160.2 14316.1 14472.0 14628.0 14783.9 14939.8 15095.8 15251.7 15407.6 15563.6 15719.5 15875.4 16031.4 16187.3 16343.2 16499.2 16655.1 16811.0 16966.9 17122.9 17278.8 17434.7 17590.7 17746.6 17902.5 18058.5 18214.4 18370.3 18526.3 18682.2 18838.1 18994.1 19150.0 19305.9 19461.9 19656.8
 288.0   750.0   950.0  1150.0  1350.0  1550.0  1750.0  1950.0  2150.0  2350.0  2550.0  2750.0  2950.0  3150.0  3350.0  3550.0  3750.0  3950.0  4150.0  4350.0  4550.0  4750.0  4950.0  5021.2  5021.2  5021.2  5021.2  5021.2  5143.2  5305.9  5468.6  5631.4  5794.1  5956.8  6119.5  6282.2  6444.9  6607.6  6770.3  6933.1  7095.8  7258.5  7421.2  7583.9  7746.6  7909.3  8072.0  8234.7  8397.5  8560.2  8722.9  8885.6  9048.3  9211.0  9373.7  9536.4  9699.2  9861.9 10024.6 10187.3 10350.0 10512.7 10675.4 10838.1 11000.8 11163.6 11326.3 11489.0 11651.7 11814.4 11977.1 12139.8 12302.5 12465.3 12628.0 12790.7 12953.4 13116.1 13278.8 13441.5 13604.2 13766.9 13929.7 14092.4 14255.1 14417.8 14580.5 14743.2 14905.9 15068.6 15231.4 15394.1 15556.8 15719.5 15882.2 16044.9 16207.6 16370.3 16533.1 16695.8 16858.5 17021.2 17183.9 17346.6 17509.3 17672.0 17834.7 17997.5 18160.2 18322.9 18485.6 18648.3 18811.0 18973.7 19136.4 19299.2 19461.9 19624.6 19787.3 19950.0 20112.7 20275.4 20478.8
 300.0   750.0   950.0  1150.0  1350.0  1550.0  1750.0  1950.0  2150.0  2350.0  2550.0  2750.0  2950.0  3150.0  3350.0  3550.0  3750.0  3950.0  4150.0  4350.0  4550.0  4750.0  4950.0  5150.0  5199.2  5199.2  5199.2  5199.2  5326.3  5495.8  5665.3  5834.7  6004.2  6173.7  6343.2  6512.7  6682.2  6851.7  7021.2  7190.7  7360.2  7529.7  7699.2  7868.6  8038.1  8207.6  8377.1  8546.6  8716.1  8885.6  9055.1  9224.6  9394.1  9563.6  9733.1  9902.5 10072.0 10241.5 10411.0 10580.5 10750.0 10919.5 11089.0 11258.5 11428.0 11597.5 11766.9 11936.4 12105.9 12275.4 12444.9 12614.4 12783.9 12953.4 13122.9 13292.4 13461.9 13631.4 13800.8 13970.3 14139.8 14309.3 14478.8 14648.3 14817.8 14987.3 15156.8 15326.3 15495.8 15665.3 15834.7 16004.2 16173.7 16343.2 16512.7 16682.2 16851.7 17021.2 17190.7 17360.2 17529.7 17699.2 17868.6 18038.1 18207.6 18377.1 18546.6 18716.1 18885.6 19055.1 19224.6 19394.1 19563.6 19733.1 19902.5 20072.0 20241.5 20411.0 20580.5 20750.0 20919.5 21089.0 21300.8
 312.0   750.0   950.0  1150.0  1350.0  1550.0  1750.0  1950.0  2150.0  2350.0  2550.0  2750.0  2950.0  3150.0  3350.0  3550.0  3750.0  3950.0  4150.0  4350.0  4550.0  4750.0  4950.0  5150.0  5350.0  5377.1  5377.1  5377.1  5509.3  5685.6  5861.9  6038.1  6214.4  6390.7  6566.9  6743.2  6919.5  7095.8  7272.0  7448.3  7624.6  7800.8  7977.1  8153.4  8329.7  8505.9  8682.2  8858.5  9034.7  9211.0  9387.3  9563.6  9739.8  9916.1 10092.4 10268.6 10444.9 10621.2 10797.5 10973.7 11150.0 11326.3 11502.5 11678.8 11855.1 12031.4 12207.6 12383.9 12560.2 12736.4 12912.7 13089.0 13265.3 13441.5 13617.8 13794.1 13970.3 14146.6 14322.9 14499.2 14675.4 14851.7 15028.0 15204.2 15380.5 15556.8 15733.1 15909.3 16085.6 16261.9 16438.1 16614.4 16790.7 16966.9 17143.2 17319.5 17495.8 17672.0 17848.3 18024.6 18200.8 18377.1 18553.4 18729.7 18905.9 19082.2 19258.5 19434.7 19611.0 19787.3 19963.6 20139.8 20316.1 20492.4 20668.6 20844.9 21021.2 21197.5 21373.7 21550.0 21726.3 21902.5 22122.9
 324.0   750.0   950.0  1150.0  1350.0  1550.0  1750.0  1950.0  2150.0  2350.0  2550.0  2750.0  2950.0  3150.0  3350.0  3550.0  3750.0  3950.0  4150.0  4350.0  4550.0  4750.0  4950.0  5150.0  5350.0  5550.0  5555.1  5555.1  5692.4  5875.4  6058.5  6241.5  6424.6  6607.6  6790.7  6973.7  7156.8  7339.8  7522.9  7705.9  7889.0  8072.0  8255.1  8438.1  8621.2  8804.2  8987.3  9170.3  9353.4  9536.4  9719.5  9902.5 10085.6 10268.6 10451.7 10634.7 10817.8 11000.8 11183.9 11366.9 11550.0 11733.1 11916.1 12099.2 12282.2 12465.3 12648.3 12831.4 13014.4 13197.5 13380.5 13563.6 13746.6 13929.7 14112.7 14295.8 14478.8 14661.9 14844.9 15028.0 15211.0 15394.1 15577.1 15760.2 15943.2 16126.3 16309.3 16492.4 16675.4 16858.5 17041.5 17224.6 17407.6 17590.7 17773.7 17956.8 18139.8 18322.9 18505.9 18689.0 18872.0 19055.1 19238.1 19421.2 19604.2 19787.3 19970.3 20153.4 20336.4 20519.5 20702.5 20885.6 21068.6 21251.7 21434.7 21617.8 21800.8 21983.9 22166.9 22350.0 22533.1 22716.1 22944.9
 336.0   750.0   950.0  1150.0  1350.0  1550.0  1750.0  1950.0  2150.0  2350.0  2550.0  2750.0  2950.0  3150.0  3350.0  3550.0  3750.0  3950.0  4150.0  4350.0  4550.0  4750.0  4950.0  5150.0  5350.0  5550.0  5733.1  5733.1  5875.4  6065.3  6255.1  6444.9  6634.7  6824.6  7014.4  7204.2  7394.1  7583.9  7773.7  7963.6  8153.4  8343.2  8533.1  8722.9  8912.7  9102.5  9292.4  9482.2  9672.0  9861.9 10051.7 10241.5 10431.4 10621.2 10811.0 11000.8 11190.7 11380.5 11570.3 11760.2 11950.0 12139.8 12329.7 12519.5 12709.3 12899.2 13089.0 13278.8 13468.6 13658.5 13848.3 14038.1 14228.0 14417.8 14607.6 14797.5 14987.3 15177.1 15366.9 15556.8 15746.6 15936.4 16126.3 16316.1 16505.9 16695.8 16885.6 17075.4 17265.3 17455.1 17644.9 17834.7 18024.6 18214.4 18404.2 18594.1 18783.9 18973.7 19163.6 19353.4 19543.2 19733.1 19922.9 20112.7 20302.5 20492.4 20682.2 20872.0 21061.9 21251.7 21441.5 21631.4 21821.2 22011.0 22200.8 22390.7 22580.5 22770.3 22960.2 23150.0 23339.8 23529.7 23766.9
 348.0   750.0   950.0  1150.0  1350.0  1550.0  1750.0  1950.0  2150.0  2350.0  2550.0  2750.0  2950.0  3150.0  3350.0  3550.0  3750.0  3950.0  4150.0  4350.0  4550.0  4750.0  4950.0  5150.0  5350.0  5550.0  5750.0  5911.0  6058.5  6255.1  6451.7  6648.3  6844.9  7041.5  7238.1  7434.7  7631.4  7828.0  8024.6  8221.2  8417.8  8614.4  8811.0  9007.6  9204.2  9400.8  9597.5  9794.1  9990.7 10187.3 10383.9 10580.5 10777.1 10973.7 11170.3 11366.9 11563.6 11760.2 11956.8 12153.4 12350.0 12546.6 12743.2 12939.8 13136.4 13333.1 13529.7 13726.3 13922.9 14119.5 14316.1 14512.7 14709.3 14905.9 15102.5 15299.2 15495.8 15692.4 15889.0 16085.6 16282.2 16478.8 16675.4 16872.0 17068.6 17265.3 17461.9 17658.5 17855.1 18051.7 18248.3 18444.9 18641.5 18838.1 19034.7 19231.4 19428.0 19624.6 19821.2 20017.8 20214.4 20411.0 20607.6 20804.2 21000.8 21197.5 21394.1 21590.7 21787.3 21983.9 22180.5 22377.1 22573.7 22770.3 22966.9 23163.6 23360.2 23556.8 23753.4 23950.0 24146.6 24343.2 24589.0
 360.0   750.0   950.0  1150.0  1350.0  1550.0  1750.0  1950.0  2150.0  2350.0  2550.0  2750.0  2950.0  3150.0  3350.0  3550.0  3750.0  3950.0  4150.0  4350.0  4550.0  4750.0  4950.0  5150.0  5350.0  5550.0  5750.0  5950.0  6150.0  6350.0  6550.0  6750.0  6950.0  7150.0  7350.0  7550.0  7750.0  7950.0  8150.0  8350.0  8550.0  8750.0  8950.0  9150.0  9350.0  9550.0  9750.0  9950.0 10150.0 10350.0 10550.0 10750.0 10950.0 11150.0 11350.0 11550.0 11750.0 11950.0 12150.0 12350.0 12550.0 12750.0 12950.0 13150.0 13350.0 13550.0 13750.0 13950.0 14150.0 14350.0 14550.0 14750.0 14950.0 15150.0 15350.0 15550.0 15750.0 15950.0 16150.0 16350.0 16550.0 16750.0 16950.0 17150.0 17350.0 17550.0 17750.0 17950.0 18150.0 18350.0 18550.0 18750.0 18950.0 19150.0 19350.0 19550.0 19750.0 19950.0 20150.0 20350.0 20550.0 20750.0 20950.0 21150.0 21350.0 21550.0 21750.0 21950.0 22150.0 22350.0 22550.0 22750.0 22950.0 23150.0 23350.0 23550.0 23750.0 23950.0 24150.0 24350.0 24550.0 24750.0 25000.0
 372.0   750.0   950.0  1150.0  1350.0  1550.0  1750.0  1950.0  2150.0  2350.0  2550.0  2750.0  2950.0  3150.0  3350.0  3550.0  3750.0  3950.0  4150.0  4350.0  4550.0  4750.0  4950.0  5150.0  5350.0  5550.0  5750.0  5911.0  6058.5  6255.1  6451.7  6648.3  6844.9  7041.5  7238.1  7434.7  7631.4  7828.0  8024.6  8221.2  8417.8  8614.4  8811.0  9007.6  9204.2  9400.8  9597.5  9794.1  9990.7 10187.3 10383.9 10580.5 10777.1 10973.7 11170.3 11366.9 11563.6 11760.2 11956.8 12153.4 12350.0 12546.6 12743.2 12939.8 13136.4 13333.1 13529.7 13726.3 13922.9 14119.5 14316.1 14512.7 14709.3 14905.9 15102.5 15299.2 15495.8 15692.4 15889.0 16085.6 16282.2 16478.8 16675.4 16872.0 17068.6 17265.3 17461.9 17658.5 17855.1 18051.7 18248.3 18444.9 18641.5 18838.1 19034.7 19231.4 19428.0 19624.6 19821.2 20017.8 20214.4 20411.0 20607.6 20804.2 21000.8 21197.5 21394.1 21590.7 21787.3 21983.9 22180.5 22377.1 22573.7 22770.3 22966.9 23163.6 23360.2 23556.8 23753.4 23950.0 24146.6 24343.2 24589.0
 384.0   750.0   950.0  1150.0  1350.0  1550.0  1750.0  1950.0  2150.0  2350.0  2550.0  2750.0  2950.0  3150.0  3350.0  3550.0  3750.0  3950.0  4150.0  4350.0  4550.0  4750.0  4950.0  5150.0  5350.0  5550.0  5733.1  5733.1  5875.4  6065.3  6255.1  6444.9  6634.7  6824.6  7014.4  7204.2  7394.1  7583.9  7773.7  7963.6  8153.4  8343.2  8533.1  8722.9  8912.7  9102.5  9292.4  9482.2  9672.0  9861.9 10051.7 10241.5 10431.4 10621.2 10811.0 11000.8 11190.7 11380.5 11570.3 11760.2 11950.0 12139.8 12329.7 12519.5 12709.3 12899.2 13089.0 13278.8 13468.6 13658.5 13848.3 14038.1 14228.0 14417.8 14607.6 14797.5 14987.3 15177.1 15366.9 15556.8 15746.6 15936.4 16126.3 16316.1 16505.9 16695.8 16885.6 17075.4 17265.3 17455.1 17644.9 17834.7 18024.6 18214.4 18404.2 18594.1 18783.9 18973.7 19163.6 19353.4 19543.2 19733.1 19922.9 20112.7 20302.5 20492.4 20682.2 20872.0 21061.9 21251.7 21441.5 21631.4 21821.2 22011.0 22200.8 22390.7 22580.5 22770.3 22960.2 23150.0 23339.8 23529.7 23766.9
 396.0   750.0   950.0  1150.0  1350.0  1550.0  1750.0  1950.0  2150.0  2350.0  2550.0  2750.0  2950.0  3150.0  3350.0  3550.0  3750.0  3950.0  4150.0  4350.0  4550.0  4750.0  4950.0  5150.0  5350.0  5550.0  5555.1  5555.1  5692.4  5875.4  6058.5  6241.5  6424.6  6607.6  6790.7  6973.7  7156.8  7339.8  7522.9  7705.9  7889.0  8072.0  8255.1  8438.1  8621.2  8804.2  8987.3  9170.3  9353.4  9536.4  9719.5  9902.5 10085.6 10268.6 10451.7 10634.7 10817.8 11000.8 11183.9 11366.9 11550.0 11733.1 11916.1 12099.2 12282.2 12465.3 12648.3 12831.4 13014.4 13197.5 13380.5 13563.6 13746.6 13929.7 14112.7 14295.8 14478.8 14661.9 14844.9 15028.0 15211.0 15394.1 15577.1 15760.2 15943.2 16126.3 16309.3 16492.4 16675.4 16858.5 17041.5 17224.6 17407.6 17590.7 17773.7 17956.8 18139.8 18322.9 18505.9 18689.0 18872.0 19055.1 19238.1 19421.2 19604.2 19787.3 19970.3 20153.4 20336.4 20519.5 20702.5 20885.6 21068.6 21251.7 21434.7 21617.8 21800.8 21983.9 22166.9 22350.0 22533.1 22716.1 22944.9
 408.0   750.0   950.0  1150.0  1350.0  1550.0  1750.0  1950.0  2150.0  2350.0  2550.0  2750.0  2950.0  3150.0  3350.0  3550.0  3750.0  3950.0  4150.0  4350.0  4550.0  4750.0  4950.0  5150.0  5350.0  5377.1  5377.1  5377.1  5509.3  5685.6  5861.9  6038.1  6214.4  6390.7  6566.9  6743.2  6919.5  7095.8  7272.0  7448.3  7624.6  7800.8  7977.1  8153.4  8329.7  8505.9  8682.2  8858.5  9034.7  9211.0  9387.3  9563.6  9739.8  9916.1 10092.4 10268.6 10444.9 10621.2 10797.5 10973.7 11150.0 11326.3 11502.5 11678.8 11855.1 12031.4 12207.6 12383.9 12560.2 12736.4 12912.7 13089.0 13265.3 13441.5 13617.8 13794.1 13970.3 14146.6 14322.9 14499.2 14675.4 14851.7 15028.0 15204.2 15380.5 15556.8 15733.1 15909.3 16085.6 16261.9 16438.1 16614.4 16790.7 16966.9 17143.2 17319.5 17495.8 17672.0 17848.3 18024.6 18200.8 18377.1 18553.4 18729.7 18905.9 19082.2 19258.5 19434.7 19611.0 19787.3 19963.6 20139.8 20316.1 20492.4 20668.6 20844.9 21021.2 21197.5 21373.7 21550.0 21726.3 21902.5 22122.9
 420.0   750.0   950.0  1150.0  1350.0  1550.0  1750.0  1950.0  2150.0  2350.0  2550.0  2750.0  2950.0  3150.0  3350.0  3550.0  3750.0  3950.0  4150.0  4350.0  4550.0  4750.0  4950.0  5150.0  5199.2  5199.2  5199.2  5199.2  5326.3  5495.8  5665.3  5834.7  6004.2  6173.7  6343.2  6512.7  6682.2  6851.7  7021.2  7190.7  7360.2  7529.7  7699.2  7868.6  8038.1  8207.6  8377.1  8546.6  8716.1  8885.6  9055.1  9224.6  9394.1  9563.6  9733.1  9902.5 10072.0 10241.5 10411.0 10580.5 10750.0 10919.5 11089.0 11258.5 11428.0 11597.5 11766.9 11936.4 12105.9 12275.4 12444.9 12614.4 12783.9 12953.4 13122.9 13292.4 13461.9 13631.4 13800.8 13970.3 14139.8 14309.3 14478.8 14648.3 14817.8 14987.3 15156.8 15326.3 15495.8 15665.3 15834.7 16004.2 16173.7 16343.2 16512.7 16682.2 16851.7 17021.2 17190.7 17360.2 17529.7 17699.2 17868.6 18038.1 18207.6 18377.1 18546.6 18716.1 18885.6 19055.1 19224.6 19394.1 19563.6 19733.1 19902.5 20072.0 20241.5 20411.0 20580.5 20750.0 20919.5 21089.0 21300.8
 432.0   750.0   950.0  1150.0  1350.0  1550.0  1750.0  1950.0  2150.0  2350.0  2550.0  2750.0  2950.0  3150.0  3350.0  3550.0  3750.0  3950.0  4150.0  4350.0  4550.0  4750.0  4950.0  5021.2  5021.2  5021.2  5021.2  5021.2  5143.2  5305.9  5468.6  5631.4  5794.1  5956.8  6119.5  6282.2  6444.9  6607.6  6770.3  6933.1  7095.8  7258.5  7421.2  7583.9  7746.6  7909.3  8072.0  8234.7  8397.5  8560.2  8722.9  8885.6  9048.3  9211.0  9373.7  9536.4  9699.2  9861.9 10024.6 10187.3 10350.0 10512.7 10675.4 10838.1 11000.8 11163.6 11326.3 11489.0 11651.7 11814.4 11977.1 12139.8 12302.5 12465.3 12628.0 12790.7 12953.4 13116.1 13278.8 13441.5 13604.2 13766.9 13929.7 14092.4 14255.1 14417.8 14580.5 14743.2 14905.9 15068.6 15231.4 15394.1 15556.8 15719.5 15882.2 16044.9 16207.6 16370.3 16533.1 16695.8 16858.5 17021.2 17183.9 17346.6 17509.3 17672.0 17834.7 17997.5 18160.2 18322.9 18485.6 18648.3 18811.0 18973.7 19136.4 19299.2 19461.9 19624.6 19787.3 19950.0 20112.7 20275.4 20478.8
 444.0   750.0   950.0  1150.0  1350.0  1550.0  1750.0  1950.0  2150.0  2350.0  2550.0  2750.0  2950.0  3150.0  3350.0  3550.0  3750.0  3950.0  4150.0  4350.0  4550.0  4750.0  4843.2  4843.2  4843.2  4843.2  4843.2  4843.2  4960.2  5116.1  5272.0  5428.0  5583.9  5739.8  5895.8  6051.7  6207.6  6363.6  6519.5  6675.4  6831.4  6987.3  7143.2  7299.2  7455.1  7611.0  7766.9  7922.9  8078.8  8234.7  8390.7  8546.6  8702.5  8858.5  9014.4  9170.3  9326.3  9482.2  9638.1  9794.1  9950.0 10105.9 10261.9 10417.8 10573.7 10729.7 10885.6 11041.5 11197.5 11353.4 11509.3 11665.3 11821.2 11977.1 12133.1 12289.0 12444.9 12600.8 12756.8 12912.7 13068.6 13224.6 13380.5 13536.4 13692.4 13848.3 14004.2 14160.2 14316.1 14472.0 14628.0 14783.9 14939.8 15095.8 15251.7 15407.6 15563.6 15719.5 15875.4 16031.4 16187.3 16343.2 16499.2 16655.1 16811.0 16966.9 17122.9 17278.8 17434.7 17590.7 17746.6 17902.5 18058.5 18214.4 18370.3 18526.3 18682.2 18838.1 18994.1 19150.0 19305.9 19461.9 19656.8
 456.0   750.0   950.0  1150.0  1350.0  1550.0  1750.0  1950.0  2150.0  2350.0  2550.0  2750.0  2950.0  3150.0  3350.0  3550.0  3750.0  3950.0  4150.0  4350.0  4550.0  4665.3  4665.3  4665.3  4665.3  4665.3  4665.3  4665.3  4777.1  4926.3  5075.4  5224.6  5373.7  5522.9  5672.0  5821.2  5970.3  6119.5  6268.6  6417.8  6566.9  6716.1  6865.3  7014.4  7163.6  7312.7  7461.9  7611.0  7760.2  7909.3  8058.5  8207.6  8356.8  8505.9  8655.1  8804.2  8953.4  9102.5  9251.7  9400.8  9550.0  9699.2  9848.3  9997.5 10146.6 10295.8 10444.9 10594.1 10743.2 10892.4 11041.5 11190.7 11339.8 11489.0 11638.1 11787.3 11936.4 12085.6 12234.7 12383.9 12533.1 12682.2 12831.4 12980.5 13129.7 13278.8 13428.0 13577.1 13726.3 13875.4 14024.6 14173.7 14322.9 14472.0 14621.2 14770.3 14919.5 15068.6 15217.8 15366.9 15516.1 15665.3 15814.4 15963.6 16112.7 16261.9 16411.0 16560.2 16709.3 16858.5 17007.6 17156.8 17305.9 17455.1 17604.2 17753.4 17902.5 18051.7 18200.8 18350.0 18499.2 18648.3 18834.7
 468.0   750.0   950.0  1150.0  1350.0  1550.0  1750.0  1950.0  2150.0  2350.0  2550.0  2750.0  2950.0  3150.0  3350.0  3550.0  3750.0  3950.0  4150.0  4350.0  4487.3  4487.3  4487.3  4487.3  4487.3  4487.3  4487.3  4487.3  4594.1  4736.4  4878.8  5021.2  5163.6  5305.9  5448.3  5590.7  5733.1  5875.4  6017.8  6160.2  6302.5  6444.9  6587.3  6729.7  6872.0  7014.4  7156.8  7299.2  7441.5  7583.9  7726.3  7868.6  8011.0  8153.4  8295.8  8438.1  8580.5  8722.9  8865.3  9007.6  9150.0  9292.4  9434.7  9577.1  9719.5  9861.9 10004.2 10146.6 10289.0 10431.4 10573.7 10716.1 10858.5 11000.8 11143.2 11285.6 11428.0 11570.3 11712.7 11855.1 11997.5 12139.8 12282.2 12424.6 12566.9 12709.3 12851.7 12994.1 13136.4 13278.8 13421.2 13563.6 13705.9 13848.3 13990.7 14133.1 14275.4 14417.8 14560.2 14702.5 14844.9 14987.3 15129.7 15272.0 15414.4 15556.8 15699.2 15841.5 15983.9 16126.3 16268.6 16411.0 16553.4 16695.8 16838.1 16980.5 17122.9 17265.3 17407.6 17550.0 17692.4 17834.7 18012.7
 480.0   750.0   950.0  1150.0  1350.0  1550.0  1750.0  1950.0  2150.0  2350.0  2550.0  2750.0  2950.0  3150.0  3350.0  3550.0  3750.0  3950.0  4150.0  4309.3  4309.3  4309.3  4309.3  4309.3  4309.3  4309.3  4309.3  4309.3  4411.0  4546.6  4682.2  4817.8  4953.4  5089.0  5224.6  5360.2  5495.8  5631.4  5766.9  5902.5  6038.1  6173.7  6309.3  6444.9  6580.5  6716.1  6851.7  6987.3  7122.9  7258.5  7394.1  7529.7  7665.3  7800.8  7936.4  8072.0  8207.6  8343.2  8478.8  8614.4  8750.0  8885.6  9021.2  9156.8  9292.4  9428.0  9563.6  9699.2  9834.7  9970.3 10105.9 10241.5 10377.1 10512.7 10648.3 10783.9 10919.5 11055.1 11190.7 11326.3 11461.9 11597.5 11733.1 11868.6 12004.2 12139.8 12275.4 12411.0 12546.6 12682.2 12817.8 12953.4 13089.0 13224.6 13360.2 13495.8 13631.4 13766.9 13902.5 14038.1 14173.7 14309.3 14444.9 14580.5 14716.1 14851.7 14987.3 15122.9 15258.5 15394.1 15529.7 15665.3 15800.8 15936.4 16072.0 16207.6 16343.2 16478.8 16614.4 16750.0 16885.6 17021.2 17190.7
 492.0   750.0   950.0  1150.0  1350.0  1550.0  1750.0  1950.0  2150.0  2350.0  2550.0  2750.0  2950.0  3150.0  3350.0  3550.0  3750.0  3950.0  4131.4  4131.4  4131.4  4131.4  4131.4  4131.4  4131.4  4131.4  4131.4  4131.4  4228.0  4356.8  4485.6  4614.4  4743.2  4872.0  5000.8  5129.7  5258.5  5387.3  5516.1  5644.9  5773.7  5902.5  6031.4  6160.2  6289.0  6417.8  6546.6  6675.4  6804.2  6933.1  7061.9  7190.7  7319.5  7448.3  7577.1  7705.9  7834.7  7963.6  8092.4  8221.2  8350.0  8478.8  8607.6  8736.4  8865.3  8994.1  9122.9  9251.7  9380.5  9509.3  9638.1  9766.9  9895.8 10024.6 10153.4 10282.2 10411.0 10539.8 10668.6 10797.5 10926.3 11055.1 11183.9 11312.7 11441.5 11570.3 11699.2 11828.0 11956.8 12085.6 12214.4 12343.2 12472.0 12600.8 12729.7 12858.5 12987.3 13116.1 13244.9 13373.7 13502.5 13631.4 13760.2 13889.0 14017.8 14146.6 14275.4 14404.2 14533.1 14661.9 14790.7 14919.5 15048.3 15177.1 15305.9 15434.7 15563.6 15692.4 15821.2 15950.0 16078.8 16207.6 16368.6
 504.0   750.0   950.0  1150.0  1350.0  1550.0  1750.0  1950.0  2150.0  2350.0  2550.0  2750.0  2950.0  3150.0  3350.0  3550.0  3750.0  3950.0  3953.4  3953.4  3953.4  3953.4  3953.4  3953.4  3953.4  3953.4  3953.4  3953.4  4044.9  4166.9  4289.0  4411.0  4533.1  4655.1  4777.1  4899.2  5021.2  5143.2  5265.3  5387.3  5509.3  5631.4  5753.4  5875.4  5997.5  6119.5  6241.5  6363.6  6485.6  6607.6  6729.7  6851.7  6973.7  7095.8  7217.8  7339.8  7461.9  7583.9  7705.9  7828.0  7950.0  8072.0  8194.1  8316.1  8438.1  8560.2  8682.2  8804.2  8926.3  9048.3  9170.3  9292.4  9414.4  9536.4  9658.5  9780.5  9902.5 10024.6 10146.6 10268.6 10390.7 10512.7 10634.7 10756.8 10878.8 11000.8 11122.9 11244.9 11366.9 11489.0 11611.0 11733.1 11855.1 11977.1 12099.2 12221.2 12343.2 12465.3 12587.3 12709.3 12831.4 12953.4 13075.4 13197.5 13319.5 13441.5 13563.6 13685.6 13807.6 13929.7 14051.7 14173.7 14295.8 14417.8 14539.8 14661.9 14783.9 14905.9 15028.0 15150.0 15272.0 15394.1 15546.6
 516.0   750.0   950.0  1150.0  1350.0  1550.0  1750.0  1950.0  2150.0  2350.0  2550.0  2750.0  2950.0  3150.0  3350.0  3550.0  3750.0  3775.4  3775.4  3775.4  3775.4  3775.4  3775.4  3775.4  3775.4  3775.4  3775.4  3775.4  3861.9  3977.1  4092.4  4207.6  4322.9  4438.1  4553.4  4668.6  4783.9  4899.2  5014.4  5129.7  5244.9  5360.2  5475.4  5590.7  5705.9  5821.2  5936.4  6051.7  6166.9  6282.2  6397.5  6512.7  6628.0  6743.2  6858.5  6973.7  7089.0  7204.2  7319.5  7434.7  7550.0  7665.3  7780.5  7895.8  8011.0  8126.3  8241.5  8356.8  8472.0  8587.3  8702.5  8817.8  8933.1  9048.3  9163.6  9278.8  9394.1  9509.3  9624.6  9739.8  9855.1  9970.3 10085.6 10200.8 10316.1 10431.4 10546.6 10661.9 10777.1 10892.4 11007.6 11122.9 11238.1 11353.4 11468.6 11583.9 11699.2 11814.4 11929.7 12044.9 12160.2 12275.4 12390.7 12505.9 12621.2 12736.4 12851.7 12966.9 13082.2 13197.5 13312.7 13428.0 13543.2 13658.5 13773.7 13889.0 14004.2 14119.5 14234.7 14350.0 14465.3 14580.5 14724.6
 528.0   750.0   950.0  1150.0  1350.0  1550.0  1750.0  1950.0  2150.0  2350.0  2550.0  2750.0  2950.0  3150.0  3350.0  3550.0  3597.5  3597.5  3597.5  3597.5  3597.5  3597.5  3597.5  3597.5  3597.5  3597.5  3597.5  3597.5  3678.8  3787.3  3895.8  4004.2  4112.7  4221.2  4329.7  4438.1  4546.6  4655.1  4763.6  4872.0  4980.5  5089.0  5197.5  5305.9  5414.4  5522.9  5631.4  5739.8  5848.3  5956.8  6065.3  6173.7  6282.2  6390.7  6499.2  6607.6  6716.1  6824.6  6933.1  7041.5  7150.0  7258.5  7366.9  7475.4  7583.9  7692.4  7800.8  7909.3  8017.8  8126.3  8234.7  8343.2  8451.7  8560.2  8668.6  8777.1  8885.6  8994.1  9102.5  9211.0  9319.5  9428.0  9536.4  9644.9  9753.4  9861.9  9970.3 10078.8 10187.3 10295.8 10404.2 10512.7 10621.2 10729.7 10838.1 10946.6 11055.1 11163.6 11272.0 11380.5 11489.0 11597.5 11705.9 11814.4 11922.9 12031.4 12139.8 12248.3 12356.8 12465.3 12573.7 12682.2 12790.7 12899.2 13007.6 13116.1 13224.6 13333.1 13441.5 13550.0 13658.5 13766.9 13902.5
 540.0   750.0   950.0  1150.0  1350.0  1550.0  1750.0  1950.0  2150.0  2350.0  2550.0  2750.0  2950.0  3150.0  3350.0  3419.5  3419.5  3419.5  3419.5  3419.5  3419.5  3419.5  3419.5  3419.5  3419.5  3419.5  3419.5  3419.5  3495.8  3597.5  3699.2  3800.8  3902.5  4004.2  4105.9  4207.6  4309.3  4411.0  4512.7  4614.4  4716.1  4817.8  4919.5  5021.2  5122.9  5224.6  5326.3  5428.0  5529.7  5631.4  5733.1  5834.7  5936.4  6038.1  6139.8  6241.5  6343.2  6444.9  6546.6  6648.3  6750.0  6851.7  6953.4  7055.1  7156.8  7258.5  7360.2  7461.9  7563.6  7665.3  7766.9  7868.6  7970.3  8072.0  8173.7  8275.4  8377.1  8478.8  8580.5  8682.2  8783.9  8885.6  8987.3  9089.0  9190.7  9292.4  9394.1  9495.8  9597.5  9699.2  9800.8  9902.5 10004.2 10105.9 10207.6 10309.3 10411.0 10512.7 10614.4 10716.1 10817.8 10919.5 11021.2 11122.9 11224.6 11326.3 11428.0 11529.7 11631.4 11733.1 11834.7 11936.4 12038.1 12139.8 12241.5 12343.2 12444.9 12546.6 12648.3 12750.0 12851.7 12953.4 13080.5
 552.0   750.0   950.0  1150.0  1350.0  1550.0  1750.0  1950.0  2150.0  2350.0  2550.0  2750.0  2950.0  3150.0  3241.5  3241.5  3241.5  3241.5  3241.5  3241.5  3241.5  3241.5  3241.5  3241.5  3241.5  3241.5  3241.5  3241.5  3312.7  3407.6  3502.5  3597.5  3692.4  3787.3  3882.2  3977.1  4072.0  4166.9  4261.9  4356.8  4451.7  4546.6  4641.5  4736.4  4831.4  4926.3  5021.2  5116.1  5211.0  5305.9  5400.8  5495.8  5590.7  5685.6  5780.5  5875.4  5970.3  6065.3  6160.2  6255.1  6350.0  6444.9  6539.8  6634.7  6729.7  6824.6  6919.5  7014.4  7109.3  7204.2  7299.2  7394.1  7489.0  7583.9  7678.8  7773.7  7868.6  7963.6  8058.5  8153.4  8248.3  8343.2  8438.1  8533.1  8628.0  8722.9  8817.8  8912.7  9007.6  9102.5  9197.5  9292.4  9387.3  9482.2  9577.1  9672.0  9766.9  9861.9  9956.8 10051.7 10146.6 10241.5 10336.4 10431.4 10526.3 10621.2 10716.1 10811.0 10905.9 11000.8 11095.8 11190.7 11285.6 11380.5 11475.4 11570.3 11665.3 11760.2 11855.1 11950.0 12044.9 12139.8 12258.5
 564.0   750.0   950.0  1150.0  1350.0  1550.0  1750.0  1950.0  2150.0  2350.0  2550.0  2750.0  2950.0  3063.6  3063.6  3063.6  3063.6  3063.6  3063.6  3063.6  3063.6  3063.6  3063.6  3063.6  3063.6  3063.6  3063.6  3063.6  3129.7  3217.8  3305.9  3394.1  3482.2  3570.3  3658.5  3746.6  3834.7  3922.9  4011.0  4099.2  4187.3  4275.4  4363.6  4451.7  4539.8  4628.0  4716.1  4804.2  4892.4  4980.5  5068.6  5156.8  5244.9  5333.1  5421.2  5509.3  5597.5  5685.6  5773.7  5861.9  5950.0  6038.1  6126.3  6214.4  6302.5  6390.7  6478.8  6566.9  6655.1  6743.2  6831.4  6919.5  7007.6  7095.8  7183.9  7272.0  7360.2  7448.3  7536.4  7624.6  7712.7  7800.8  7889.0  7977.1  8065.3  8153.4  8241.5  8329.7  8417.8  8505.9  8594.1  8682.2  8770.3  8858.5  8946.6  9034.7  9122.9  9211.0  9299.2  9387.3  9475.4  9563.6  9651.7  9739.8  9828.0  9916.1 10004.2 10092.4 10180.5 10268.6 10356.8 10444.9 10533.1 10621.2 10709.3 10797.5 10885.6 10973.7 11061.9 11150.0 11238.1 11326.3 11436.4
 576.0   750.0   950.0  1150.0  1350.0  1550.0  1750.0  1950.0  2150.0  2350.0  2550.0  2750.0  2885.6  2885.6  2885.6  2885.6  2885.6  2885.6  2885.6  2885.6  2885.6  2885.6  2885.6  2885.6  2885.6  2885.6  2885.6  2885.6  2946.6  3028.0  3109.3  3190.7  3272.0  3353.4  3434.7  3516.1  3597.5  3678.8  3760.2  3841.5  3922.9  4004.2  4085.6  4166.9  4248.3  4329.7  4411.0  4492.4  4573.7  4655.1  4736.4  4817.8  4899.2  4980.5  5061.9  5143.2  5224.6  5305.9  5387.3  5468.6  5550.0  5631.4  5712.7  5794.1  5875.4  5956.8  6038.1  6119.5  6200.8  6282.2  6363.6  6444.9  6526.3  6607.6  6689.0  6770.3  6851.7  6933.1  7014.4  7095.8  7177.1  7258.5  7339.8  7421.2  7502.5  7583.9  7665.3  7746.6  7828.0  7909.3  7990.7  8072.0  8153.4  8234.7  8316.1  8397.5  8478.8  8560.2  8641.5  8722.9  8804.2  8885.6  8966.9  9048.3  9129.7  9211.0  9292.4  9373.7  9455.1  9536.4  9617.8  9699.2  9780.5  9861.9  9943.2 10024.6 10105.9 10187.3 10268.6 10350.0 10431.4 10512.7 10614.4
 588.0   750.0   950.0  1150.0  1350.0  1550.0  1750.0  1950.0  2150.0  2350.0  2550.0  2707.6  2707.6  2707.6  2707.6  2707.6  2707.6  2707.6  2707.6  2707.6  2707.6  2707.6  2707.6  2707.6  2707.6  2707.6  2707.6  2707.6  2763.6  2838.1  2912.7  2987.3  3061.9  3136.4  3211.0  3285.6  3360.2  3434.7  3509.3  3583.9  3658.5  3733.1  3807.6  3882.2  3956.8  4031.4  4105.9  4180.5  4255.1  4329.7  4404.2  4478.8  4553.4  4628.0  4702.5  4777.1  4851.7  4926.3  5000.8  5075.4  5150.0  5224.6  5299.2  5373.7  5448.3  5522.9  5597.5  5672.0  5746.6  5821.2  5895.8  5970.3  6044.9  6119.5  6194.1  6268.6  6343.2  6417.8  6492.4  6566.9  6641.5  6716.1  6790.7  6865.3  6939.8  7014.4  7089.0  7163.6  7238.1  7312.7  7387.3  7461.9  7536.4  7611.0  7685.6  7760.2  7834.7  7909.3  7983.9  8058.5  8133.1  8207.6  8282.2  8356.8  8431.4  8505.9  8580.5  8655.1  8729.7  8804.2  8878.8  8953.4  9028.0  9102.5  9177.1  9251.7  9326.3  9400.8  9475.4  9550.0  9624.6  9699.2  9792.4
 600.0   750.0   950.0  1150.0  1350.0  1550.0  1750.0  1950.0  2150.0  2350.0  2529.7  2529.7  2529.7  2529.7  2529.7  2529.7  2529.7  2529.7  2529.7  2529.7  2529.7  2529.7  2529.7  2529.7  2529.7  2529.7  2529.7  2529.7  2580.5  2648.3  2716.1  2783.9  2851.7  2919.5  2987.3  3055.1  3122.9  3190.7  3258.5  3326.3  3394.1  3461.9  3529.7  3597.5  3665.3  3733.1  3800.8  3868.6  3936.4  4004.2  4072.0  4139.8  4207.6  4275.4  4343.2  4411.0  4478.8  4546.6  4614.4  4682.2  4750.0  4817.8  4885.6  4953.4  5021.2  5089.0  5156.8  5224.6  5292.4  5360.2  5428.0  5495.8  5563.6  5631.4  5699.2  5766.9  5834.7  5902.5  5970.3  6038.1  6105.9  6173.7  6241.5  6309.3  6377.1  6444.9  6512.7  6580.5  6648.3  6716.1  6783.9  6851.7  6919.5  6987.3  7055.1  7122.9  7190.7  7258.5  7326.3  7394.1  7461.9  7529.7  7597.5  7665.3  7733.1  7800.8  7868.6  7936.4  8004.2  8072.0  8139.8  8207.6  8275.4  8343.2  8411.0  8478.8  8546.6  8614.4  8682.2  8750.0  8817.8  8885.6  8970.3
 612.0   750.0   950.0  1150.0  1350.0  1550.0  1750.0  1950.0  2150.0  2350.0  2351.7  2351.7  2351.7  2351.7  2351.7  2351.7  2351.7  2351.7  2351.7  2351.7  2351.7  2351.7  2351.7  2351.7  2351.7  2351.7  2351.7  2351.7  2397.5  2458.5  2519.5  2580.5  2641.5  2702.5  2763.6  2824.6  2885.6  2946.6  3007.6  3068.6  3129.7  3190.7  3251.7  3312.7  3373.7  3434.7  3495.8  3556.8  3617.8  3678.8  3739.8  3800.8  3861.9  3922.9  3983.9  4044.9  4105.9  4166.9  4228.0  4289.0  4350.0  4411.0  4472.0  4533.1  4594.1  4655.1  4716.1  4777.1  4838.1  4899.2  4960.2  5021.2  5082.2  5143.2  5204.2  5265.3  5326.3  5387.3  5448.3  5509.3  5570.3  5631.4  5692.4  5753.4  5814.4  5875.4  5936.4  5997.5  6058.5  6119.5  6180.5  6241.5  6302.5  6363.6  6424.6  6485.6  6546.6  6607.6  6668.6  6729.7  6790.7  6851.7  6912.7  6973.7  7034.7  7095.8  7156.8  7217.8  7278.8  7339.8  7400.8  7461.9  7522.9  7583.9  7644.9  7705.9  7766.9  7828.0  7889.0  7950.0  8011.0  8072.0  8148.3
 624.0   750.0   950.0  1150.0  1350.0  1550.0  1750.0  1950.0  2150.0  2173.7  2173.7  2173.7  2173.7  2173.7  2173.7  2173.7  2173.7  2173.7  2173.7  2173.7  2173.7  2173.7  2173.7  2173.7  2173.7  2173.7  2173.7  2173.7  2214.4  2268.6  2322.9  2377.1  2431.4  2485.6  2539.8  2594.1  2648.3  2702.5  2756.8  2811.0  2865.3  2919.5  2973.7  3028.0  3082.2  3136.4  3190.7  3244.9  3299.2  3353.4  3407.6  3461.9  3516.1  3570.3  3624.6  3678.8  3733.1  3787.3  3841.5  3895.8  3950.0  4004.2  4058.5  4112.7  4166.9  4221.2  4275.4  4329.7  4383.9  4438.1  4492.4  4546.6  4600.8  4655.1  4709.3  4763.6  4817.8  4872.0  4926.3  4980.5  5034.7  5089.0  5143.2  5197.5  5251.7  5305.9  5360.2  5414.4  5468.6  5522.9  5577.1  5631.4  5685.6  5739.8  5794.1  5848.3  5902.5  5956.8  6011.0  6065.3  6119.5  6173.7  6228.0  6282.2  6336.4  6390.7  6444.9  6499.2  6553.4  6607.6  6661.9  6716.1  6770.3  6824.6  6878.8  6933.1  6987.3  7041.5  7095.8  7150.0  7204.2  7258.5  7326.3
 636.0   750.0   950.0  1150.0  1350.0  1550.0  1750.0  1950.0  1995.8  1995.8  1995.8  1995.8  1995.8  1995.8  1995.8  1995.8  1995.8  1995.8  1995.8  1995.8  1995.8  1995.8  1995.8  1995.8  1995.8  1995.8  1995.8  1995.8  2031.4  2078.8  2126.3  2173.7  2221.2  2268.6  2316.1  2363.6  2411.0  2458.5  2505.9  2553.4  2600.8  2648.3  2695.8  2743.2  2790.7  2838.1  2885.6  2933.1  2980.5  3028.0  3075.4  3122.9  3170.3  3217.8  3265.3  3312.7  3360.2  3407.6  3455.1  3502.5  3550.0  3597.5  3644.9  3692.4  3739.8  3787.3  3834.7  3882.2  3929.7  3977.1  4024.6  4072.0  4119.5  4166.9  4214.4  4261.9  4309.3  4356.8  4404.2  4451.7  4499.2  4546.6  4594.1  4641.5  4689.0  4736.4  4783.9  4831.4  4878.8  4926.3  4973.7  5021.2  5068.6  5116.1  5163.6  5211.0  5258.5  5305.9  5353.4  5400.8  5448.3  5495.8  5543.2  5590.7  5638.1  5685.6  5733.1  5780.5  5828.0  5875.4  5922.9  5970.3  6017.8  6065.3  6112.7  6160.2  6207.6  6255.1  6302.5  6350.0  6397.5  6444.9  6504.2
 648.0   750.0   950.0  1150.0  1350.0  1550.0  1750.0  1817.8  1817.8  1817.8  1817.8  1817.8  1817.8  1817.8  1817.8  1817.8  1817.8  1817.8  1817.8  1817.8  1817.8  1817.8  1817.8  1817.8  1817.8  1817.8  1817.8  1817.8  1848.3  1889.0  1929.7  1970.3  2011.0  2051.7  2092.4  2133.1  2173.7  2214.4  2255.1  2295.8  2336.4  2377.1  2417.8  2458.5  2499.2  2539.8  2580.5  2621.2  2661.9  2702.5  2743.2  2783.9  2824.6  2865.3  2905.9  2946.6  2987.3  3028.0  3068.6  3109.3  3150.0  3190.7  3231.4  3272.0  3312.7  3353.4  3394.1  3434.7  3475.4  3516.1  3556.8  3597.5  3638.1  3678.8  3719.5  3760.2  3800.8  3841.5  3882.2  3922.9  3963.6  4004.2  4044.9  4085.6  4126.3  4166.9  4207.6  4248.3  4289.0  4329.7  4370.3  4411.0  4451.7  4492.4  4533.1  4573.7  4614.4  4655.1  4695.8  4736.4  4777.1  4817.8  4858.5  4899.2  4939.8  4980.5  5021.2  5061.9  5102.5  5143.2  5183.9  5224.6  5265.3  5305.9  5346.6  5387.3  5428.0  5468.6  5509.3  5550.0  5590.7  5631.4  5682.2
 660.0   750.0   950.0  1150.0  1350.0  1550.0  1639.8  1639.8  1639.8  1639.8  1639.8  1639.8  1639.8  1639.8  1639.8  1639.8  1639.8  1639.8  1639.8  1639.8  1639.8  1639.8  1639.8  1639.8  1639.8  1639.8  1639.8  1639.8  1665.3  1699.2  1733.1  1766.9  1800.8  1834.7  1868.6  1902.5  1936.4  1970.3  2004.2  2038.1  2072.0  2105.9  2139.8  2173.7  2207.6  2241.5  2275.4  2309.3  2343.2  2377.1  2411.0  2444.9  2478.8  2512.7  2546.6  2580.5  2614.4  2648.3  2682.2  2716.1  2750.0  2783.9  2817.8  2851.7  2885.6  2919.5  2953.4  2987.3  3021.2  3055.1  3089.0  3122.9  3156.8  3190.7  3224.6  3258.5  3292.4  3326.3  3360.2  3394.1  3428.0  3461.9  3495.8  3529.7  3563.6  3597.5  3631.4  3665.3  3699.2  3733.1  3766.9  3800.8  3834.7  3868.6  3902.5  3936.4  3970.3  4004.2  4038.1  4072.0  4105.9  4139.8  4173.7  4207.6  4241.5  4275.4  4309.3  4343.2  4377.1  4411.0  4444.9  4478.8  4512.7  4546.6  4580.5  4614.4  4648.3  4682.2  4716.1  4750.0  4783.9  4817.8  4860.2
 672.0   750.0   950.0  1150.0  1350.0  1461.9  1461.9  1461.9  1461.9  1461.9  1461.9  1461.9  1461.9  1461.9  1461.9  1461.9  1461.9  1461.9  1461.9  1461.9  1461.9  1461.9  1461.9  1461.9  1461.9  1461.9  1461.9  1461.9  1482.2  1509.3  1536.4  1563.6  1590.7  1617.8  1644.9  1672.0  1699.2  1726.3  1753.4  1780.5  1807.6  1834.7  1861.9  1889.0  1916.1  1943.2  1970.3  1997.5  2024.6  2051.7  2078.8  2105.9  2133.1  2160.2  2187.3  2214.4  2241.5  2268.6  2295.8  2322.9  2350.0  2377.1  2404.2  2431.4  2458.5  2485.6  2512.7  2539.8  2566.9  2594.1  2621.2  2648.3  2675.4  2702.5  2729.7  2756.8  2783.9  2811.0  2838.1  2865.3  2892.4  2919.5  2946.6  2973.7  3000.8  3028.0  3055.1  3082.2  3109.3  3136.4  3163.6  3190.7  3217.8  3244.9  3272.0  3299.2  3326.3  3353.4  3380.5  3407.6  3434.7  3461.9  3489.0  3516.1  3543.2  3570.3  3597.5  3624.6  3651.7  3678.8  3705.9  3733.1  3760.2  3787.3  3814.4  3841.5  3868.6  3895.8  3922.9  3950.0  3977.1  4004.2  4038.1
 684.0   750.0   950.0  1150.0  1283.9  1283.9  1283.9  1283.9  1283.9  1283.9  1283.9  1283.9  1283.9  1283.9  1283.9  1283.9  1283.9  1283.9  1283.9  1283.9  1283.9  1283.9  1283.9  1283.9  1283.9  1283.9  1283.9  1283.9  1299.2  1319.5  1339.8  1360.2  1380.5  1400.8  1421.2  1441.5  1461.9  1482.2  1502.5  1522.9  1543.2  1563.6  1583.9  1604.2  1624.6  1644.9  1665.3  1685.6  1705.9  1726.3  1746.6  1766.9  1787.3  1807.6  1828.0  1848.3  1868.6  1889.0  1909.3  1929.7  1950.0  1970.3  1990.7  2011.0  2031.4  2051.7  2072.0  2092.4  2112.7  2133.1  2153.4  2173.7  2194.1  2214.4  2234.7  2255.1  2275.4  2295.8  2316.1  2336.4  2356.8  2377.1  2397.5  2417.8  2438.1  2458.5  2478.8  2499.2  2519.5  2539.8  2560.2  2580.5  2600.8  2621.2  2641.5  2661.9  2682.2  2702.5  2722.9  2743.2  2763.6  2783.9  2804.2  2824.6  2844.9  2865.3  2885.6  2905.9  2926.3  2946.6  2966.9  2987.3  3007.6  3028.0  3048.3  3068.6  3089.0  3109.3  3129.7  3150.0  3170.3  3190.7  3216.1
 696.0   750.0   950.0  1105.9  1105.9  1105.9  1105.9  1105.9  1105.9  1105.9  1105.9  1105.9  1105.9  1105.9  1105.9  1105.9  1105.9  1105.9  1105.9  1105.9  1105.9  1105.9  1105.9  1105.9  1105.9  1105.9  1105.9  1105.9  1116.1  1129.7  1143.2  1156.8  1170.3  1183.9  1197.5  1211.0  1224.6  1238.1  1251.7  1265.3  1278.8  1292.4  1305.9  1319.5  1333.1  1346.6  1360.2  1373.7  1387.3  1400.8  1414.4  1428.0  1441.5  1455.1  1468.6  1482.2  1495.8  1509.3  1522.9  1536.4  1550.0  1563.6  1577.1  1590.7  1604.2  1617.8  1631.4  1644.9  1658.5  1672.0  1685.6  1699.2  1712.7  1726.3  1739.8  1753.4  1766.9  1780.5  1794.1  1807.6  1821.2  1834.7  1848.3  1861.9  1875.4  1889.0  1902.5  1916.1  1929.7  1943.2  1956.8  1970.3  1983.9  1997.5  2011.0  2024.6  2038.1  2051.7  2065.3  2078.8  2092.4  2105.9  2119.5  2133.1  2146.6  2160.2  2173.7  2187.3  2200.8  2214.4  2228.0  2241.5  2255.1  2268.6  2282.2  2295.8  2309.3  2322.9  2336.4  2350.0  2363.6  2377.1  2394.1
 708.0   750.0   928.0   928.0   928.0   928.0   928.0   928.0   928.0   928.0   928.0   928.0   928.0   928.0   928.0   928.0   928.0   928.0   928.0   928.0   928.0   928.0   928.0   928.0   928.0   928.0   928.0   928.0   933.1   939.8   946.6   953.4   960.2   966.9   973.7   980.5   987.3   994.1  1000.8  1007.6  1014.4  1021.2  1028.0  1034.7  1041.5  1048.3  1055.1  1061.9  1068.6  1075.4  1082.2  1089.0  1095.8  1102.5  1109.3  1116.1  1122.9  1129.7  1136.4  1143.2  1150.0  1156.8  1163.6  1170.3  1177.1  1183.9  1190.7  1197.5  1204.2  1211.0  1217.8  1224.6  1231.4  1238.1  1244.9  1251.7  1258.5  1265.3  1272.0  1278.8  1285.6  1292.4  1299.2  1305.9  1312.7  1319.5  1326.3  1333.1  1339.8  1346.6  1353.4  1360.2  1366.9  1373.7  1380.5  1387.3  1394.1  1400.8  1407.6  1414.4  1421.2  1428.0  1434.7  1441.5  1448.3  1455.1  1461.9  1468.6  1475.4  1482.2  1489.0  1495.8  1502.5  1509.3  1516.1  1522.9  1529.7  1536.4  1543.2  1550.0  1556.8  1563.6  1572.0
 720.0   750.0   750.0   750.0   750.0   750.0   750.0   750.0   750.0   750.0   750.0   750.0   750.0   750.0   750.0   750.0   750.0   750.0   750.0   750.0   750.0   750.0   750.0   750.0   750.0   750.0   750.0   750.0   750.0   750.0   750.0   750.0   750.0   750.0   750.0   750.0   750.0   750.0   750.0   750.0   750.0   750.0   750.0   750.0   750.0   750.0   750.0   750.0   750.0   750.0   750.0   750.0   750.0   750.0   750.0   750.0   750.0   750.0   750.0   750.0   750.0   750.0   750.0   750.0   750.0   750.0   750.0   750.0   750.0   750.0   750.0   750.0   750.0   750.0   750.0   750.0   750.0   750.0   750.0   750.0   750.0   750.0   750.0   750.0   750.0   750.0   750.0   750.0   750.0   750.0   750.0   750.0   750.0   750.0   750.0   750.0   750.0   750.0   750.0   750.0   750.0   750.0   750.0   750.0   750.0   750.0   750.0   750.0   750.0   750.0   750.0   750.0   750.0   750.0   750.0   750.0   750.0   750.0   750.0   750.0   750.0   750.0   750.0
