*
* Meerpeilgolven van het Volkerak-Zoommeer
*
* De eerste kolom bevat tijdstippen in de meerpeilgolf in uren.
* De eerste rij bevat piekwaarden van de golven in m+NAP
* De overige rijen en kolommen bevatten de meerpeilgolven in m+NAP
* waarbij de kolommen de meerpeilgolven bevatten.
*
* De eerste regel van het bestand bestaat uit twee getallen:
* 1) het aantal tijdstappen in een meerpeilgolf
* 2) het aantal meerpeilniveaus in een golf
     61     38
         0.050   0.100   0.150   0.200   0.250   0.300   0.350   0.400   0.450   0.500   0.550   0.600   0.650   0.700   0.750   0.800   0.850   0.900   0.950   1.000   1.050   1.100   1.150   1.200   1.250   1.300   1.350   1.400   1.450   1.500   1.550   1.600   1.650   1.700   1.750   1.800   1.850   1.900
   0.0  0.0500  0.0500  0.0500  0.0500  0.0500  0.0500  0.0500  0.0500  0.0500  0.0500  0.0500  0.0500  0.0500  0.0500  0.0500  0.0500  0.0500  0.0500  0.0500  0.0500  0.0500  0.0500  0.0500  0.0500  0.0500  0.0500  0.0500  0.0500  0.0500  0.0500  0.0500  0.0500  0.0500  0.0500  0.0500  0.0500  0.0500  0.0500
  12.0  0.0500  0.0505  0.0507  0.0510  0.0513  0.0516  0.0519  0.0522  0.0526  0.0529  0.0532  0.0535  0.0538  0.0541  0.0545  0.0548  0.0551  0.0554  0.0557  0.0561  0.0564  0.0567  0.0570  0.0573  0.0577  0.0580  0.0583  0.0586  0.0589  0.0593  0.0596  0.0599  0.0602  0.0605  0.0608  0.0612  0.0615  0.0618
  24.0  0.0500  0.0510  0.0514  0.0520  0.0526  0.0532  0.0538  0.0545  0.0551  0.0557  0.0564  0.0570  0.0577  0.0583  0.0589  0.0596  0.0602  0.0608  0.0615  0.0621  0.0628  0.0634  0.0640  0.0647  0.0653  0.0659  0.0666  0.0672  0.0679  0.0685  0.0691  0.0698  0.0704  0.0711  0.0717  0.0723  0.0730  0.0736
  36.0  0.0500  0.0515  0.0520  0.0529  0.0538  0.0548  0.0557  0.0567  0.0577  0.0586  0.0596  0.0605  0.0615  0.0624  0.0634  0.0644  0.0653  0.0663  0.0672  0.0682  0.0691  0.0701  0.0711  0.0720  0.0730  0.0739  0.0749  0.0758  0.0768  0.0778  0.0787  0.0797  0.0806  0.0816  0.0825  0.0835  0.0844  0.0854
  48.0  0.0500  0.0520  0.0527  0.0539  0.0551  0.0564  0.0577  0.0589  0.0602  0.0615  0.0628  0.0640  0.0653  0.0666  0.0679  0.0691  0.0704  0.0717  0.0730  0.0742  0.0755  0.0768  0.0781  0.0793  0.0806  0.0819  0.0832  0.0844  0.0857  0.0870  0.0883  0.0896  0.0908  0.0921  0.0934  0.0947  0.0959  0.0972
  60.0  0.0500  0.0525  0.0534  0.0549  0.0564  0.0580  0.0596  0.0612  0.0628  0.0644  0.0659  0.0675  0.0691  0.0707  0.0723  0.0739  0.0755  0.0771  0.0787  0.0803  0.0819  0.0835  0.0851  0.0867  0.0883  0.0899  0.0915  0.0931  0.0947  0.0963  0.0978  0.0994  0.1010  0.1026  0.1042  0.1058  0.1074  0.1090
  72.0  0.0500  0.0530  0.0541  0.0559  0.0577  0.0596  0.0615  0.0634  0.0653  0.0672  0.0691  0.0711  0.0730  0.0749  0.0768  0.0787  0.0806  0.0825  0.0844  0.0864  0.0883  0.0902  0.0921  0.0940  0.0959  0.0978  0.0998  0.1017  0.1036  0.1055  0.1074  0.1093  0.1112  0.1132  0.1151  0.1170  0.1189  0.1208
  84.0  0.0500  0.0534  0.0548  0.0568  0.0589  0.0612  0.0634  0.0656  0.0679  0.0701  0.0723  0.0746  0.0768  0.0790  0.0813  0.0835  0.0857  0.0880  0.0902  0.0924  0.0947  0.0969  0.0991  0.1014  0.1036  0.1058  0.1081  0.1103  0.1125  0.1148  0.1170  0.1192  0.1215  0.1237  0.1259  0.1281  0.1304  0.1326
  96.0  0.0500  0.0539  0.0555  0.0578  0.0602  0.0628  0.0653  0.0679  0.0704  0.0730  0.0755  0.0781  0.0806  0.0832  0.0857  0.0883  0.0908  0.0934  0.0959  0.0985  0.1010  0.1036  0.1061  0.1087  0.1112  0.1138  0.1163  0.1189  0.1215  0.1240  0.1266  0.1291  0.1317  0.1342  0.1368  0.1393  0.1419  0.1444
 108.0  0.0500  0.0544  0.0561  0.0588  0.0615  0.0644  0.0672  0.0701  0.0730  0.0758  0.0787  0.0816  0.0844  0.0873  0.0902  0.0931  0.0959  0.0988  0.1017  0.1045  0.1074  0.1103  0.1132  0.1160  0.1189  0.1218  0.1246  0.1275  0.1304  0.1333  0.1361  0.1390  0.1419  0.1447  0.1476  0.1505  0.1533  0.1562
 120.0  0.0500  0.0549  0.0568  0.0598  0.0628  0.0659  0.0691  0.0723  0.0755  0.0787  0.0819  0.0851  0.0883  0.0915  0.0947  0.0978  0.1010  0.1042  0.1074  0.1106  0.1138  0.1170  0.1202  0.1234  0.1266  0.1297  0.1329  0.1361  0.1393  0.1425  0.1457  0.1489  0.1521  0.1553  0.1585  0.1616  0.1648  0.1680
 132.0  0.0500  0.0596  0.0575  0.0607  0.0640  0.0675  0.0711  0.0746  0.0781  0.0816  0.0851  0.0886  0.0921  0.0956  0.0991  0.1026  0.1061  0.1096  0.1132  0.1167  0.1202  0.1237  0.1272  0.1307  0.1342  0.1377  0.1412  0.1447  0.1482  0.1518  0.1553  0.1588  0.1623  0.1658  0.1693  0.1728  0.1763  0.1798
 144.0  0.0500  0.0650  0.0582  0.0617  0.0653  0.0691  0.0730  0.0768  0.0806  0.0844  0.0883  0.0921  0.0959  0.0998  0.1036  0.1074  0.1112  0.1151  0.1189  0.1227  0.1266  0.1304  0.1342  0.1380  0.1419  0.1457  0.1495  0.1533  0.1572  0.1610  0.1648  0.1687  0.1725  0.1763  0.1801  0.1840  0.1878  0.1916
 156.0  0.0500  0.0705  0.0589  0.0627  0.0666  0.0707  0.0749  0.0790  0.0832  0.0873  0.0915  0.0956  0.0998  0.1039  0.1081  0.1122  0.1163  0.1205  0.1246  0.1288  0.1329  0.1371  0.1412  0.1454  0.1495  0.1537  0.1578  0.1620  0.1661  0.1703  0.1744  0.1785  0.1827  0.1868  0.1910  0.1951  0.1993  0.2034
 168.0  0.0500  0.0759  0.0596  0.0637  0.0679  0.0723  0.0768  0.0813  0.0857  0.0902  0.0947  0.0991  0.1036  0.1081  0.1125  0.1170  0.1215  0.1259  0.1304  0.1348  0.1393  0.1438  0.1482  0.1527  0.1572  0.1616  0.1661  0.1706  0.1750  0.1795  0.1840  0.1884  0.1929  0.1974  0.2018  0.2063  0.2108  0.2152
 180.0  0.0500  0.0813  0.0626  0.0646  0.0691  0.0739  0.0787  0.0835  0.0883  0.0931  0.0978  0.1026  0.1074  0.1122  0.1170  0.1218  0.1266  0.1313  0.1361  0.1409  0.1457  0.1505  0.1553  0.1600  0.1648  0.1696  0.1744  0.1792  0.1840  0.1888  0.1935  0.1983  0.2031  0.2079  0.2127  0.2175  0.2222  0.2270
 192.0  0.0500  0.0867  0.0702  0.0716  0.0746  0.0807  0.0868  0.0930  0.0991  0.1053  0.1114  0.1175  0.1237  0.1298  0.1360  0.1421  0.1482  0.1544  0.1605  0.1667  0.1728  0.1789  0.1851  0.1912  0.1974  0.2035  0.2096  0.2158  0.2219  0.2281  0.2342  0.2404  0.2465  0.2526  0.2588  0.2649  0.2711  0.2772
 204.0  0.0500  0.0921  0.0777  0.0824  0.0886  0.0982  0.1079  0.1175  0.1272  0.1368  0.1465  0.1561  0.1658  0.1754  0.1851  0.1947  0.2044  0.2140  0.2237  0.2333  0.2430  0.2526  0.2623  0.2719  0.2816  0.2912  0.3009  0.3105  0.3202  0.3298  0.3395  0.3491  0.3588  0.3684  0.3781  0.3877  0.3974  0.4070
 216.0  0.0500  0.0975  0.0852  0.0931  0.1026  0.1158  0.1289  0.1421  0.1553  0.1684  0.1816  0.1947  0.2079  0.2211  0.2342  0.2474  0.2605  0.2737  0.2868  0.3000  0.3132  0.3263  0.3395  0.3526  0.3658  0.3789  0.3921  0.4053  0.4184  0.4316  0.4447  0.4579  0.4711  0.4842  0.4974  0.5105  0.5237  0.5368
 228.0  0.0500  0.1000  0.0927  0.1038  0.1167  0.1333  0.1500  0.1667  0.1833  0.2000  0.2167  0.2333  0.2500  0.2667  0.2833  0.3000  0.3167  0.3333  0.3500  0.3667  0.3833  0.4000  0.4167  0.4333  0.4500  0.4667  0.4833  0.5000  0.5167  0.5333  0.5500  0.5667  0.5833  0.6000  0.6167  0.6333  0.6500  0.6667
 240.0  0.0500  0.1000  0.1002  0.1145  0.1307  0.1509  0.1711  0.1912  0.2114  0.2316  0.2518  0.2719  0.2921  0.3123  0.3325  0.3526  0.3728  0.3930  0.4132  0.4333  0.4535  0.4737  0.4939  0.5140  0.5342  0.5544  0.5746  0.5947  0.6149  0.6351  0.6553  0.6754  0.6956  0.7158  0.7360  0.7561  0.7763  0.7965
 252.0  0.0500  0.1000  0.1077  0.1253  0.1447  0.1684  0.1921  0.2158  0.2395  0.2632  0.2868  0.3105  0.3342  0.3579  0.3816  0.4053  0.4289  0.4526  0.4763  0.5000  0.5237  0.5474  0.5711  0.5947  0.6184  0.6421  0.6658  0.6895  0.7132  0.7368  0.7605  0.7842  0.8079  0.8316  0.8553  0.8789  0.9026  0.9263
 264.0  0.0500  0.1000  0.1152  0.1360  0.1588  0.1860  0.2132  0.2404  0.2675  0.2947  0.3219  0.3491  0.3763  0.4035  0.4307  0.4579  0.4851  0.5123  0.5395  0.5667  0.5939  0.6211  0.6482  0.6754  0.7026  0.7298  0.7570  0.7842  0.8114  0.8386  0.8658  0.8930  0.9202  0.9474  0.9746  1.0018  1.0289  1.0561
 276.0  0.0500  0.1000  0.1227  0.1467  0.1728  0.2035  0.2342  0.2649  0.2956  0.3263  0.3570  0.3877  0.4184  0.4491  0.4798  0.5105  0.5412  0.5719  0.6026  0.6333  0.6640  0.6947  0.7254  0.7561  0.7868  0.8175  0.8482  0.8789  0.9096  0.9404  0.9711  1.0018  1.0325  1.0632  1.0939  1.1246  1.1553  1.1860
 288.0  0.0500  0.1000  0.1302  0.1574  0.1868  0.2211  0.2553  0.2895  0.3237  0.3579  0.3921  0.4263  0.4605  0.4947  0.5289  0.5632  0.5974  0.6316  0.6658  0.7000  0.7342  0.7684  0.8026  0.8368  0.8711  0.9053  0.9395  0.9737  1.0079  1.0421  1.0763  1.1105  1.1447  1.1789  1.2132  1.2474  1.2816  1.3158
 300.0  0.0500  0.1000  0.1377  0.1682  0.2009  0.2386  0.2763  0.3140  0.3518  0.3895  0.4272  0.4649  0.5026  0.5404  0.5781  0.6158  0.6535  0.6912  0.7289  0.7667  0.8044  0.8421  0.8798  0.9175  0.9553  0.9930  1.0307  1.0684  1.1061  1.1439  1.1816  1.2193  1.2570  1.2947  1.3325  1.3702  1.4079  1.4456
 312.0  0.0500  0.1000  0.1452  0.1789  0.2149  0.2561  0.2974  0.3386  0.3798  0.4211  0.4623  0.5035  0.5447  0.5860  0.6272  0.6684  0.7096  0.7509  0.7921  0.8333  0.8746  0.9158  0.9570  0.9982  1.0395  1.0807  1.1219  1.1632  1.2044  1.2456  1.2868  1.3281  1.3693  1.4105  1.4518  1.4930  1.5342  1.5754
 324.0  0.0500  0.1000  0.1500  0.1896  0.2289  0.2737  0.3184  0.3632  0.4079  0.4526  0.4974  0.5421  0.5868  0.6316  0.6763  0.7211  0.7658  0.8105  0.8553  0.9000  0.9447  0.9895  1.0342  1.0789  1.1237  1.1684  1.2132  1.2579  1.3026  1.3474  1.3921  1.4368  1.4816  1.5263  1.5711  1.6158  1.6605  1.7053
 336.0  0.0500  0.1000  0.1500  0.2000  0.2430  0.2912  0.3395  0.3877  0.4360  0.4842  0.5325  0.5807  0.6289  0.6772  0.7254  0.7737  0.8219  0.8702  0.9184  0.9667  1.0149  1.0632  1.1114  1.1596  1.2079  1.2561  1.3044  1.3526  1.4009  1.4491  1.4974  1.5456  1.5939  1.6421  1.6904  1.7386  1.7868  1.8351
 348.0  0.0500  0.1000  0.1500  0.2000  0.2500  0.3000  0.3500  0.4000  0.4500  0.5000  0.5500  0.6000  0.6500  0.7000  0.7500  0.8000  0.8500  0.9000  0.9500  1.0000  1.0500  1.1000  1.1500  1.2000  1.2500  1.3000  1.3500  1.4000  1.4500  1.5000  1.5500  1.6000  1.6500  1.7000  1.7500  1.8000  1.8500  1.9000
 360.0  0.0500  0.1000  0.1500  0.2000  0.2500  0.3000  0.3500  0.4000  0.4500  0.5000  0.5500  0.6000  0.6500  0.7000  0.7500  0.8000  0.8500  0.9000  0.9500  1.0000  1.0500  1.1000  1.1500  1.2000  1.2500  1.3000  1.3500  1.4000  1.4500  1.5000  1.5500  1.6000  1.6500  1.7000  1.7500  1.8000  1.8500  1.9000
 372.0  0.0500  0.1000  0.1500  0.2000  0.2500  0.3000  0.3500  0.4000  0.4500  0.5000  0.5500  0.6000  0.6500  0.7000  0.7500  0.8000  0.8500  0.9000  0.9500  1.0000  1.0500  1.1000  1.1500  1.2000  1.2500  1.3000  1.3500  1.4000  1.4500  1.5000  1.5500  1.6000  1.6500  1.7000  1.7500  1.8000  1.8500  1.9000
 384.0  0.0500  0.1000  0.1500  0.2000  0.2430  0.2912  0.3395  0.3877  0.4360  0.4842  0.5325  0.5807  0.6289  0.6772  0.7254  0.7737  0.8219  0.8702  0.9184  0.9667  1.0149  1.0632  1.1114  1.1596  1.2079  1.2561  1.3044  1.3526  1.4009  1.4491  1.4974  1.5456  1.5939  1.6421  1.6904  1.7386  1.7868  1.8351
 396.0  0.0500  0.1000  0.1500  0.1896  0.2289  0.2737  0.3184  0.3632  0.4079  0.4526  0.4974  0.5421  0.5868  0.6316  0.6763  0.7211  0.7658  0.8105  0.8553  0.9000  0.9447  0.9895  1.0342  1.0789  1.1237  1.1684  1.2132  1.2579  1.3026  1.3474  1.3921  1.4368  1.4816  1.5263  1.5711  1.6158  1.6605  1.7053
 408.0  0.0500  0.1000  0.1452  0.1789  0.2149  0.2561  0.2974  0.3386  0.3798  0.4211  0.4623  0.5035  0.5447  0.5860  0.6272  0.6684  0.7096  0.7509  0.7921  0.8333  0.8746  0.9158  0.9570  0.9982  1.0395  1.0807  1.1219  1.1632  1.2044  1.2456  1.2868  1.3281  1.3693  1.4105  1.4518  1.4930  1.5342  1.5754
 420.0  0.0500  0.1000  0.1377  0.1682  0.2009  0.2386  0.2763  0.3140  0.3518  0.3895  0.4272  0.4649  0.5026  0.5404  0.5781  0.6158  0.6535  0.6912  0.7289  0.7667  0.8044  0.8421  0.8798  0.9175  0.9553  0.9930  1.0307  1.0684  1.1061  1.1439  1.1816  1.2193  1.2570  1.2947  1.3325  1.3702  1.4079  1.4456
 432.0  0.0500  0.1000  0.1302  0.1574  0.1868  0.2211  0.2553  0.2895  0.3237  0.3579  0.3921  0.4263  0.4605  0.4947  0.5289  0.5632  0.5974  0.6316  0.6658  0.7000  0.7342  0.7684  0.8026  0.8368  0.8711  0.9053  0.9395  0.9737  1.0079  1.0421  1.0763  1.1105  1.1447  1.1789  1.2132  1.2474  1.2816  1.3158
 444.0  0.0500  0.1000  0.1227  0.1467  0.1728  0.2035  0.2342  0.2649  0.2956  0.3263  0.3570  0.3877  0.4184  0.4491  0.4798  0.5105  0.5412  0.5719  0.6026  0.6333  0.6640  0.6947  0.7254  0.7561  0.7868  0.8175  0.8482  0.8789  0.9096  0.9404  0.9711  1.0018  1.0325  1.0632  1.0939  1.1246  1.1553  1.1860
 456.0  0.0500  0.1000  0.1152  0.1360  0.1588  0.1860  0.2132  0.2404  0.2675  0.2947  0.3219  0.3491  0.3763  0.4035  0.4307  0.4579  0.4851  0.5123  0.5395  0.5667  0.5939  0.6211  0.6482  0.6754  0.7026  0.7298  0.7570  0.7842  0.8114  0.8386  0.8658  0.8930  0.9202  0.9474  0.9746  1.0018  1.0289  1.0561
 468.0  0.0500  0.1000  0.1077  0.1253  0.1447  0.1684  0.1921  0.2158  0.2395  0.2632  0.2868  0.3105  0.3342  0.3579  0.3816  0.4053  0.4289  0.4526  0.4763  0.5000  0.5237  0.5474  0.5711  0.5947  0.6184  0.6421  0.6658  0.6895  0.7132  0.7368  0.7605  0.7842  0.8079  0.8316  0.8553  0.8789  0.9026  0.9263
 480.0  0.0500  0.1000  0.1002  0.1145  0.1307  0.1509  0.1711  0.1912  0.2114  0.2316  0.2518  0.2719  0.2921  0.3123  0.3325  0.3526  0.3728  0.3930  0.4132  0.4333  0.4535  0.4737  0.4939  0.5140  0.5342  0.5544  0.5746  0.5947  0.6149  0.6351  0.6553  0.6754  0.6956  0.7158  0.7360  0.7561  0.7763  0.7965
 492.0  0.0500  0.1000  0.0927  0.1038  0.1167  0.1333  0.1500  0.1667  0.1833  0.2000  0.2167  0.2333  0.2500  0.2667  0.2833  0.3000  0.3167  0.3333  0.3500  0.3667  0.3833  0.4000  0.4167  0.4333  0.4500  0.4667  0.4833  0.5000  0.5167  0.5333  0.5500  0.5667  0.5833  0.6000  0.6167  0.6333  0.6500  0.6667
 504.0  0.0500  0.0975  0.0852  0.0931  0.1026  0.1158  0.1289  0.1421  0.1553  0.1684  0.1816  0.1947  0.2079  0.2211  0.2342  0.2474  0.2605  0.2737  0.2868  0.3000  0.3132  0.3263  0.3395  0.3526  0.3658  0.3789  0.3921  0.4053  0.4184  0.4316  0.4447  0.4579  0.4711  0.4842  0.4974  0.5105  0.5237  0.5368
 516.0  0.0500  0.0921  0.0777  0.0824  0.0886  0.0982  0.1079  0.1175  0.1272  0.1368  0.1465  0.1561  0.1658  0.1754  0.1851  0.1947  0.2044  0.2140  0.2237  0.2333  0.2430  0.2526  0.2623  0.2719  0.2816  0.2912  0.3009  0.3105  0.3202  0.3298  0.3395  0.3491  0.3588  0.3684  0.3781  0.3877  0.3974  0.4070
 528.0  0.0500  0.0867  0.0702  0.0716  0.0746  0.0807  0.0868  0.0930  0.0991  0.1053  0.1114  0.1175  0.1237  0.1298  0.1360  0.1421  0.1482  0.1544  0.1605  0.1667  0.1728  0.1789  0.1851  0.1912  0.1974  0.2035  0.2096  0.2158  0.2219  0.2281  0.2342  0.2404  0.2465  0.2526  0.2588  0.2649  0.2711  0.2772
 540.0  0.0500  0.0813  0.0626  0.0646  0.0691  0.0739  0.0787  0.0835  0.0883  0.0931  0.0978  0.1026  0.1074  0.1122  0.1170  0.1218  0.1266  0.1313  0.1361  0.1409  0.1457  0.1505  0.1553  0.1600  0.1648  0.1696  0.1744  0.1792  0.1840  0.1888  0.1935  0.1983  0.2031  0.2079  0.2127  0.2175  0.2222  0.2270
 552.0  0.0500  0.0759  0.0596  0.0637  0.0679  0.0723  0.0768  0.0813  0.0857  0.0902  0.0947  0.0991  0.1036  0.1081  0.1125  0.1170  0.1215  0.1259  0.1304  0.1348  0.1393  0.1438  0.1482  0.1527  0.1572  0.1616  0.1661  0.1706  0.1750  0.1795  0.1840  0.1884  0.1929  0.1974  0.2018  0.2063  0.2108  0.2152
 564.0  0.0500  0.0705  0.0589  0.0627  0.0666  0.0707  0.0749  0.0790  0.0832  0.0873  0.0915  0.0956  0.0998  0.1039  0.1081  0.1122  0.1163  0.1205  0.1246  0.1288  0.1329  0.1371  0.1412  0.1454  0.1495  0.1537  0.1578  0.1620  0.1661  0.1703  0.1744  0.1785  0.1827  0.1868  0.1910  0.1951  0.1993  0.2034
 576.0  0.0500  0.0650  0.0582  0.0617  0.0653  0.0691  0.0730  0.0768  0.0806  0.0844  0.0883  0.0921  0.0959  0.0998  0.1036  0.1074  0.1112  0.1151  0.1189  0.1227  0.1266  0.1304  0.1342  0.1380  0.1419  0.1457  0.1495  0.1533  0.1572  0.1610  0.1648  0.1687  0.1725  0.1763  0.1801  0.1840  0.1878  0.1916
 588.0  0.0500  0.0596  0.0575  0.0607  0.0640  0.0675  0.0711  0.0746  0.0781  0.0816  0.0851  0.0886  0.0921  0.0956  0.0991  0.1026  0.1061  0.1096  0.1132  0.1167  0.1202  0.1237  0.1272  0.1307  0.1342  0.1377  0.1412  0.1447  0.1482  0.1518  0.1553  0.1588  0.1623  0.1658  0.1693  0.1728  0.1763  0.1798
 600.0  0.0500  0.0549  0.0568  0.0598  0.0628  0.0659  0.0691  0.0723  0.0755  0.0787  0.0819  0.0851  0.0883  0.0915  0.0947  0.0978  0.1010  0.1042  0.1074  0.1106  0.1138  0.1170  0.1202  0.1234  0.1266  0.1297  0.1329  0.1361  0.1393  0.1425  0.1457  0.1489  0.1521  0.1553  0.1585  0.1616  0.1648  0.1680
 612.0  0.0500  0.0544  0.0561  0.0588  0.0615  0.0644  0.0672  0.0701  0.0730  0.0758  0.0787  0.0816  0.0844  0.0873  0.0902  0.0931  0.0959  0.0988  0.1017  0.1045  0.1074  0.1103  0.1132  0.1160  0.1189  0.1218  0.1246  0.1275  0.1304  0.1333  0.1361  0.1390  0.1419  0.1447  0.1476  0.1505  0.1533  0.1562
 624.0  0.0500  0.0539  0.0555  0.0578  0.0602  0.0628  0.0653  0.0679  0.0704  0.0730  0.0755  0.0781  0.0806  0.0832  0.0857  0.0883  0.0908  0.0934  0.0959  0.0985  0.1010  0.1036  0.1061  0.1087  0.1112  0.1138  0.1163  0.1189  0.1215  0.1240  0.1266  0.1291  0.1317  0.1342  0.1368  0.1393  0.1419  0.1444
 636.0  0.0500  0.0534  0.0548  0.0568  0.0589  0.0612  0.0634  0.0656  0.0679  0.0701  0.0723  0.0746  0.0768  0.0790  0.0813  0.0835  0.0857  0.0880  0.0902  0.0924  0.0947  0.0969  0.0991  0.1014  0.1036  0.1058  0.1081  0.1103  0.1125  0.1148  0.1170  0.1192  0.1215  0.1237  0.1259  0.1281  0.1304  0.1326
 648.0  0.0500  0.0530  0.0541  0.0559  0.0577  0.0596  0.0615  0.0634  0.0653  0.0672  0.0691  0.0711  0.0730  0.0749  0.0768  0.0787  0.0806  0.0825  0.0844  0.0864  0.0883  0.0902  0.0921  0.0940  0.0959  0.0978  0.0998  0.1017  0.1036  0.1055  0.1074  0.1093  0.1112  0.1132  0.1151  0.1170  0.1189  0.1208
 660.0  0.0500  0.0525  0.0534  0.0549  0.0564  0.0580  0.0596  0.0612  0.0628  0.0644  0.0659  0.0675  0.0691  0.0707  0.0723  0.0739  0.0755  0.0771  0.0787  0.0803  0.0819  0.0835  0.0851  0.0867  0.0883  0.0899  0.0915  0.0931  0.0947  0.0963  0.0978  0.0994  0.1010  0.1026  0.1042  0.1058  0.1074  0.1090
 672.0  0.0500  0.0520  0.0527  0.0539  0.0551  0.0564  0.0577  0.0589  0.0602  0.0615  0.0628  0.0640  0.0653  0.0666  0.0679  0.0691  0.0704  0.0717  0.0730  0.0742  0.0755  0.0768  0.0781  0.0793  0.0806  0.0819  0.0832  0.0844  0.0857  0.0870  0.0883  0.0896  0.0908  0.0921  0.0934  0.0947  0.0959  0.0972
 684.0  0.0500  0.0515  0.0520  0.0529  0.0538  0.0548  0.0557  0.0567  0.0577  0.0586  0.0596  0.0605  0.0615  0.0624  0.0634  0.0644  0.0653  0.0663  0.0672  0.0682  0.0691  0.0701  0.0711  0.0720  0.0730  0.0739  0.0749  0.0758  0.0768  0.0778  0.0787  0.0797  0.0806  0.0816  0.0825  0.0835  0.0844  0.0854
 696.0  0.0500  0.0510  0.0514  0.0520  0.0526  0.0532  0.0538  0.0545  0.0551  0.0557  0.0564  0.0570  0.0577  0.0583  0.0589  0.0596  0.0602  0.0608  0.0615  0.0621  0.0628  0.0634  0.0640  0.0647  0.0653  0.0659  0.0666  0.0672  0.0679  0.0685  0.0691  0.0698  0.0704  0.0711  0.0717  0.0723  0.0730  0.0736
 708.0  0.0500  0.0505  0.0507  0.0510  0.0513  0.0516  0.0519  0.0522  0.0526  0.0529  0.0532  0.0535  0.0538  0.0541  0.0545  0.0548  0.0551  0.0554  0.0557  0.0561  0.0564  0.0567  0.0570  0.0573  0.0577  0.0580  0.0583  0.0586  0.0589  0.0593  0.0596  0.0599  0.0602  0.0605  0.0608  0.0612  0.0615  0.0618
 720.0  0.0500  0.0500  0.0500  0.0500  0.0500  0.0500  0.0500  0.0500  0.0500  0.0500  0.0500  0.0500  0.0500  0.0500  0.0500  0.0500  0.0500  0.0500  0.0500  0.0500  0.0500  0.0500  0.0500  0.0500  0.0500  0.0500  0.0500  0.0500  0.0500  0.0500  0.0500  0.0500  0.0500  0.0500  0.0500  0.0500  0.0500  0.0500