* De conditionele overschrijdingskans van de zeewaterstand met statistische onzekerheid gegeven de windrichting
* voor een 12-uursperiode te Vlissingen, gelegen op locatie: 
* 30480, 385220
* 
* Deze statistiek is afgeleid met dezelfde methode als gebruikt in 3280.20.03.
* De door Deltares op 10 november 2016 aangeleverde statistiek is gebruikt als bron.
*
* Het waterstandsbereik waarvoor de overschrijdingskansen zijn gegeven is het hoogwater 2017 tot 8.00 m + NAP
* met een stapgrootte van 0.1 m. De laatste stapgrootte kan afwijken om op 8.00 m uit te komen. Hierbij wordt
* een stapgrootte van minimaal 6 en maximaal 15 cm gekozen.
* 
* Door: G.W.F. Rongen van HKV lijn in water
* Project: PR3510.10
*
* m (m+NAP) 30              60              90              120             150             180             210             240             270             300             330             360
  2.13      1.000e+00       1.000e+00       1.000e+00       1.000e+00       1.000e+00       1.000e+00       1.000e+00       1.000e+00       1.000e+00       1.000e+00       1.000e+00       1.000e+00       
  2.23      1.000e+00       1.000e+00       1.000e+00       1.000e+00       1.000e+00       1.000e+00       5.091e-01       6.162e-01       6.803e-01       6.331e-01       5.694e-01       5.486e-01       
  2.33      1.000e+00       1.000e+00       1.000e+00       1.000e+00       1.000e+00       1.000e+00       2.642e-01       3.860e-01       4.694e-01       4.072e-01       3.301e-01       3.066e-01       
  2.43      1.000e+00       1.000e+00       9.996e-01       1.000e+00       1.000e+00       9.962e-01       1.350e-01       2.392e-01       3.221e-01       2.654e-01       1.962e-01       1.723e-01       
  2.53      9.531e-01       8.039e-01       6.483e-01       8.277e-01       8.084e-01       4.916e-01       6.076e-02       1.363e-01       2.117e-01       1.895e-01       1.402e-01       1.006e-01       
  2.63      3.089e-01       2.024e-01       1.508e-01       2.128e-01       2.044e-01       1.114e-01       2.664e-02       7.618e-02       1.380e-01       1.361e-01       1.018e-01       5.883e-02       
  2.73      6.642e-02       4.351e-02       3.242e-02       4.576e-02       4.393e-02       2.394e-02       1.155e-02       4.216e-02       8.951e-02       9.730e-02       7.353e-02       3.425e-02       
  2.83      1.363e-02       8.929e-03       6.654e-03       9.392e-03       9.017e-03       4.914e-03       4.955e-03       2.310e-02       5.782e-02       6.926e-02       5.292e-02       1.986e-02       
  2.93      2.672e-03       1.750e-03       1.304e-03       1.841e-03       1.767e-03       9.631e-04       2.103e-03       1.254e-02       3.719e-02       4.909e-02       3.793e-02       1.147e-02       
  3.03      5.003e-04       3.277e-04       2.442e-04       3.446e-04       3.309e-04       1.803e-04       8.835e-04       6.739e-03       2.383e-02       3.465e-02       2.707e-02       6.599e-03       
  3.13      8.949e-05       5.862e-05       4.368e-05       6.165e-05       5.919e-05       3.226e-05       3.674e-04       3.589e-03       1.520e-02       2.436e-02       1.925e-02       3.783e-03       
  3.23      1.530e-05       1.002e-05       7.469e-06       1.054e-05       1.012e-05       5.515e-06       1.513e-04       1.894e-03       9.663e-03       1.706e-02       1.364e-02       2.161e-03       
  3.33      2.501e-06       1.638e-06       1.221e-06       1.723e-06       1.654e-06       9.016e-07       6.169e-05       9.905e-04       6.118e-03       1.190e-02       9.622e-03       1.230e-03       
  3.43      3.910e-07       2.561e-07       1.909e-07       2.694e-07       2.586e-07       1.409e-07       2.492e-05       5.135e-04       3.859e-03       8.269e-03       6.764e-03       6.980e-04       
  3.53      5.847e-08       3.829e-08       2.854e-08       4.028e-08       3.867e-08       2.107e-08       9.971e-06       2.639e-04       2.426e-03       5.724e-03       4.739e-03       3.947e-04       
  3.63      8.364e-09       5.478e-09       4.083e-09       5.762e-09       5.532e-09       3.015e-09       3.954e-06       1.344e-04       1.519e-03       3.948e-03       3.308e-03       2.224e-04       
  3.73      1.145e-09       7.500e-10       5.589e-10       7.889e-10       7.574e-10       4.127e-10       1.554e-06       6.793e-05       9.480e-04       2.713e-03       2.301e-03       1.250e-04       
  3.83      1.477e-10       9.678e-11       7.212e-11       1.018e-10       9.773e-11       5.326e-11       5.974e-07       3.367e-05       5.848e-04       1.845e-03       1.584e-03       6.933e-05       
  3.93      2.005e-11       1.313e-11       9.788e-12       1.382e-11       1.326e-11       7.228e-12       2.338e-07       1.683e-05       3.629e-04       1.259e-03       1.094e-03       3.883e-05       
  4.03      2.724e-12       1.784e-12       1.330e-12       1.877e-12       1.802e-12       9.818e-13       9.166e-08       8.393e-06       2.252e-04       8.585e-04       7.551e-04       2.178e-05       
  4.13      3.662e-13       2.398e-13       1.787e-13       2.523e-13       2.422e-13       1.320e-13       3.587e-08       4.170e-06       1.395e-04       5.839e-04       5.199e-04       1.221e-05       
  4.23      4.875e-14       3.193e-14       2.380e-14       3.359e-14       3.225e-14       1.757e-14       1.401e-08       2.063e-06       8.631e-05       3.961e-04       3.570e-04       6.840e-06       
  4.33      6.428e-15       4.210e-15       3.137e-15       4.428e-15       4.251e-15       2.317e-15       5.451e-09       1.014e-06       5.314e-05       2.674e-04       2.440e-04       3.818e-06       
  4.43      8.424e-16       5.518e-16       4.112e-16       5.804e-16       5.572e-16       3.036e-16       2.117e-09       4.959e-07       3.263e-05       1.799e-04       1.662e-04       2.128e-06       
  4.53      1.145e-16       7.500e-17       5.589e-17       7.888e-17       7.573e-17       4.127e-17       8.366e-10       2.449e-07       2.017e-05       1.215e-04       1.136e-04       1.197e-06       
  4.63      1.643e-17       1.076e-17       8.021e-18       1.132e-17       1.087e-17       5.923e-18       3.353e-10       1.217e-07       1.251e-05       8.220e-05       7.778e-05       6.778e-07       
  4.73      2.409e-18       1.578e-18       1.176e-18       1.659e-18       1.593e-18       8.682e-19       1.351e-10       6.056e-08       7.764e-06       5.556e-05       5.320e-05       3.846e-07       
  4.83      3.568e-19       2.337e-19       1.741e-19       2.458e-19       2.360e-19       1.286e-19       5.464e-11       3.013e-08       4.816e-06       3.749e-05       3.632e-05       2.184e-07       
  4.93      5.334e-20       3.494e-20       2.603e-20       3.675e-20       3.528e-20       1.922e-20       2.218e-11       1.499e-08       2.987e-06       2.526e-05       2.477e-05       1.242e-07       
  5.03      8.046e-21       5.270e-21       3.927e-21       5.543e-21       5.322e-21       2.900e-21       9.063e-12       7.481e-09       1.858e-06       1.704e-05       1.691e-05       7.096e-08       
  5.13      1.228e-21       8.046e-22       5.996e-22       8.462e-22       8.125e-22       4.427e-22       3.750e-12       3.765e-09       1.162e-06       1.154e-05       1.158e-05       4.085e-08       
  5.23      1.918e-22       1.256e-22       9.362e-23       1.321e-22       1.269e-22       6.913e-23       1.579e-12       1.915e-09       7.312e-07       7.846e-06       7.961e-06       2.373e-08       
  5.33      3.115e-23       2.040e-23       1.520e-23       2.146e-23       2.060e-23       1.123e-23       6.754e-13       9.831e-10       4.623e-07       5.347e-06       5.485e-06       1.389e-08       
  5.43      5.303e-24       3.473e-24       2.588e-24       3.653e-24       3.508e-24       1.911e-24       2.923e-13       5.074e-10       2.932e-07       3.649e-06       3.784e-06       8.164e-09       
  5.53      9.377e-25       6.142e-25       4.577e-25       6.460e-25       6.203e-25       3.380e-25       1.275e-13       2.630e-10       1.864e-07       2.494e-06       2.615e-06       4.820e-09       
  5.63      1.698e-25       1.112e-25       8.287e-26       1.170e-25       1.123e-25       6.120e-26       5.601e-14       1.370e-10       1.190e-07       1.709e-06       1.811e-06       2.860e-09       
  5.73      3.121e-26       2.044e-26       1.523e-26       2.150e-26       2.064e-26       1.125e-26       2.481e-14       7.176e-11       7.633e-08       1.176e-06       1.259e-06       1.707e-09       
  5.83      5.806e-27       3.803e-27       2.834e-27       4.000e-27       3.840e-27       2.093e-27       1.110e-14       3.790e-11       4.926e-08       8.121e-07       8.785e-07       1.027e-09       
  5.93      1.093e-27       7.157e-28       5.334e-28       7.528e-28       7.228e-28       3.939e-28       5.031e-15       2.020e-11       3.198e-08       5.635e-07       6.157e-07       6.228e-10       
  6.03      2.083e-28       1.364e-28       1.016e-28       1.435e-28       1.377e-28       7.506e-29       2.312e-15       1.087e-11       2.089e-08       3.926e-07       4.332e-07       3.807e-10       
  6.13      4.030e-29       2.639e-29       1.967e-29       2.776e-29       2.665e-29       1.452e-29       1.077e-15       5.902e-12       1.371e-08       2.744e-07       3.057e-07       2.342e-10       
  6.23      7.955e-30       5.211e-30       3.883e-30       5.481e-30       5.262e-30       2.867e-30       5.083e-16       3.228e-12       9.030e-09       1.922e-07       2.163e-07       1.449e-10       
  6.33      1.612e-30       1.056e-30       7.870e-31       1.111e-30       1.066e-30       5.812e-31       2.423e-16       1.776e-12       5.969e-09       1.350e-07       1.533e-07       9.008e-11       
  6.43      3.371e-31       2.208e-31       1.646e-31       2.323e-31       2.230e-31       1.215e-31       1.164e-16       9.815e-13       3.957e-09       9.498e-08       1.089e-07       5.621e-11       
  6.53      7.280e-32       4.769e-32       3.554e-32       5.016e-32       4.816e-32       2.624e-32       5.628e-17       5.446e-13       2.630e-09       6.694e-08       7.746e-08       3.520e-11       
  6.63      1.618e-32       1.060e-32       7.898e-33       1.115e-32       1.070e-32       5.832e-33       2.737e-17       3.033e-13       1.752e-09       4.726e-08       5.519e-08       2.211e-11       
  6.73      3.679e-33       2.409e-33       1.796e-33       2.534e-33       2.433e-33       1.326e-33       1.338e-17       1.694e-13       1.170e-09       3.341e-08       3.938e-08       1.394e-11       
  6.83      8.504e-34       5.570e-34       4.151e-34       5.859e-34       5.625e-34       3.065e-34       6.574e-18       9.496e-14       7.830e-10       2.366e-08       2.814e-08       8.810e-12       
  6.93      1.990e-34       1.304e-34       9.715e-35       1.371e-34       1.317e-34       7.174e-35       3.244e-18       5.338e-14       5.252e-10       1.678e-08       2.014e-08       5.585e-12       
  7.03      4.705e-35       3.082e-35       2.297e-35       3.242e-35       3.112e-35       1.696e-35       1.608e-18       3.010e-14       3.530e-10       1.192e-08       1.443e-08       3.551e-12       
  7.13      1.122e-35       7.349e-36       5.476e-36       7.729e-36       7.421e-36       4.044e-36       8.007e-19       1.702e-14       2.377e-10       8.474e-09       1.035e-08       2.263e-12       
  7.23      2.697e-36       1.766e-36       1.316e-36       1.858e-36       1.784e-36       9.720e-37       4.003e-19       9.647e-15       1.604e-10       6.034e-09       7.436e-09       1.446e-12       
  7.33      6.531e-37       4.278e-37       3.188e-37       4.499e-37       4.320e-37       2.354e-37       2.009e-19       5.483e-15       1.084e-10       4.302e-09       5.349e-09       9.265e-13       
  7.43      1.593e-37       1.043e-37       7.775e-38       1.097e-37       1.054e-37       5.742e-38       1.012e-19       3.124e-15       7.343e-11       3.071e-09       3.852e-09       5.950e-13       
  7.53      3.913e-38       2.563e-38       1.910e-38       2.696e-38       2.588e-38       1.410e-38       5.117e-20       1.785e-15       4.982e-11       2.195e-09       2.777e-09       3.830e-13       
  7.63      9.674e-39       6.337e-39       4.722e-39       6.665e-39       6.399e-39       3.487e-39       2.597e-20       1.022e-15       3.385e-11       1.571e-09       2.004e-09       2.471e-13       
  7.73      2.407e-39       1.577e-39       1.175e-39       1.659e-39       1.592e-39       8.677e-40       1.322e-20       5.863e-16       2.304e-11       1.125e-09       1.448e-09       1.598e-13       
  7.83      6.027e-40       3.948e-40       2.942e-40       4.153e-40       3.987e-40       2.173e-40       6.755e-21       3.372e-16       1.571e-11       8.071e-10       1.047e-09       1.035e-13       
  7.93      1.518e-40       9.944e-41       7.410e-41       1.046e-40       1.004e-40       5.472e-41       3.462e-21       1.943e-16       1.073e-11       5.794e-10       7.583e-10       6.721e-14       
  8.00      5.802e-41       3.801e-41       2.832e-41       3.997e-41       3.838e-41       2.091e-41       2.173e-21       1.323e-16       8.222e-12       4.598e-10       6.053e-10       4.973e-14       