* De conditionele overschrijdingskans van de potentiële windsnelheid, gegeven de windrichting
* voor een 12-uursperiode te IJmuiden. Zonder onzekerheid.
* 
* Het waterstandsbereik waarvoor de overschrijdingskansen zijn 0.0 m/s en 2.0 m/s tot 42.00 m/s
* met een stapgrootte van 0.5 m/s.
*
* Door: G.W.F. Rongen van HKV lijn in water
* Project: PR3280.14
*
* u (m/s)   30              60              90              120             150             180             210             240             270             300             330             360
  0.00      1.000e+00       1.000e+00       1.000e+00       1.000e+00       1.000e+00       1.000e+00       1.000e+00       1.000e+00       1.000e+00       1.000e+00       1.000e+00       1.000e+00       
  2.00      9.904e-01       9.913e-01       9.912e-01       9.735e-01       9.836e-01       9.882e-01       9.956e-01       9.968e-01       9.932e-01       9.913e-01       9.885e-01       9.831e-01       
  2.50      9.880e-01       9.892e-01       9.890e-01       9.670e-01       9.795e-01       9.852e-01       9.945e-01       9.960e-01       9.915e-01       9.891e-01       9.856e-01       9.790e-01       
  3.00      9.856e-01       9.870e-01       9.868e-01       9.606e-01       9.755e-01       9.823e-01       9.933e-01       9.953e-01       9.898e-01       9.870e-01       9.828e-01       9.748e-01       
  3.50      9.750e-01       9.767e-01       9.770e-01       9.107e-01       9.440e-01       9.760e-01       9.889e-01       9.917e-01       9.854e-01       9.801e-01       9.720e-01       9.617e-01       
  4.00      9.418e-01       9.456e-01       9.401e-01       8.202e-01       8.923e-01       9.558e-01       9.756e-01       9.733e-01       9.685e-01       9.677e-01       9.336e-01       8.992e-01       
  4.50      9.135e-01       9.210e-01       8.935e-01       7.343e-01       8.179e-01       9.375e-01       9.650e-01       9.668e-01       9.561e-01       9.541e-01       9.145e-01       8.569e-01       
  5.00      8.303e-01       8.808e-01       8.169e-01       6.497e-01       7.277e-01       8.983e-01       9.455e-01       9.496e-01       9.364e-01       9.318e-01       8.820e-01       8.145e-01       
  5.50      7.837e-01       8.394e-01       7.604e-01       5.603e-01       6.532e-01       8.534e-01       9.322e-01       9.366e-01       9.225e-01       9.119e-01       8.591e-01       7.702e-01       
  6.00      6.938e-01       7.662e-01       6.720e-01       4.478e-01       5.403e-01       7.909e-01       9.131e-01       9.123e-01       8.932e-01       8.722e-01       8.230e-01       7.218e-01       
  6.50      6.456e-01       7.163e-01       6.253e-01       3.712e-01       4.702e-01       7.284e-01       8.776e-01       8.845e-01       8.603e-01       8.573e-01       7.906e-01       6.976e-01       
  7.00      5.641e-01       6.308e-01       5.209e-01       2.912e-01       3.949e-01       6.658e-01       8.506e-01       8.578e-01       8.354e-01       8.151e-01       7.316e-01       6.190e-01       
  7.50      5.092e-01       5.738e-01       4.464e-01       2.355e-01       3.336e-01       6.064e-01       8.146e-01       8.098e-01       7.922e-01       7.717e-01       6.903e-01       5.726e-01       
  8.00      4.276e-01       5.259e-01       3.837e-01       1.717e-01       2.662e-01       5.641e-01       7.911e-01       7.897e-01       7.644e-01       7.370e-01       6.490e-01       5.242e-01       
  8.50      3.677e-01       4.702e-01       3.210e-01       1.148e-01       2.137e-01       4.921e-01       7.468e-01       7.435e-01       7.081e-01       6.625e-01       6.018e-01       4.657e-01       
  9.00      3.095e-01       3.977e-01       2.591e-01       7.657e-02       1.804e-01       4.435e-01       7.277e-01       7.145e-01       6.803e-01       6.303e-01       5.501e-01       4.093e-01       
  9.50      2.579e-01       3.329e-01       1.999e-01       5.266e-02       1.366e-01       3.626e-01       6.687e-01       6.570e-01       6.262e-01       5.434e-01       4.823e-01       3.468e-01       
  10.00     2.130e-01       2.642e-01       1.654e-01       3.621e-02       9.982e-02       3.253e-01       6.111e-01       6.043e-01       5.918e-01       5.211e-01       4.469e-01       3.286e-01       
  10.50     1.797e-01       2.189e-01       1.260e-01       2.490e-02       7.093e-02       2.653e-01       5.667e-01       5.545e-01       5.238e-01       4.553e-01       3.835e-01       2.893e-01       
  11.00     1.356e-01       1.684e-01       1.072e-01       1.713e-02       5.385e-02       2.356e-01       5.109e-01       5.053e-01       4.967e-01       4.268e-01       3.525e-01       2.601e-01       
  11.50     1.098e-01       1.244e-01       7.451e-02       1.178e-02       4.088e-02       1.984e-01       4.763e-01       4.520e-01       4.462e-01       3.685e-01       2.920e-01       1.835e-01       
  12.00     8.146e-02       9.326e-02       6.476e-02       8.101e-03       3.103e-02       1.674e-01       4.129e-01       3.928e-01       3.862e-01       3.362e-01       2.537e-01       1.673e-01       
  12.50     6.043e-02       6.736e-02       4.292e-02       5.571e-03       2.356e-02       1.390e-01       3.783e-01       3.620e-01       3.526e-01       2.878e-01       1.976e-01       1.270e-01       
  13.00     4.483e-02       4.337e-02       2.845e-02       3.831e-03       1.788e-02       9.981e-02       2.993e-01       2.968e-01       3.029e-01       2.419e-01       1.711e-01       1.129e-01       
  13.50     3.326e-02       2.793e-02       1.885e-02       2.499e-03       1.358e-02       8.212e-02       2.665e-01       2.618e-01       2.655e-01       1.923e-01       1.342e-01       8.597e-02       
  14.00     2.467e-02       1.798e-02       1.250e-02       1.630e-03       1.031e-02       6.570e-02       2.160e-01       2.103e-01       2.231e-01       1.600e-01       1.091e-01       6.546e-02       
  14.50     1.830e-02       1.158e-02       8.282e-03       1.063e-03       7.825e-03       5.117e-02       1.814e-01       1.872e-01       2.034e-01       1.352e-01       9.440e-02       4.984e-02       
  15.00     1.358e-02       7.456e-03       5.489e-03       6.934e-04       5.940e-03       3.474e-02       1.561e-01       1.499e-01       1.565e-01       1.017e-01       7.403e-02       3.795e-02       
  15.50     1.007e-02       4.801e-03       3.638e-03       4.522e-04       4.509e-03       2.542e-02       1.162e-01       1.244e-01       1.397e-01       8.747e-02       5.806e-02       2.890e-02       
  16.00     7.471e-03       3.092e-03       2.411e-03       2.950e-04       3.423e-03       1.859e-02       8.958e-02       9.479e-02       1.075e-01       6.824e-02       4.553e-02       2.200e-02       
  16.50     5.542e-03       2.052e-03       1.687e-03       1.924e-04       2.490e-03       1.360e-02       6.341e-02       6.931e-02       8.632e-02       5.258e-02       3.571e-02       1.675e-02       
  17.00     3.916e-03       1.362e-03       1.180e-03       1.255e-04       1.811e-03       9.952e-03       5.277e-02       5.036e-02       6.950e-02       4.051e-02       2.800e-02       1.276e-02       
  17.50     2.767e-03       9.041e-04       8.258e-04       8.184e-05       1.317e-03       7.280e-03       3.525e-02       3.969e-02       5.048e-02       3.121e-02       2.196e-02       9.712e-03       
  18.00     1.956e-03       6.001e-04       5.778e-04       5.338e-05       9.577e-04       5.326e-03       2.927e-02       3.199e-02       3.858e-02       2.405e-02       1.722e-02       7.395e-03       
  18.50     1.382e-03       3.983e-04       4.043e-04       3.482e-05       6.965e-04       3.896e-03       2.205e-02       2.478e-02       2.949e-02       1.853e-02       1.351e-02       5.631e-03       
  19.00     9.765e-04       2.644e-04       2.828e-04       2.271e-05       5.065e-04       2.850e-03       1.662e-02       1.920e-02       2.254e-02       1.428e-02       1.059e-02       4.087e-03       
  19.50     6.900e-04       1.755e-04       1.979e-04       1.481e-05       3.684e-04       2.085e-03       1.252e-02       1.488e-02       1.723e-02       1.100e-02       8.307e-03       2.966e-03       
  20.00     4.876e-04       1.165e-04       1.385e-04       9.661e-06       2.679e-04       1.501e-03       9.437e-03       1.152e-02       1.317e-02       8.477e-03       6.515e-03       2.153e-03       
  20.50     3.446e-04       7.732e-05       9.688e-05       6.301e-06       1.948e-04       1.080e-03       7.111e-03       8.928e-03       1.006e-02       6.532e-03       5.109e-03       1.562e-03       
  21.00     2.435e-04       5.132e-05       6.779e-05       4.110e-06       1.417e-04       7.773e-04       5.359e-03       6.917e-03       7.692e-03       5.033e-03       3.888e-03       1.134e-03       
  21.50     1.721e-04       3.406e-05       4.743e-05       2.681e-06       1.030e-04       5.594e-04       4.038e-03       5.359e-03       5.879e-03       3.878e-03       2.958e-03       8.230e-04       
  22.00     1.216e-04       2.261e-05       3.318e-05       1.748e-06       7.494e-05       4.026e-04       3.043e-03       4.152e-03       4.493e-03       2.988e-03       2.251e-03       5.973e-04       
  22.50     8.592e-05       1.501e-05       2.322e-05       1.140e-06       5.450e-05       2.897e-04       2.293e-03       3.216e-03       3.434e-03       2.242e-03       1.713e-03       4.335e-04       
  23.00     6.072e-05       9.962e-06       1.624e-05       7.438e-07       3.964e-05       2.085e-04       1.728e-03       2.492e-03       2.625e-03       1.682e-03       1.303e-03       3.146e-04       
  23.50     4.290e-05       6.612e-06       1.137e-05       4.851e-07       2.883e-05       1.501e-04       1.302e-03       1.931e-03       1.997e-03       1.262e-03       9.918e-04       2.283e-04       
  24.00     3.032e-05       4.389e-06       7.953e-06       3.164e-07       2.096e-05       1.080e-04       9.768e-04       1.496e-03       1.520e-03       9.466e-04       7.546e-04       1.657e-04       
  24.50     2.142e-05       2.913e-06       5.564e-06       2.064e-07       1.525e-05       7.773e-05       7.328e-04       1.163e-03       1.157e-03       7.102e-04       5.742e-04       1.203e-04       
  25.00     1.514e-05       1.934e-06       3.893e-06       1.346e-07       1.109e-05       5.594e-05       5.498e-04       9.049e-04       8.800e-04       5.328e-04       4.369e-04       8.730e-05       
  25.50     1.070e-05       1.283e-06       2.724e-06       8.779e-08       8.064e-06       4.026e-05       4.125e-04       7.038e-04       6.696e-04       3.997e-04       3.325e-04       6.336e-05       
  26.00     7.560e-06       8.519e-07       1.906e-06       5.726e-08       5.865e-06       2.897e-05       3.095e-04       5.475e-04       5.095e-04       2.999e-04       2.530e-04       4.598e-05       
  26.50     5.342e-06       5.655e-07       1.333e-06       3.735e-08       4.265e-06       2.085e-05       2.322e-04       4.258e-04       3.877e-04       2.250e-04       1.925e-04       3.337e-05       
  27.00     3.775e-06       3.753e-07       9.330e-07       2.436e-08       3.102e-06       1.501e-05       1.742e-04       3.312e-04       2.950e-04       1.688e-04       1.465e-04       2.422e-05       
  27.50     2.668e-06       2.491e-07       6.528e-07       1.589e-08       2.256e-06       1.080e-05       1.307e-04       2.576e-04       2.245e-04       1.266e-04       1.115e-04       1.758e-05       
  28.00     1.885e-06       1.654e-07       4.567e-07       1.036e-08       1.641e-06       7.772e-06       9.805e-05       2.004e-04       1.708e-04       9.502e-05       8.481e-05       1.276e-05       
  28.50     1.332e-06       1.098e-07       3.196e-07       6.759e-09       1.193e-06       5.594e-06       7.356e-05       1.559e-04       1.300e-04       7.128e-05       6.454e-05       9.260e-06       
  29.00     9.413e-07       7.285e-08       2.236e-07       4.408e-09       8.677e-07       4.026e-06       5.519e-05       1.212e-04       9.890e-05       5.348e-05       4.911e-05       6.721e-06       
  29.50     6.652e-07       4.836e-08       1.564e-07       2.875e-09       6.311e-07       2.897e-06       4.140e-05       9.430e-05       7.526e-05       4.012e-05       3.737e-05       4.878e-06       
  30.00     4.701e-07       3.210e-08       1.095e-07       1.875e-09       4.589e-07       2.085e-06       3.106e-05       7.335e-05       5.727e-05       3.010e-05       2.843e-05       3.540e-06       
  30.50     3.322e-07       2.131e-08       7.658e-08       1.223e-09       3.338e-07       1.501e-06       2.330e-05       5.705e-05       4.358e-05       2.258e-05       2.164e-05       2.569e-06       
  31.00     2.347e-07       1.414e-08       5.358e-08       7.978e-10       2.427e-07       1.080e-06       1.748e-05       4.438e-05       3.316e-05       1.694e-05       1.646e-05       1.865e-06       
  31.50     1.659e-07       9.387e-09       3.749e-08       5.204e-10       1.765e-07       7.772e-07       1.312e-05       3.452e-05       2.523e-05       1.271e-05       1.253e-05       1.353e-06       
  32.00     1.172e-07       6.230e-09       2.623e-08       3.394e-10       1.284e-07       5.593e-07       9.841e-06       2.685e-05       1.920e-05       9.537e-06       9.532e-06       9.823e-07       
  32.50     8.283e-08       4.136e-09       1.835e-08       2.214e-10       9.337e-08       4.025e-07       7.383e-06       2.088e-05       1.461e-05       7.155e-06       7.253e-06       7.129e-07       
  33.00     5.853e-08       2.745e-09       1.284e-08       1.444e-10       6.790e-08       2.897e-07       5.539e-06       1.624e-05       1.112e-05       5.368e-06       5.519e-06       5.174e-07       
  33.50     4.136e-08       1.822e-09       8.985e-09       9.417e-11       4.938e-08       2.085e-07       4.156e-06       1.263e-05       8.458e-06       4.027e-06       4.200e-06       3.755e-07       
  34.00     2.923e-08       1.209e-09       6.286e-09       6.142e-11       3.592e-08       1.500e-07       3.118e-06       9.827e-06       6.436e-06       3.022e-06       3.196e-06       2.726e-07       
  34.50     2.065e-08       8.027e-10       4.398e-09       4.006e-11       2.612e-08       1.080e-07       2.339e-06       7.644e-06       4.897e-06       2.267e-06       2.432e-06       1.978e-07       
  35.00     1.459e-08       5.328e-10       3.077e-09       2.613e-11       1.900e-08       7.772e-08       1.755e-06       5.946e-06       3.727e-06       1.701e-06       1.850e-06       1.436e-07       
  35.50     1.031e-08       3.537e-10       2.153e-09       1.704e-11       1.381e-08       5.593e-08       1.317e-06       4.625e-06       2.836e-06       1.276e-06       1.408e-06       1.042e-07       
  36.00     7.288e-09       2.347e-10       1.507e-09       1.112e-11       1.005e-08       4.025e-08       9.878e-07       3.597e-06       2.158e-06       9.573e-07       1.071e-06       7.563e-08       
  36.50     5.150e-09       1.558e-10       1.054e-09       7.250e-12       7.307e-09       2.897e-08       7.411e-07       2.798e-06       1.642e-06       7.182e-07       8.152e-07       5.489e-08       
  37.00     3.639e-09       1.034e-10       7.375e-10       4.729e-12       5.314e-09       2.085e-08       5.560e-07       2.176e-06       1.249e-06       5.388e-07       6.203e-07       3.984e-08       
  37.50     2.572e-09       6.865e-11       5.160e-10       3.084e-12       3.865e-09       1.500e-08       4.171e-07       1.693e-06       9.506e-07       4.042e-07       4.720e-07       2.891e-08       
  38.00     1.817e-09       4.557e-11       3.610e-10       2.012e-12       2.811e-09       1.080e-08       3.130e-07       1.317e-06       7.233e-07       3.033e-07       3.591e-07       2.098e-08       
  38.50     1.284e-09       3.025e-11       2.526e-10       1.312e-12       2.044e-09       7.771e-09       2.348e-07       1.024e-06       5.504e-07       2.275e-07       2.733e-07       1.523e-08       
  39.00     9.074e-10       2.008e-11       1.767e-10       8.558e-13       1.487e-09       5.593e-09       1.762e-07       7.966e-07       4.188e-07       1.707e-07       2.079e-07       1.105e-08       
  39.50     6.412e-10       1.333e-11       1.237e-10       5.582e-13       1.081e-09       4.025e-09       1.322e-07       6.196e-07       3.187e-07       1.281e-07       1.582e-07       8.022e-09       
  40.00     4.531e-10       8.845e-12       8.652e-11       3.640e-13       7.862e-10       2.897e-09       9.915e-08       4.820e-07       2.425e-07       9.609e-08       1.204e-07       5.822e-09       
  40.50     3.202e-10       5.871e-12       6.054e-11       2.375e-13       5.718e-10       2.085e-09       7.439e-08       3.749e-07       1.845e-07       7.209e-08       9.162e-08       4.226e-09       
  41.00     2.263e-10       3.897e-12       4.236e-11       1.549e-13       4.158e-10       1.500e-09       5.581e-08       2.916e-07       1.404e-07       5.408e-08       6.971e-08       3.067e-09       
  41.50     1.599e-10       2.586e-12       2.964e-11       1.010e-13       3.024e-10       1.080e-09       4.187e-08       2.268e-07       1.068e-07       4.058e-08       5.305e-08       2.226e-09       
  42.00     1.130e-10       1.717e-12       2.074e-11       6.595e-14       2.199e-10       7.771e-10       3.141e-08       1.764e-07       8.130e-08       3.044e-08       4.036e-08       1.616e-09       