* De conditionele overschrijdingskans van de potentiële windsnelheid, gegeven de windrichting
* voor een 12-uursperiode te Hoek van Holland. Met onzekerheid.
* 
* Het waterstandsbereik waarvoor de overschrijdingskansen zijn 0.0 m/s en 2.0 m/s tot 42.00 m/s
* met een stapgrootte van 0.5 m/s.
*
* Door: G.W.F. Rongen van HKV lijn in water
* Project: PR3280.14
*
* u (m/s)   30              60              90              120             150             180             210             240             270             300             330             360
  0.00      1.000e+00       1.000e+00       1.000e+00       1.000e+00       1.000e+00       1.000e+00       1.000e+00       1.000e+00       1.000e+00       1.000e+00       1.000e+00       1.000e+00       
  2.00      9.897e-01       9.924e-01       9.961e-01       9.894e-01       9.918e-01       9.987e-01       9.985e-01       9.993e-01       9.995e-01       9.969e-01       9.883e-01       9.888e-01       
  2.50      9.826e-01       9.826e-01       9.847e-01       9.798e-01       9.816e-01       9.954e-01       9.943e-01       9.958e-01       9.962e-01       9.951e-01       9.846e-01       9.830e-01       
  3.00      9.611e-01       9.664e-01       9.581e-01       9.398e-01       9.520e-01       9.837e-01       9.854e-01       9.917e-01       9.874e-01       9.898e-01       9.734e-01       9.671e-01       
  3.50      9.336e-01       9.464e-01       9.257e-01       9.024e-01       9.273e-01       9.698e-01       9.784e-01       9.867e-01       9.802e-01       9.820e-01       9.649e-01       9.489e-01       
  4.00      8.887e-01       9.054e-01       8.612e-01       8.260e-01       8.846e-01       9.393e-01       9.645e-01       9.737e-01       9.653e-01       9.624e-01       9.428e-01       9.127e-01       
  4.50      8.478e-01       8.657e-01       7.974e-01       7.678e-01       8.420e-01       9.063e-01       9.473e-01       9.645e-01       9.471e-01       9.515e-01       9.282e-01       8.814e-01       
  5.00      7.951e-01       8.059e-01       7.035e-01       6.843e-01       7.709e-01       8.553e-01       9.198e-01       9.532e-01       9.214e-01       9.316e-01       9.081e-01       8.472e-01       
  5.50      7.494e-01       7.552e-01       6.259e-01       6.111e-01       6.965e-01       8.093e-01       8.961e-01       9.390e-01       9.022e-01       9.067e-01       8.855e-01       8.115e-01       
  6.00      7.031e-01       6.985e-01       5.348e-01       5.132e-01       6.087e-01       7.409e-01       8.567e-01       9.143e-01       8.766e-01       8.637e-01       8.443e-01       7.752e-01       
  6.50      6.393e-01       6.348e-01       4.600e-01       4.344e-01       5.384e-01       6.771e-01       8.237e-01       8.877e-01       8.487e-01       8.272e-01       7.987e-01       7.347e-01       
  7.00      5.787e-01       5.622e-01       3.755e-01       3.569e-01       4.613e-01       6.052e-01       7.792e-01       8.495e-01       8.076e-01       7.938e-01       7.565e-01       6.951e-01       
  7.50      5.068e-01       4.864e-01       3.039e-01       2.925e-01       3.881e-01       5.420e-01       7.371e-01       8.125e-01       7.660e-01       7.527e-01       7.022e-01       6.411e-01       
  8.00      4.552e-01       4.313e-01       2.476e-01       2.319e-01       3.277e-01       4.777e-01       6.878e-01       7.720e-01       7.272e-01       7.106e-01       6.501e-01       5.998e-01       
  8.50      3.949e-01       3.675e-01       1.978e-01       1.784e-01       2.670e-01       4.102e-01       6.368e-01       7.320e-01       6.843e-01       6.627e-01       5.913e-01       5.567e-01       
  9.00      3.371e-01       3.109e-01       1.551e-01       1.318e-01       2.157e-01       3.523e-01       5.751e-01       6.833e-01       6.327e-01       6.181e-01       5.371e-01       5.056e-01       
  9.50      2.903e-01       2.555e-01       1.201e-01       9.323e-02       1.677e-01       2.978e-01       5.191e-01       6.343e-01       5.745e-01       5.646e-01       4.804e-01       4.474e-01       
  10.00     2.553e-01       2.083e-01       8.911e-02       6.781e-02       1.318e-01       2.493e-01       4.652e-01       5.846e-01       5.218e-01       5.155e-01       4.305e-01       3.976e-01       
  10.50     2.226e-01       1.654e-01       6.089e-02       4.837e-02       1.004e-01       2.033e-01       4.076e-01       5.299e-01       4.718e-01       4.660e-01       3.819e-01       3.521e-01       
  11.00     1.922e-01       1.244e-01       3.964e-02       3.332e-02       7.524e-02       1.636e-01       3.535e-01       4.705e-01       4.225e-01       4.188e-01       3.330e-01       3.116e-01       
  11.50     1.628e-01       9.028e-02       2.563e-02       2.283e-02       5.496e-02       1.280e-01       3.047e-01       4.129e-01       3.755e-01       3.714e-01       2.877e-01       2.724e-01       
  12.00     1.330e-01       6.514e-02       1.657e-02       1.565e-02       3.899e-02       9.858e-02       2.578e-01       3.588e-01       3.344e-01       3.238e-01       2.467e-01       2.320e-01       
  12.50     1.063e-01       4.635e-02       1.072e-02       1.072e-02       2.750e-02       7.593e-02       2.118e-01       3.077e-01       2.976e-01       2.803e-01       2.084e-01       1.933e-01       
  13.00     8.342e-02       3.238e-02       6.935e-03       7.349e-03       1.939e-02       5.979e-02       1.689e-01       2.566e-01       2.594e-01       2.426e-01       1.748e-01       1.555e-01       
  13.50     6.444e-02       2.251e-02       4.494e-03       5.033e-03       1.367e-02       4.686e-02       1.308e-01       2.066e-01       2.209e-01       2.093e-01       1.468e-01       1.216e-01       
  14.00     4.955e-02       1.564e-02       2.933e-03       3.432e-03       9.639e-03       3.596e-02       9.958e-02       1.617e-01       1.873e-01       1.775e-01       1.235e-01       9.377e-02       
  14.50     3.809e-02       1.087e-02       1.944e-03       2.319e-03       6.798e-03       2.710e-02       7.673e-02       1.264e-01       1.596e-01       1.479e-01       1.028e-01       7.153e-02       
  15.00     2.928e-02       7.555e-03       1.306e-03       1.554e-03       4.791e-03       2.000e-02       6.019e-02       1.002e-01       1.359e-01       1.223e-01       8.276e-02       5.436e-02       
  15.50     2.251e-02       5.252e-03       8.824e-04       1.038e-03       3.366e-03       1.462e-02       4.672e-02       7.901e-02       1.137e-01       1.003e-01       6.442e-02       4.129e-02       
  16.00     1.731e-02       3.650e-03       5.967e-04       6.931e-04       2.351e-03       1.068e-02       3.508e-02       6.046e-02       9.270e-02       8.069e-02       4.949e-02       3.136e-02       
  16.50     1.331e-02       2.536e-03       4.036e-04       4.630e-04       1.632e-03       7.797e-03       2.528e-02       4.474e-02       7.427e-02       6.401e-02       3.793e-02       2.383e-02       
  17.00     1.023e-02       1.761e-03       2.731e-04       3.093e-04       1.131e-03       5.694e-03       1.756e-02       3.307e-02       5.888e-02       5.041e-02       2.908e-02       1.810e-02       
  17.50     7.831e-03       1.222e-03       1.848e-04       2.067e-04       7.830e-04       4.156e-03       1.198e-02       2.501e-02       4.602e-02       3.935e-02       2.229e-02       1.375e-02       
  18.00     5.939e-03       8.488e-04       1.250e-04       1.381e-04       5.422e-04       3.028e-03       8.128e-03       1.914e-02       3.534e-02       3.054e-02       1.709e-02       1.044e-02       
  18.50     4.434e-03       5.895e-04       8.465e-05       9.233e-05       3.756e-04       2.192e-03       5.513e-03       1.466e-02       2.676e-02       2.366e-02       1.310e-02       7.892e-03       
  19.00     3.260e-03       4.094e-04       5.731e-05       6.173e-05       2.602e-04       1.570e-03       3.740e-03       1.121e-02       2.014e-02       1.833e-02       1.004e-02       5.904e-03       
  19.50     2.376e-03       2.844e-04       3.881e-05       4.128e-05       1.802e-04       1.113e-03       2.537e-03       8.571e-03       1.513e-02       1.419e-02       7.686e-03       4.341e-03       
  20.00     1.727e-03       1.976e-04       2.628e-05       2.761e-05       1.249e-04       7.839e-04       1.719e-03       6.555e-03       1.136e-02       1.100e-02       5.854e-03       3.137e-03       
  20.50     1.254e-03       1.373e-04       1.780e-05       1.847e-05       8.656e-05       5.507e-04       1.163e-03       5.013e-03       8.536e-03       8.518e-03       4.405e-03       2.242e-03       
  21.00     9.110e-04       9.544e-05       1.206e-05       1.236e-05       6.000e-05       3.867e-04       7.849e-04       3.834e-03       6.413e-03       6.597e-03       3.253e-03       1.595e-03       
  21.50     6.618e-04       6.634e-05       8.175e-06       8.271e-06       4.160e-05       2.716e-04       5.292e-04       2.931e-03       4.820e-03       5.105e-03       2.355e-03       1.134e-03       
  22.00     4.809e-04       4.612e-05       5.541e-06       5.537e-06       2.884e-05       1.908e-04       3.565e-04       2.237e-03       3.625e-03       3.943e-03       1.681e-03       8.062e-04       
  22.50     3.494e-04       3.207e-05       3.756e-06       3.707e-06       2.000e-05       1.340e-04       2.402e-04       1.702e-03       2.732e-03       3.037e-03       1.193e-03       5.732e-04       
  23.00     2.540e-04       2.231e-05       2.547e-06       2.482e-06       1.387e-05       9.418e-05       1.619e-04       1.288e-03       2.064e-03       2.332e-03       8.445e-04       4.076e-04       
  23.50     1.846e-04       1.552e-05       1.727e-06       1.662e-06       9.625e-06       6.618e-05       1.091e-04       9.699e-04       1.564e-03       1.787e-03       5.978e-04       2.899e-04       
  24.00     1.342e-04       1.079e-05       1.171e-06       1.114e-06       6.678e-06       4.651e-05       7.356e-05       7.273e-04       1.188e-03       1.368e-03       4.233e-04       2.062e-04       
  24.50     9.756e-05       7.510e-06       7.947e-07       7.461e-07       4.634e-06       3.270e-05       4.960e-05       5.442e-04       9.033e-04       1.047e-03       2.997e-04       1.467e-04       
  25.00     7.094e-05       5.226e-06       5.392e-07       5.000e-07       3.217e-06       2.299e-05       3.345e-05       4.070e-04       6.871e-04       8.011e-04       2.123e-04       1.044e-04       
  25.50     5.158e-05       3.638e-06       3.659e-07       3.351e-07       2.233e-06       1.616e-05       2.256e-05       3.043e-04       5.228e-04       6.131e-04       1.503e-04       7.429e-05       
  26.00     3.752e-05       2.532e-06       2.484e-07       2.247e-07       1.550e-06       1.137e-05       1.522e-05       2.275e-04       3.978e-04       4.693e-04       1.065e-04       5.287e-05       
  26.50     2.729e-05       1.763e-06       1.686e-07       1.507e-07       1.076e-06       7.995e-06       1.027e-05       1.702e-04       3.027e-04       3.592e-04       7.545e-05       3.764e-05       
  27.00     1.985e-05       1.228e-06       1.145e-07       1.010e-07       7.476e-07       5.624e-06       6.931e-06       1.273e-04       2.304e-04       2.750e-04       5.347e-05       2.679e-05       
  27.50     1.444e-05       8.550e-07       7.775e-08       6.777e-08       5.193e-07       3.957e-06       4.678e-06       9.520e-05       1.754e-04       2.105e-04       3.789e-05       1.908e-05       
  28.00     1.051e-05       5.955e-07       5.281e-08       4.547e-08       3.608e-07       2.784e-06       3.158e-06       7.122e-05       1.335e-04       1.612e-04       2.686e-05       1.359e-05       
  28.50     7.649e-06       4.149e-07       3.588e-08       3.051e-08       2.507e-07       1.960e-06       2.133e-06       5.328e-05       1.016e-04       1.234e-04       1.904e-05       9.676e-06       
  29.00     5.567e-06       2.891e-07       2.438e-08       2.048e-08       1.742e-07       1.379e-06       1.440e-06       3.986e-05       7.737e-05       9.452e-05       1.350e-05       6.892e-06       
  29.50     4.052e-06       2.014e-07       1.657e-08       1.375e-08       1.211e-07       9.710e-07       9.729e-07       2.983e-05       5.891e-05       7.239e-05       9.571e-06       4.910e-06       
  30.00     2.950e-06       1.404e-07       1.126e-08       9.228e-09       8.417e-08       6.837e-07       6.573e-07       2.232e-05       4.486e-05       5.544e-05       6.788e-06       3.498e-06       
  30.50     2.148e-06       9.788e-08       7.655e-09       6.197e-09       5.852e-08       4.814e-07       4.441e-07       1.671e-05       3.416e-05       4.247e-05       4.815e-06       2.493e-06       
  31.00     1.564e-06       6.824e-08       5.205e-09       4.162e-09       4.069e-08       3.391e-07       3.002e-07       1.251e-05       2.602e-05       3.253e-05       3.415e-06       1.777e-06       
  31.50     1.139e-06       4.758e-08       3.540e-09       2.796e-09       2.830e-08       2.388e-07       2.029e-07       9.362e-06       1.982e-05       2.492e-05       2.423e-06       1.266e-06       
  32.00     8.296e-07       3.318e-08       2.408e-09       1.879e-09       1.969e-08       1.683e-07       1.372e-07       7.009e-06       1.510e-05       1.910e-05       1.719e-06       9.028e-07       
  32.50     6.043e-07       2.315e-08       1.638e-09       1.262e-09       1.369e-08       1.185e-07       9.276e-08       5.248e-06       1.150e-05       1.463e-05       1.220e-06       6.437e-07       
  33.00     4.403e-07       1.615e-08       1.114e-09       8.485e-10       9.529e-09       8.354e-08       6.274e-08       3.930e-06       8.763e-06       1.121e-05       8.661e-07       4.590e-07       
  33.50     3.208e-07       1.127e-08       7.584e-10       5.704e-10       6.631e-09       5.888e-08       4.244e-08       2.943e-06       6.677e-06       8.593e-06       6.148e-07       3.274e-07       
  34.00     2.337e-07       7.862e-09       5.162e-10       3.835e-10       4.615e-09       4.150e-08       2.871e-08       2.204e-06       5.088e-06       6.586e-06       4.365e-07       2.335e-07       
  34.50     1.703e-07       5.487e-09       3.514e-10       2.579e-10       3.213e-09       2.926e-08       1.943e-08       1.651e-06       3.878e-06       5.049e-06       3.100e-07       1.666e-07       
  35.00     1.242e-07       3.830e-09       2.393e-10       1.735e-10       2.237e-09       2.063e-08       1.315e-08       1.237e-06       2.955e-06       3.870e-06       2.201e-07       1.188e-07       
  35.50     9.051e-08       2.674e-09       1.629e-10       1.167e-10       1.558e-09       1.455e-08       8.901e-09       9.267e-07       2.253e-06       2.967e-06       1.563e-07       8.480e-08       
  36.00     6.598e-08       1.867e-09       1.110e-10       7.853e-11       1.085e-09       1.026e-08       6.026e-09       6.943e-07       1.717e-06       2.275e-06       1.111e-07       6.052e-08       
  36.50     4.811e-08       1.304e-09       7.560e-11       5.285e-11       7.555e-10       7.238e-09       4.081e-09       5.203e-07       1.309e-06       1.744e-06       7.891e-08       4.319e-08       
  37.00     3.508e-08       9.107e-10       5.151e-11       3.557e-11       5.263e-10       5.106e-09       2.764e-09       3.899e-07       9.981e-07       1.337e-06       5.607e-08       3.083e-08       
  37.50     2.558e-08       6.362e-10       3.510e-11       2.395e-11       3.667e-10       3.603e-09       1.872e-09       2.922e-07       7.610e-07       1.026e-06       3.984e-08       2.201e-08       
  38.00     1.866e-08       4.445e-10       2.392e-11       1.612e-11       2.555e-10       2.542e-09       1.268e-09       2.190e-07       5.803e-07       7.867e-07       2.832e-08       1.572e-08       
  38.50     1.361e-08       3.106e-10       1.631e-11       1.086e-11       1.781e-10       1.794e-09       8.595e-10       1.642e-07       4.426e-07       6.034e-07       2.013e-08       1.122e-08       
  39.00     9.931e-09       2.170e-10       1.112e-11       7.315e-12       1.241e-10       1.267e-09       5.825e-10       1.231e-07       3.375e-07       4.629e-07       1.431e-08       8.016e-09       
  39.50     7.246e-09       1.517e-10       7.582e-12       4.928e-12       8.655e-11       8.942e-10       3.948e-10       9.230e-08       2.575e-07       3.551e-07       1.018e-08       5.726e-09       
  40.00     5.287e-09       1.061e-10       5.171e-12       3.320e-12       6.035e-11       6.314e-10       2.677e-10       6.921e-08       1.964e-07       2.724e-07       7.236e-09       4.091e-09       
  40.50     3.859e-09       7.415e-11       3.527e-12       2.238e-12       4.208e-11       4.459e-10       1.815e-10       5.190e-08       1.498e-07       2.090e-07       5.146e-09       2.923e-09       
  41.00     2.816e-09       5.185e-11       2.407e-12       1.508e-12       2.935e-11       3.149e-10       1.231e-10       3.893e-08       1.143e-07       1.604e-07       3.661e-09       2.089e-09       
  41.50     2.056e-09       3.626e-11       1.642e-12       1.017e-12       2.048e-11       2.224e-10       8.350e-11       2.920e-08       8.722e-08       1.231e-07       2.604e-09       1.493e-09       
  42.00     1.501e-09       2.536e-11       1.121e-12       6.856e-13       1.429e-11       1.571e-10       5.665e-11       2.190e-08       6.656e-08       9.446e-08       1.853e-09       1.067e-09       