* De conditionele overschrijdingskans van de windsnelheid gegeven de windrichting
* voor een 12-uursperiode te Hoek van Holland. 
*
* De getallen zijn afkomstig uit het spreadsheet Afleiding_windsnelheidstatistiek.xls,               
* tabblad OvKans_Windsnelheid.
* Speadsheet gemaakt door Matthijs Duits van HKV lijn in water op 1 mei 2013
*
* De parameters voor de Weibullverdelingen (geldig voor een winterhalfjaar), die de basis vormen van 
* onderstaande conditionele overschrijdingskansen, zijn ontleend aan:
* Hydra-K, versie 3.6.5. Bestand: w-hvh.e30
*
* Onderstaand is u de windsnelheid en r de windrichting
*
*u \ r  30            60            90            120           150           180           210           240           270           300           330           360
0       1.000E+00     1.000E+00     1.000E+00     1.000E+00     1.000E+00     1.000E+00     1.000E+00     1.000E+00     1.000E+00     1.000E+00     1.000E+00     1.000E+00
1       9.754E-01     9.622E-01     9.583E-01     9.861E-01     9.660E-01     9.674E-01     9.658E-01     9.664E-01     9.699E-01     9.608E-01     9.668E-01     9.581E-01
2       9.140E-01     9.013E-01     8.934E-01     9.405E-01     9.118E-01     9.216E-01     9.225E-01     9.201E-01     9.217E-01     9.063E-01     9.107E-01     8.833E-01
3       8.199E-01     8.168E-01     8.045E-01     8.608E-01     8.346E-01     8.598E-01     8.681E-01     8.613E-01     8.585E-01     8.386E-01     8.348E-01     7.839E-01
4       7.025E-01     7.131E-01     6.966E-01     7.519E-01     7.366E-01     7.822E-01     8.030E-01     7.917E-01     7.838E-01     7.608E-01     7.443E-01     6.696E-01
5       5.742E-01     5.977E-01     5.778E-01     6.243E-01     6.243E-01     6.915E-01     7.285E-01     7.141E-01     7.014E-01     6.765E-01     6.452E-01     5.508E-01
6       4.472E-01     4.798E-01     4.577E-01     4.911E-01     5.060E-01     5.923E-01     6.470E-01     6.313E-01     6.154E-01     5.894E-01     5.436E-01     4.362E-01
7       3.314E-01     3.680E-01     3.453E-01     3.649E-01     3.910E-01     4.903E-01     5.617E-01     5.469E-01     5.294E-01     5.030E-01     4.449E-01     3.325E-01
8       2.336E-01     2.690E-01     2.475E-01     2.554E-01     2.872E-01     3.912E-01     4.760E-01     4.638E-01     4.465E-01     4.204E-01     3.538E-01     2.441E-01
9       1.565E-01     1.871E-01     1.681E-01     1.680E-01     1.999E-01     3.002E-01     3.931E-01     3.849E-01     3.692E-01     3.440E-01     2.732E-01     1.726E-01
10      9.955E-02     1.236E-01     1.080E-01     1.036E-01     1.315E-01     2.210E-01     3.161E-01     3.124E-01     2.994E-01     2.755E-01     2.048E-01     1.174E-01
11      6.010E-02     7.742E-02     6.554E-02     5.984E-02     8.155E-02     1.559E-01     2.471E-01     2.479E-01     2.380E-01     2.159E-01     1.491E-01     7.695E-02
12      3.442E-02     4.590E-02     3.746E-02     3.228E-02     4.758E-02     1.050E-01     1.875E-01     1.922E-01     1.855E-01     1.655E-01     1.053E-01     4.855E-02
13      1.869E-02     2.572E-02     2.014E-02     1.624E-02     2.606E-02     6.754E-02     1.380E-01     1.455E-01     1.418E-01     1.241E-01     7.222E-02     2.949E-02
14      9.615E-03     1.360E-02     1.016E-02     7.604E-03     1.336E-02     4.135E-02     9.841E-02     1.076E-01     1.063E-01     9.092E-02     4.804E-02     1.724E-02
15      4.686E-03     6.781E-03     4.805E-03     3.310E-03     6.405E-03     2.406E-02     6.790E-02     7.760E-02     7.807E-02     6.510E-02     3.100E-02     9.708E-03
16      2.162E-03     3.181E-03     2.125E-03     1.341E-03     2.863E-03     1.329E-02     4.527E-02     5.459E-02     5.624E-02     4.553E-02     1.940E-02     5.261E-03
17      9.524E-04     1.483E-03     9.435E-04     5.038E-04     1.253E-03     6.949E-03     2.913E-02     3.743E-02     3.972E-02     3.108E-02     1.178E-02     2.744E-03
18      3.970E-04     6.514E-04     3.926E-04     1.752E-04     5.106E-04     3.437E-03     1.807E-02     2.501E-02     2.751E-02     2.070E-02     6.933E-03     1.433E-03
19      1.565E-04     2.691E-04     1.529E-04     5.631E-05     1.935E-04     1.604E-03     1.079E-02     1.627E-02     1.867E-02     1.345E-02     3.956E-03     7.214E-04
20      5.833E-05     1.044E-04     5.566E-05     1.671E-05     6.809E-05     7.526E-04     6.192E-03     1.030E-02     1.243E-02     8.505E-03     2.271E-03     3.501E-04
21      2.055E-05     3.807E-05     1.893E-05     4.574E-06     2.221E-05     3.336E-04     3.410E-03     6.340E-03     8.108E-03     5.234E-03     1.265E-03     1.638E-04
22      6.842E-06     1.301E-05     6.003E-06     1.153E-06     6.708E-06     1.395E-04     1.798E-03     3.792E-03     5.185E-03     3.130E-03     6.839E-04     7.385E-05
23      2.152E-06     4.170E-06     1.775E-06     2.676E-07     1.873E-06     5.496E-05     1.005E-03     2.202E-03     3.250E-03     2.018E-03     3.588E-04     3.210E-05
24      6.391E-07     1.251E-06     4.885E-07     5.707E-08     4.825E-07     2.038E-05     5.418E-04     1.348E-03     1.996E-03     1.275E-03     1.826E-04     1.345E-05
25      1.792E-07     3.513E-07     1.251E-07     1.118E-08     1.146E-07     7.107E-06     2.814E-04     8.047E-04     1.250E-03     7.888E-04     9.019E-05     5.435E-06
26      4.744E-08     9.222E-08     2.975E-08     2.007E-09     2.505E-08     2.327E-06     1.408E-04     4.688E-04     7.683E-04     4.782E-04     4.322E-05     2.117E-06
27      1.185E-08     2.262E-08     6.573E-09     3.304E-10     5.034E-09     7.145E-07     6.776E-05     2.664E-04     4.634E-04     2.840E-04     2.009E-05     7.948E-07
28      2.793E-09     5.177E-09     1.347E-09     4.978E-11     9.290E-10     2.056E-07     3.137E-05     1.476E-04     2.744E-04     1.652E-04     9.059E-06     2.877E-07
29      6.208E-10     1.106E-09     2.559E-10     6.861E-12     1.572E-10     5.535E-08     1.396E-05     7.979E-05     1.594E-04     9.411E-05     3.963E-06     1.004E-07
30      1.301E-10     2.201E-10     4.501E-11     8.640E-13     2.436E-11     1.393E-08     5.970E-06     4.204E-05     9.092E-05     5.252E-05     1.681E-06     3.378E-08
31      2.572E-11     4.082E-11     7.327E-12     9.934E-14     3.454E-12     3.276E-09     2.451E-06     2.160E-05     5.090E-05     2.871E-05     6.919E-07     1.096E-08
32      4.790E-12     7.046E-12     1.103E-12     1.042E-14     4.474E-13     7.188E-10     9.659E-07     1.081E-05     2.797E-05     1.537E-05     2.762E-07     3.427E-09
33      8.409E-13     1.132E-12     1.534E-13     9.959E-16     5.289E-14     1.470E-10     3.651E-07     5.275E-06     1.508E-05     8.057E-06     1.069E-07     1.033E-09
34      1.391E-13     1.689E-13     1.969E-14     8.669E-17     5.700E-15     2.799E-11     1.323E-07     2.508E-06     7.984E-06     4.137E-06     4.013E-08     3.004E-10
35      2.167E-14     2.343E-14     2.332E-15     6.867E-18     5.594E-16     4.958E-12     4.594E-08     1.162E-06     4.149E-06     2.080E-06     1.461E-08     8.419E-11
36      3.181E-15     3.018E-15     2.546E-16     4.945E-19     4.993E-17     8.162E-13     1.528E-08     5.243E-07     2.116E-06     1.024E-06     5.156E-09     2.275E-11
37      4.396E-16     3.607E-16     2.561E-17     3.235E-20     4.050E-18     1.248E-13     4.864E-09     2.305E-07     1.059E-06     4.939E-07     1.765E-09     5.928E-12
38      5.719E-17     3.998E-17     2.371E-18     1.921E-21     2.982E-19     1.769E-14     1.481E-09     9.866E-08     5.206E-07     2.332E-07     5.857E-10     1.489E-12
39      7.005E-18     4.107E-18     2.019E-19     1.035E-22     1.990E-20     2.326E-15     4.316E-10     4.113E-08     2.512E-07     1.078E-07     1.885E-10     3.608E-13
40      8.075E-19     3.909E-19     1.581E-20     5.054E-24     1.203E-21     2.831E-16     1.202E-10     1.670E-08     1.189E-07     4.881E-08     5.879E-11     8.427E-14
41      8.760E-20     3.444E-20     1.137E-21     2.235E-25     6.585E-23     3.188E-17     3.198E-11     6.599E-09     5.528E-08     2.164E-08     1.778E-11     1.898E-14
42      8.941E-21     2.807E-21     7.512E-23     8.948E-27     3.257E-24     3.318E-18     8.126E-12     2.539E-09     2.523E-08     9.391E-09     5.214E-12     4.121E-15
43      8.584E-22     2.116E-22     4.552E-24     3.240E-28     1.455E-25     3.190E-19     1.971E-12     9.508E-10     1.130E-08     3.991E-09     1.482E-12     8.628E-16
44      7.752E-23     1.475E-23     2.529E-25     1.060E-29     5.863E-27     2.830E-20     4.563E-13     3.465E-10     4.968E-09     1.660E-09     4.084E-13     1.742E-16
45      6.583E-24     9.493E-25     1.288E-26     3.135E-31     2.130E-28     2.315E-21     1.007E-13     1.229E-10     2.145E-09     6.763E-10     1.091E-13     3.391E-17
46      5.256E-25     5.642E-26     6.003E-28     8.366E-33     6.969E-30     1.745E-22     2.120E-14     4.243E-11     9.088E-10     2.697E-10     2.824E-14     6.365E-18
47      3.946E-26     3.095E-27     2.562E-29     2.014E-34     2.051E-31     1.211E-23     4.254E-15     1.425E-11     3.780E-10     1.053E-10     7.087E-15     1.152E-18
48      2.785E-27     1.566E-28     1.000E-30     4.370E-36     5.427E-33     7.725E-25     8.128E-16     4.655E-12     1.544E-10     4.024E-11     1.724E-15     2.011E-19
49      1.847E-28     7.303E-30     3.569E-32     8.544E-38     1.289E-34     4.531E-26     1.479E-16     1.479E-12     6.188E-11     1.506E-11     4.063E-16     3.384E-20
50      1.151E-29     3.139E-31     1.163E-33     1.504E-39     2.749E-36     2.440E-27     2.561E-17     4.573E-13     2.435E-11     5.514E-12     9.284E-17     5.492E-21
51      6.740E-31     1.243E-32     3.464E-35     2.382E-41     5.255E-38     1.206E-28     4.220E-18     1.375E-13     9.409E-12     1.977E-12     2.056E-17     8.595E-22
52      3.708E-32     4.529E-34     9.410E-37     3.393E-43     8.996E-40     5.466E-30     6.612E-19     4.020E-14     3.569E-12     6.939E-13     4.412E-18     1.297E-22
53      1.916E-33     1.519E-35     2.332E-38     4.343E-45     1.378E-41     2.269E-31     9.851E-20     1.143E-14     1.329E-12     2.384E-13     9.175E-19     1.887E-23
54      9.301E-35     4.685E-37     5.268E-40     4.993E-47     1.888E-43     8.627E-33     1.395E-20     3.160E-15     4.858E-13     8.018E-14     1.849E-19     2.649E-24
55      4.239E-36     1.328E-38     1.084E-41     5.153E-49     2.311E-45     3.000E-34     1.876E-21     8.493E-16     1.743E-13     2.639E-14     3.611E-20     3.584E-25