*
* Overschrijdingskansen potentiele windsnelheid Schiphol. Zonder statistische onzekerheid.
* WTI2017: 12-uursmaxima, gegeven windrichting
*
* Door: K.A. Wojciechowska van HKV lijn in water
* Project: PR3280.10
*
* u         NNO             NO              ONO             O               OZO             ZO              ZZO             Z               ZZW             ZW              WZW             W               WNW             NW              NNW             N
  0.00      1.000e+000      1.000e+000      1.000e+000      1.000e+000      1.000e+000      1.000e+000      1.000e+000      1.000e+000      1.000e+000      1.000e+000      1.000e+000      1.000e+000      1.000e+000      1.000e+000      1.000e+000      1.000e+000 
  2.00      9.751e-001      9.924e-001      9.977e-001      9.960e-001      9.922e-001      9.918e-001      9.989e-001      9.962e-001      9.971e-001      9.969e-001      9.979e-001      9.991e-001      9.958e-001      9.947e-001      9.962e-001      9.886e-001 
  2.50      9.448e-001      9.753e-001      9.722e-001      9.640e-001      9.674e-001      9.687e-001      9.810e-001      9.816e-001      9.886e-001      9.838e-001      9.916e-001      9.897e-001      9.842e-001      9.627e-001      9.638e-001      9.336e-001 
  3.00      9.171e-001      9.525e-001      9.618e-001      9.332e-001      9.286e-001      9.347e-001      9.515e-001      9.647e-001      9.772e-001      9.719e-001      9.888e-001      9.794e-001      9.663e-001      9.449e-001      9.429e-001      8.924e-001 
  3.50      8.536e-001      8.840e-001      9.109e-001      8.478e-001      8.370e-001      8.531e-001      8.892e-001      9.117e-001      9.521e-001      9.470e-001      9.656e-001      9.616e-001      9.284e-001      8.845e-001      8.800e-001      7.712e-001 
  4.00      7.956e-001      8.403e-001      8.762e-001      7.944e-001      7.702e-001      7.932e-001      8.217e-001      8.748e-001      9.276e-001      9.295e-001      9.494e-001      9.486e-001      9.003e-001      8.597e-001      8.400e-001      7.048e-001 
  4.50      7.017e-001      7.624e-001      7.870e-001      6.662e-001      6.366e-001      6.626e-001      7.131e-001      8.041e-001      8.865e-001      8.952e-001      9.143e-001      9.083e-001      8.413e-001      7.904e-001      7.657e-001      5.858e-001 
  5.00      6.492e-001      7.186e-001      7.407e-001      6.155e-001      5.559e-001      5.891e-001      6.614e-001      7.450e-001      8.391e-001      8.740e-001      8.932e-001      8.821e-001      8.104e-001      7.655e-001      7.238e-001      5.332e-001 
  5.50      4.917e-001      6.369e-001      6.273e-001      5.154e-001      4.348e-001      4.912e-001      5.728e-001      6.682e-001      7.747e-001      8.284e-001      8.496e-001      8.321e-001      7.584e-001      6.927e-001      6.743e-001      4.645e-001 
  6.00      4.448e-001      5.817e-001      5.741e-001      4.593e-001      3.820e-001      4.150e-001      4.916e-001      5.975e-001      7.056e-001      7.923e-001      8.194e-001      8.082e-001      7.317e-001      6.536e-001      6.057e-001      4.050e-001 
  6.50      3.619e-001      4.810e-001      4.826e-001      3.498e-001      2.547e-001      3.143e-001      3.998e-001      4.969e-001      6.515e-001      7.349e-001      7.667e-001      7.596e-001      6.798e-001      5.897e-001      5.467e-001      3.364e-001 
  7.00      2.983e-001      4.278e-001      4.387e-001      3.084e-001      1.910e-001      2.354e-001      3.386e-001      4.301e-001      5.744e-001      6.737e-001      7.309e-001      7.315e-001      6.306e-001      5.258e-001      4.590e-001      2.792e-001 
  7.50      2.459e-001      3.460e-001      3.391e-001      2.243e-001      1.165e-001      1.497e-001      2.595e-001      3.495e-001      5.214e-001      6.120e-001      6.803e-001      6.717e-001      5.674e-001      4.671e-001      4.114e-001      2.197e-001 
  8.00      2.210e-001      2.871e-001      3.044e-001      1.548e-001      8.216e-002      1.129e-001      1.983e-001      2.972e-001      4.467e-001      5.683e-001      6.444e-001      6.155e-001      5.197e-001      3.996e-001      3.390e-001      1.670e-001 
  8.50      1.713e-001      2.186e-001      2.338e-001      1.068e-001      5.796e-002      7.893e-002      1.466e-001      2.366e-001      3.953e-001      5.228e-001      5.741e-001      5.529e-001      4.480e-001      3.304e-001      2.886e-001      1.304e-001 
  9.00      1.331e-001      1.863e-001      2.072e-001      7.374e-002      4.089e-002      5.517e-002      1.086e-001      1.935e-001      3.297e-001      4.835e-001      5.355e-001      5.070e-001      4.031e-001      2.682e-001      2.343e-001      1.073e-001 
  9.50      1.034e-001      1.293e-001      1.377e-001      5.027e-002      2.791e-002      3.856e-002      8.228e-002      1.498e-001      2.886e-001      4.317e-001      4.722e-001      4.462e-001      3.343e-001      2.274e-001      2.019e-001      8.835e-002 
 10.00      8.030e-002      9.415e-002      8.955e-002      3.422e-002      1.905e-002      2.695e-002      5.836e-002      1.183e-001      2.316e-001      3.905e-001      4.252e-001      4.153e-001      3.034e-001      1.812e-001      1.619e-001      7.271e-002 
 10.50      6.238e-002      6.857e-002      5.823e-002      2.329e-002      1.300e-002      1.884e-002      4.140e-002      9.677e-002      1.951e-001      3.419e-001      3.640e-001      3.714e-001      2.570e-001      1.456e-001      1.352e-001      5.984e-002 
 11.00      4.846e-002      4.994e-002      3.786e-002      1.586e-002      8.876e-003      1.317e-002      2.937e-002      6.836e-002      1.500e-001      3.069e-001      3.268e-001      3.312e-001      2.303e-001      1.332e-001      1.079e-001      4.925e-002 
 11.50      3.765e-002      3.637e-002      2.614e-002      1.079e-002      5.775e-003      9.203e-003      2.083e-002      5.069e-002      1.272e-001      2.664e-001      2.832e-001      2.862e-001      1.910e-001      1.094e-001      8.605e-002      4.053e-002 
 12.00      2.925e-002      2.649e-002      1.817e-002      7.347e-003      3.742e-003      6.432e-003      1.478e-002      3.686e-002      9.968e-002      2.333e-001      2.474e-001      2.479e-001      1.559e-001      8.990e-002      6.864e-002      3.336e-002 
 12.50      2.150e-002      1.869e-002      1.263e-002      5.001e-003      2.428e-003      4.290e-003      1.016e-002      2.633e-002      7.811e-002      1.909e-001      2.024e-001      2.142e-001      1.152e-001      7.386e-002      5.475e-002      2.745e-002 
 13.00      1.581e-002      1.319e-002      8.783e-003      3.404e-003      1.578e-003      2.861e-003      6.989e-003      1.881e-002      5.986e-002      1.678e-001      1.715e-001      1.749e-001      9.410e-002      6.067e-002      4.368e-002      2.260e-002 
 13.50      1.162e-002      9.056e-003      6.106e-003      2.317e-003      1.027e-003      1.817e-003      4.807e-003      1.343e-002      4.578e-002      1.254e-001      1.300e-001      1.375e-001      7.669e-002      4.984e-002      3.484e-002      1.778e-002 
 14.00      8.541e-003      6.202e-003      4.245e-003      1.577e-003      6.696e-004      1.148e-003      3.306e-003      9.596e-003      3.502e-002      1.098e-001      1.131e-001      1.009e-001      6.250e-002      4.095e-002      2.779e-002      1.399e-002 
 14.50      5.971e-003      4.250e-003      2.951e-003      1.074e-003      4.371e-004      7.248e-004      2.273e-003      6.713e-003      2.679e-002      8.734e-002      8.573e-002      7.405e-002      5.093e-002      3.364e-002      2.217e-002      1.101e-002 
 15.00      4.163e-003      2.913e-003      2.052e-003      7.309e-004      2.858e-004      4.578e-004      1.563e-003      4.685e-003      2.051e-002      6.780e-002      6.746e-002      5.434e-002      4.151e-002      2.764e-002      1.768e-002      8.665e-003 
 15.50      2.911e-003      1.998e-003      1.427e-003      4.976e-004      1.872e-004      2.892e-004      1.060e-003      3.269e-003      1.570e-002      5.264e-002      4.919e-002      3.987e-002      3.383e-002      2.270e-002      1.385e-002      6.492e-003 
 16.00      2.042e-003      1.371e-003      9.919e-004      3.387e-004      1.228e-004      1.827e-004      7.195e-004      2.282e-003      1.202e-002      3.997e-002      4.006e-002      3.114e-002      2.757e-002      1.865e-002      1.084e-002      4.838e-003 
 16.50      1.437e-003      9.408e-004      6.896e-004      2.306e-004      8.063e-005      1.154e-004      4.892e-004      1.592e-003      9.208e-003      3.028e-002      3.192e-002      2.448e-002      2.247e-002      1.499e-002      8.489e-003      3.605e-003 
 17.00      1.015e-003      6.460e-004      4.795e-004      1.569e-004      5.304e-005      7.288e-005      3.332e-004      1.111e-003      7.054e-003      2.294e-002      2.543e-002      1.925e-002      1.812e-002      1.205e-002      6.647e-003      2.687e-003 
 17.50      7.185e-004      4.438e-004      3.334e-004      1.068e-004      3.495e-005      4.604e-005      2.273e-004      7.755e-004      5.405e-003      1.738e-002      2.026e-002      1.514e-002      1.462e-002      9.684e-003      5.105e-003      2.002e-003 
 18.00      5.104e-004      3.050e-004      2.318e-004      7.272e-005      2.306e-005      2.908e-005      1.554e-004      5.412e-004      4.142e-003      1.316e-002      1.615e-002      1.190e-002      1.140e-002      7.783e-003      3.912e-003      1.492e-003 
 18.50      3.637e-004      2.097e-004      1.612e-004      4.950e-005      1.524e-005      1.837e-005      1.064e-004      3.777e-004      3.174e-003      9.973e-003      1.287e-002      9.360e-003      8.860e-003      6.256e-003      2.998e-003      1.112e-003 
 19.00      2.599e-004      1.442e-004      1.121e-004      3.370e-005      1.008e-005      1.160e-005      7.292e-005      2.636e-004      2.433e-003      7.556e-003      1.025e-002      7.360e-003      6.885e-003      5.028e-003      2.298e-003      8.284e-004 
 19.50      1.863e-004      9.921e-005      7.796e-005      2.294e-005      6.681e-006      7.329e-006      5.006e-005      1.839e-004      1.865e-003      5.725e-003      8.169e-003      5.788e-003      5.351e-003      3.899e-003      1.761e-003      6.173e-004 
 20.00      1.339e-004      6.828e-005      5.421e-005      1.561e-005      4.433e-006      4.630e-006      3.441e-005      1.284e-004      1.430e-003      4.338e-003      6.509e-003      4.551e-003      4.159e-003      3.011e-003      1.350e-003      4.600e-004 
 20.50      9.652e-005      4.702e-005      3.770e-005      1.063e-005      2.946e-006      2.924e-006      2.368e-005      8.959e-005      1.097e-003      3.287e-003      5.043e-003      3.579e-003      3.232e-003      2.326e-003      1.035e-003      3.428e-004 
 21.00      6.974e-005      3.238e-005      2.622e-005      7.235e-006      1.960e-006      1.847e-006      1.632e-005      6.252e-005      8.409e-004      2.491e-003      3.907e-003      2.814e-003      2.513e-003      1.796e-003      7.930e-004      2.555e-004 
 21.50      5.052e-005      2.231e-005      1.823e-005      4.925e-006      1.305e-006      1.167e-006      1.126e-005      4.363e-005      6.449e-004      1.888e-003      3.027e-003      2.213e-003      1.953e-003      1.387e-003      6.079e-004      1.904e-004 
 22.00      3.668e-005      1.538e-005      1.268e-005      3.353e-006      8.706e-007      7.371e-007      7.772e-006      3.045e-005      4.946e-004      1.431e-003      2.299e-003      1.740e-003      1.518e-003      1.071e-003      4.660e-004      1.419e-004 
 22.50      2.669e-005      1.060e-005      8.819e-006      2.282e-006      5.813e-007      4.656e-007      5.371e-006      2.125e-005      3.794e-004      1.084e-003      1.743e-003      1.368e-003      1.180e-003      8.275e-004      3.572e-004      1.057e-004 
 23.00      1.946e-005      7.314e-006      6.134e-006      1.553e-006      3.886e-007      2.941e-007      3.715e-006      1.483e-005      2.910e-004      8.219e-004      1.322e-003      1.076e-003      9.176e-004      6.391e-004      2.739e-004      7.877e-005 
 23.50      1.421e-005      5.046e-006      4.266e-006      1.057e-006      2.600e-007      1.858e-007      2.572e-006      1.035e-005      2.232e-004      6.230e-004      1.002e-003      8.459e-004      7.135e-004      4.937e-004      2.100e-004      5.870e-005 
 24.00      1.040e-005      3.482e-006      2.967e-006      7.198e-007      1.742e-007      1.173e-007      1.781e-006      7.223e-006      1.713e-004      4.722e-004      7.600e-004      6.652e-004      5.547e-004      3.813e-004      1.610e-004      4.374e-005 
 24.50      7.624e-006      2.404e-006      2.064e-006      4.900e-007      1.168e-007      7.413e-008      1.235e-006      5.041e-006      1.314e-004      3.580e-004      5.765e-004      5.230e-004      4.313e-004      2.945e-004      1.234e-004      3.260e-005 
 25.00      5.597e-006      1.660e-006      1.435e-006      3.335e-007      7.838e-008      4.682e-008      8.564e-007      3.518e-006      1.008e-004      2.714e-004      4.374e-004      4.113e-004      3.354e-004      2.275e-004      9.463e-005      2.429e-005 
 25.50      4.115e-006      1.147e-006      9.983e-007      2.271e-007      5.265e-008      2.958e-008      5.943e-007      2.455e-006      7.734e-005      2.057e-004      3.319e-004      3.234e-004      2.608e-004      1.757e-004      7.256e-005      1.810e-005 
 26.00      3.029e-006      7.924e-007      6.944e-007      1.546e-007      3.540e-008      1.868e-008      4.126e-007      1.713e-006      5.934e-005      1.560e-004      2.519e-004      2.543e-004      2.029e-004      1.357e-004      5.563e-005      1.349e-005 
 26.50      2.232e-006      5.476e-007      4.830e-007      1.052e-007      2.382e-008      1.180e-008      2.866e-007      1.196e-006      4.553e-005      1.183e-004      1.912e-004      2.000e-004      1.578e-004      1.048e-004      4.266e-005      1.005e-005 
 27.00      1.647e-006      3.786e-007      3.360e-007      7.162e-008      1.604e-008      7.455e-009      1.992e-007      8.344e-007      3.494e-005      8.968e-005      1.451e-004      1.572e-004      1.227e-004      8.098e-005      3.271e-005      7.491e-006 
 27.50      1.216e-006      2.618e-007      2.337e-007      4.875e-008      1.081e-008      4.710e-009      1.385e-007      5.823e-007      2.681e-005      6.800e-005      1.102e-004      1.236e-004      9.545e-005      6.255e-005      2.509e-005      5.582e-006 
 28.00      8.988e-007      1.811e-007      1.626e-007      3.319e-008      7.286e-009      2.975e-009      9.628e-008      4.064e-007      2.057e-005      5.157e-005      8.370e-005      9.722e-005      7.425e-005      4.832e-005      1.924e-005      4.160e-006 
 28.50      6.649e-007      1.253e-007      1.131e-007      2.259e-008      4.916e-009      1.879e-009      6.698e-008      2.836e-007      1.579e-005      3.911e-005      6.358e-005      7.644e-005      5.776e-005      3.733e-005      1.475e-005      3.100e-006 
 29.00      4.922e-007      8.667e-008      7.866e-008      1.538e-008      3.319e-009      1.187e-009      4.661e-008      1.979e-007      1.212e-005      2.966e-005      4.831e-005      6.011e-005      4.494e-005      2.883e-005      1.131e-005      2.310e-006 
 29.50      3.646e-007      5.999e-008      5.472e-008      1.047e-008      2.242e-009      7.499e-010      3.244e-008      1.381e-007      9.298e-006      2.249e-005      3.672e-005      4.727e-005      3.496e-005      2.227e-005      8.677e-006      1.721e-006 
 30.00      2.703e-007      4.153e-008      3.806e-008      7.125e-009      1.515e-009      4.737e-010      2.259e-008      9.639e-008      7.135e-006      1.706e-005      2.791e-005      3.717e-005      2.720e-005      1.721e-005      6.654e-006      1.283e-006 
 30.50      2.004e-007      2.875e-008      2.648e-008      4.850e-009      1.024e-009      2.992e-010      1.573e-008      6.727e-008      5.476e-006      1.294e-005      2.122e-005      2.922e-005      2.116e-005      1.329e-005      5.104e-006      9.558e-007 
 31.00      1.487e-007      1.991e-008      1.842e-008      3.302e-009      6.930e-010      1.890e-010      1.095e-008      4.695e-008      4.202e-006      9.816e-006      1.614e-005      2.298e-005      1.647e-005      1.027e-005      3.914e-006      7.123e-007 
 31.50      1.104e-007      1.379e-008      1.281e-008      2.247e-009      4.690e-010      1.194e-010      7.631e-009      3.276e-008      3.225e-006      7.446e-006      1.227e-005      1.807e-005      1.282e-005      7.932e-006      3.002e-006      5.308e-007 
 32.00      8.198e-008      9.557e-009      8.914e-009      1.530e-009      3.176e-010      7.543e-011      5.317e-009      2.286e-008      2.475e-006      5.649e-006      9.340e-006      1.421e-005      9.974e-006      6.128e-006      2.303e-006      3.955e-007 
 32.50      6.090e-008      6.622e-009      6.201e-009      1.041e-009      2.151e-010      4.765e-011      3.705e-009      1.596e-008      1.900e-006      4.286e-006      7.108e-006      1.117e-005      7.763e-006      4.734e-006      1.766e-006      2.947e-007 
 33.00      4.525e-008      4.590e-009      4.314e-009      7.089e-010      1.457e-010      3.010e-011      2.582e-009      1.114e-008      1.458e-006      3.252e-006      5.411e-006      8.785e-006      6.042e-006      3.657e-006      1.355e-006      2.196e-007 
 33.50      3.364e-008      3.182e-009      3.001e-009      4.825e-010      9.878e-011      1.901e-011      1.800e-009      7.771e-009      1.119e-006      2.467e-006      4.120e-006      6.908e-006      4.703e-006      2.825e-006      1.039e-006      1.637e-007 
 34.00      2.501e-008      2.206e-009      2.088e-009      3.285e-010      6.697e-011      1.201e-011      1.255e-009      5.423e-009      8.588e-007      1.872e-006      3.138e-006      5.432e-006      3.661e-006      2.183e-006      7.971e-007      1.220e-007 
 34.50      1.860e-008      1.530e-009      1.453e-009      2.236e-010      4.542e-011      7.588e-012      8.748e-010      3.785e-009      6.591e-007      1.421e-006      2.391e-006      4.271e-006      2.850e-006      1.686e-006      6.114e-007      9.089e-008 
 35.00      1.384e-008      1.061e-009      1.011e-009      1.522e-010      3.081e-011      4.793e-012      6.099e-010      2.641e-009      5.059e-007      1.078e-006      1.822e-006      3.359e-006      2.219e-006      1.303e-006      4.690e-007      6.773e-008 
 35.50      1.029e-008      7.357e-010      7.032e-010      1.036e-010      2.091e-011      3.028e-012      4.253e-010      1.843e-009      3.883e-007      8.183e-007      1.389e-006      2.641e-006      1.727e-006      1.007e-006      3.598e-007      5.047e-008 
 36.00      7.660e-009      5.104e-010      4.892e-010      7.053e-011      1.419e-011      1.913e-012      2.966e-010      1.286e-009      2.980e-007      6.210e-007      1.059e-006      2.077e-006      1.345e-006      7.777e-007      2.760e-007      3.761e-008 
 36.50      5.701e-009      3.541e-010      3.404e-010      4.801e-011      9.632e-012      1.208e-012      2.068e-010      8.978e-010      2.287e-007      4.714e-007      8.079e-007      1.633e-006      1.047e-006      6.008e-007      2.117e-007      2.803e-008 
 37.00      4.243e-009      2.457e-010      2.368e-010      3.268e-011      6.540e-012      7.633e-013      1.443e-010      6.265e-010      1.755e-007      3.578e-007      6.164e-007      1.284e-006      8.155e-007      4.642e-007      1.624e-007      2.089e-008 
 37.50      3.159e-009      1.705e-010      1.648e-010      2.225e-011      4.441e-012      4.822e-013      1.006e-010      4.372e-010      1.347e-007      2.716e-007      4.705e-007      1.010e-006      6.350e-007      3.587e-007      1.246e-007      1.556e-008 
 38.00      2.352e-009      1.184e-010      1.146e-010      1.514e-011      3.017e-012      3.046e-013      7.019e-011      3.051e-010      1.034e-007      2.062e-007      3.592e-007      7.939e-007      4.946e-007      2.771e-007      9.559e-008      1.160e-008 
 38.50      1.751e-009      8.215e-011      7.976e-011      1.031e-011      2.049e-012      1.924e-013      4.896e-011      2.130e-010      7.937e-008      1.565e-007      2.743e-007      6.243e-007      3.852e-007      2.141e-007      7.334e-008      8.643e-009 
 39.00      1.304e-009      5.703e-011      5.549e-011      7.017e-012      1.392e-012      1.216e-013      3.415e-011      1.486e-010      6.092e-008      1.189e-007      2.096e-007      4.909e-007      3.000e-007      1.654e-007      5.626e-008      6.440e-009 
 39.50      9.710e-010      3.960e-011      3.861e-011      4.776e-012      9.461e-013      7.680e-014      2.383e-011      1.037e-010      4.676e-008      9.025e-008      1.602e-007      3.860e-007      2.337e-007      1.278e-007      4.316e-008      4.799e-009 
 40.00      7.231e-010      2.750e-011      2.687e-011      3.251e-012      6.430e-013      4.851e-014      1.662e-011      7.238e-011      3.589e-008      6.853e-008      1.225e-007      3.035e-007      1.821e-007      9.876e-008      3.312e-008      3.576e-009 
 40.50      5.386e-010      1.909e-011      1.869e-011      2.213e-012      4.370e-013      3.065e-014      1.160e-011      5.051e-011      2.754e-008      5.204e-008      9.366e-008      2.387e-007      1.418e-007      7.631e-008      2.541e-008      2.665e-009 
 41.00      4.012e-010      1.326e-011      1.301e-011      1.507e-012      2.971e-013      1.936e-014      8.091e-012      3.525e-011      2.114e-008      3.952e-008      7.166e-008      1.877e-007      1.105e-007      5.896e-008      1.949e-008      1.986e-009 
 41.50      2.988e-010      9.211e-012      9.050e-012      1.026e-012      2.020e-013      1.223e-014      5.645e-012      2.460e-011      1.623e-008      3.001e-008      5.484e-008      1.476e-007      8.609e-008      4.556e-008      1.496e-008      1.480e-009 
 42.00      2.226e-010      6.398e-012      6.297e-012      6.981e-013      1.373e-013      7.726e-015      3.939e-012      1.717e-011      1.245e-008      2.280e-008      4.199e-008      1.160e-007      6.708e-008      3.520e-008      1.147e-008      1.103e-009 
