*
* Conditionele overschrijdingskansen potentiele windsnelheid Schiphol met 12 windrichtingssectoren. Zonder statistische onzekerheid.
* WTI2017: 12-uursmaxima, gegeven windrichting
*
* Door: K.A. Wojciechowska van HKV lijn in water
* Project: PR3391.10
*
* u (m/s)   30              60              90              120             150             180             210             240             270             300             330             360
  0.00      1.000e+000      1.000e+000      1.000e+000      1.000e+000      1.000e+000      1.000e+000      1.000e+000      1.000e+000      1.000e+000      1.000e+000      1.000e+000      1.000e+000 
  2.00      9.840e-001      9.958e-001      9.952e-001      9.918e-001      9.975e-001      9.965e-001      9.974e-001      9.975e-001      9.986e-001      9.965e-001      9.931e-001      9.876e-001 
  2.50      9.663e-001      9.686e-001      9.671e-001      9.613e-001      9.780e-001      9.839e-001      9.882e-001      9.882e-001      9.901e-001      9.811e-001      9.559e-001      9.345e-001 
  3.00      9.433e-001      9.540e-001      9.401e-001      9.226e-001      9.459e-001      9.684e-001      9.752e-001      9.823e-001      9.795e-001      9.646e-001      9.366e-001      8.973e-001 
  3.50      8.830e-001      9.006e-001      8.580e-001      8.300e-001      8.774e-001      9.171e-001      9.521e-001      9.567e-001      9.619e-001      9.175e-001      8.774e-001      7.823e-001 
  4.00      8.404e-001      8.619e-001      8.068e-001      7.644e-001      8.123e-001      8.769e-001      9.321e-001      9.400e-001      9.457e-001      8.915e-001      8.457e-001      7.115e-001 
  4.50      7.429e-001      7.793e-001      6.831e-001      6.401e-001      6.889e-001      8.049e-001      8.933e-001      9.100e-001      9.006e-001      8.278e-001      7.741e-001      6.088e-001 
  5.00      6.862e-001      7.343e-001      6.309e-001      5.604e-001      6.323e-001      7.474e-001      8.580e-001      8.859e-001      8.766e-001      7.936e-001      7.397e-001      5.628e-001 
  5.50      5.585e-001      6.349e-001      5.246e-001      4.490e-001      5.402e-001      6.703e-001      7.988e-001      8.441e-001      8.248e-001      7.335e-001      6.887e-001      4.850e-001 
  6.00      5.142e-001      5.795e-001      4.686e-001      3.904e-001      4.582e-001      5.961e-001      7.409e-001      8.170e-001      7.983e-001      7.028e-001      6.281e-001      4.195e-001 
  6.50      4.131e-001      4.969e-001      3.556e-001      2.767e-001      3.559e-001      5.058e-001      6.873e-001      7.619e-001      7.482e-001      6.427e-001      5.689e-001      3.522e-001 
  7.00      3.511e-001      4.456e-001      3.179e-001      2.087e-001      2.874e-001      4.384e-001      6.115e-001      7.177e-001      7.207e-001      5.802e-001      4.931e-001      2.991e-001 
  7.50      2.890e-001      3.473e-001      2.329e-001      1.219e-001      2.139e-001      3.625e-001      5.527e-001      6.650e-001      6.594e-001      5.283e-001      4.325e-001      2.425e-001 
  8.00      2.429e-001      3.096e-001      1.749e-001      8.792e-002      1.665e-001      3.049e-001      4.865e-001      6.262e-001      6.058e-001      4.811e-001      3.554e-001      1.947e-001 
  8.50      1.844e-001      2.448e-001      1.140e-001      5.729e-002      1.158e-001      2.468e-001      4.412e-001      5.647e-001      5.331e-001      4.139e-001      3.017e-001      1.540e-001 
  9.00      1.525e-001      2.186e-001      8.696e-002      3.733e-002      8.960e-002      2.014e-001      3.828e-001      5.278e-001      4.845e-001      3.667e-001      2.452e-001      1.274e-001 
  9.50      1.117e-001      1.402e-001      5.507e-002      2.432e-002      6.678e-002      1.571e-001      3.358e-001      4.702e-001      4.267e-001      3.054e-001      2.107e-001      1.080e-001 
 10.00      7.994e-002      1.109e-001      3.674e-002      1.585e-002      4.422e-002      1.226e-001      2.818e-001      4.284e-001      3.928e-001      2.736e-001      1.598e-001      8.553e-002 
 10.50      5.721e-002      7.950e-002      2.451e-002      1.033e-002      2.929e-002      9.896e-002      2.404e-001      3.724e-001      3.498e-001      2.252e-001      1.322e-001      6.776e-002 
 11.00      4.094e-002      6.276e-002      1.635e-002      6.729e-003      1.940e-002      6.962e-002      1.986e-001      3.384e-001      3.096e-001      2.052e-001      1.006e-001      5.368e-002 
 11.50      2.930e-002      4.233e-002      1.091e-002      4.385e-003      1.284e-002      5.293e-002      1.692e-001      2.966e-001      2.652e-001      1.639e-001      7.713e-002      4.253e-002 
 12.00      2.097e-002      2.855e-002      7.275e-003      2.760e-003      8.506e-003      4.143e-002      1.372e-001      2.622e-001      2.285e-001      1.380e-001      6.169e-002      3.369e-002 
 12.50      1.501e-002      1.926e-002      4.853e-003      1.737e-003      5.633e-003      2.879e-002      1.102e-001      2.169e-001      1.911e-001      1.085e-001      4.934e-002      2.669e-002 
 13.00      1.074e-002      1.299e-002      3.238e-003      1.093e-003      3.731e-003      2.001e-002      8.929e-002      1.889e-001      1.559e-001      9.080e-002      3.946e-002      2.115e-002 
 13.50      7.685e-003      8.760e-003      2.204e-003      6.882e-004      2.471e-003      1.391e-002      6.446e-002      1.431e-001      1.255e-001      6.722e-002      3.156e-002      1.675e-002 
 14.00      5.500e-003      5.908e-003      1.500e-003      4.331e-004      1.562e-003      9.666e-003      5.444e-002      1.259e-001      1.058e-001      5.410e-002      2.524e-002      1.327e-002 
 14.50      3.663e-003      3.985e-003      1.021e-003      2.726e-004      9.871e-004      6.718e-003      4.312e-002      9.592e-002      7.405e-002      4.354e-002      2.019e-002      1.051e-002 
 15.00      2.439e-003      2.774e-003      6.952e-004      1.716e-004      6.239e-004      4.669e-003      3.528e-002      7.919e-002      6.206e-002      3.505e-002      1.614e-002      8.330e-003 
 15.50      1.624e-003      1.931e-003      4.732e-004      1.080e-004      3.944e-004      3.245e-003      2.504e-002      5.607e-002      4.937e-002      2.821e-002      1.291e-002      6.599e-003 
 16.00      1.082e-003      1.344e-003      3.221e-004      6.798e-005      2.493e-004      2.255e-003      1.864e-002      4.919e-002      3.808e-002      2.270e-002      1.033e-002      4.917e-003 
 16.50      7.205e-004      9.354e-004      2.193e-004      4.279e-005      1.576e-004      1.568e-003      1.387e-002      3.345e-002      2.938e-002      1.827e-002      8.259e-003      3.664e-003 
 17.00      4.798e-004      6.511e-004      1.493e-004      2.693e-005      9.960e-005      1.094e-003      1.033e-002      2.878e-002      2.266e-002      1.471e-002      6.605e-003      2.731e-003 
 17.50      3.195e-004      4.532e-004      1.016e-004      1.695e-005      6.296e-005      7.635e-004      7.687e-003      2.229e-002      1.748e-002      1.184e-002      5.283e-003      2.035e-003 
 18.00      2.128e-004      3.155e-004      6.916e-005      1.067e-005      3.980e-005      5.328e-004      5.721e-003      1.727e-002      1.349e-002      9.528e-003      4.225e-003      1.516e-003 
 18.50      1.417e-004      2.196e-004      4.708e-005      6.715e-006      2.515e-005      3.718e-004      4.258e-003      1.338e-002      1.040e-002      7.669e-003      3.243e-003      1.130e-003 
 19.00      9.438e-005      1.528e-004      3.205e-005      4.227e-006      1.590e-005      2.595e-004      3.170e-003      1.036e-002      8.025e-003      6.173e-003      2.489e-003      8.421e-004 
 19.50      6.286e-005      1.064e-004      2.181e-005      2.660e-006      1.005e-005      1.811e-004      2.359e-003      8.028e-003      6.190e-003      4.968e-003      1.910e-003      6.275e-004 
 20.00      4.186e-005      7.405e-005      1.485e-005      1.675e-006      6.353e-006      1.264e-004      1.756e-003      6.219e-003      4.775e-003      3.999e-003      1.466e-003      4.676e-004 
 20.50      2.788e-005      5.154e-005      1.011e-005      1.054e-006      4.016e-006      8.820e-005      1.307e-003      4.818e-003      3.684e-003      3.094e-003      1.126e-003      3.484e-004 
 21.00      1.857e-005      3.588e-005      6.881e-006      6.634e-007      2.538e-006      6.155e-005      1.003e-003      3.732e-003      2.842e-003      2.395e-003      8.639e-004      2.597e-004 
 21.50      1.236e-005      2.497e-005      4.684e-006      4.175e-007      1.604e-006      4.295e-005      7.700e-004      2.891e-003      2.192e-003      1.853e-003      6.631e-004      1.935e-004 
 22.00      8.235e-006      1.738e-005      3.188e-006      2.628e-007      1.014e-006      2.998e-005      5.910e-004      2.240e-003      1.724e-003      1.434e-003      5.090e-004      1.442e-004 
 22.50      5.484e-006      1.210e-005      2.170e-006      1.654e-007      6.410e-007      2.092e-005      4.536e-004      1.735e-003      1.355e-003      1.110e-003      3.906e-004      1.074e-004 
 23.00      3.652e-006      8.422e-006      1.477e-006      1.041e-007      4.052e-007      1.460e-005      3.482e-004      1.310e-003      1.066e-003      8.586e-004      2.998e-004      8.007e-005 
 23.50      2.432e-006      5.862e-006      1.006e-006      6.553e-008      2.561e-007      1.019e-005      2.673e-004      9.893e-004      8.381e-004      6.644e-004      2.301e-004      5.967e-005 
 24.00      1.620e-006      4.081e-006      6.846e-007      4.125e-008      1.619e-007      7.111e-006      2.051e-004      7.470e-004      6.590e-004      5.141e-004      1.766e-004      4.446e-005 
 24.50      1.079e-006      2.840e-006      4.660e-007      2.596e-008      1.023e-007      4.962e-006      1.574e-004      5.641e-004      5.182e-004      3.978e-004      1.356e-004      3.313e-005 
 25.00      7.184e-007      1.977e-006      3.172e-007      1.634e-008      6.468e-008      3.463e-006      1.209e-004      4.259e-004      4.075e-004      3.079e-004      1.041e-004      2.469e-005 
 25.50      4.785e-007      1.376e-006      2.159e-007      1.028e-008      4.089e-008      2.417e-006      9.276e-005      3.216e-004      3.204e-004      2.382e-004      7.988e-005      1.840e-005 
 26.00      3.186e-007      9.579e-007      1.470e-007      6.473e-009      2.584e-008      1.687e-006      7.120e-005      2.429e-004      2.519e-004      1.843e-004      6.131e-005      1.371e-005 
 26.50      2.122e-007      6.667e-007      1.001e-007      4.075e-009      1.634e-008      1.177e-006      5.465e-005      1.834e-004      1.981e-004      1.427e-004      4.706e-005      1.022e-005 
 27.00      1.413e-007      4.641e-007      6.811e-008      2.565e-009      1.033e-008      8.215e-007      4.194e-005      1.385e-004      1.558e-004      1.104e-004      3.612e-005      7.614e-006 
 27.50      9.412e-008      3.230e-007      4.636e-008      1.614e-009      6.527e-009      5.733e-007      3.219e-005      1.046e-004      1.225e-004      8.542e-005      2.772e-005      5.674e-006 
 28.00      6.268e-008      2.248e-007      3.156e-008      1.016e-009      4.126e-009      4.001e-007      2.471e-005      7.896e-005      9.631e-005      6.610e-005      2.128e-005      4.228e-006 
 28.50      4.174e-008      1.565e-007      2.148e-008      6.395e-010      2.608e-009      2.792e-007      1.897e-005      5.962e-005      7.573e-005      5.115e-005      1.633e-005      3.151e-006 
 29.00      2.780e-008      1.089e-007      1.462e-008      4.025e-010      1.648e-009      1.948e-007      1.456e-005      4.502e-005      5.955e-005      3.958e-005      1.254e-005      2.348e-006 
 29.50      1.851e-008      7.583e-008      9.955e-009      2.533e-010      1.042e-009      1.360e-007      1.117e-005      3.400e-005      4.683e-005      3.063e-005      9.622e-006      1.750e-006 
 30.00      1.233e-008      5.278e-008      6.776e-009      1.595e-010      6.586e-010      9.490e-008      8.577e-006      2.567e-005      3.682e-005      2.370e-005      7.386e-006      1.304e-006 
 30.50      8.212e-009      3.674e-008      4.613e-009      1.004e-010      4.163e-010      6.623e-008      6.583e-006      1.938e-005      2.895e-005      1.834e-005      5.669e-006      9.715e-007 
 31.00      5.469e-009      2.557e-008      3.140e-009      6.317e-011      2.631e-010      4.622e-008      5.053e-006      1.464e-005      2.277e-005      1.419e-005      4.351e-006      7.240e-007 
 31.50      3.642e-009      1.780e-008      2.137e-009      3.976e-011      1.663e-010      3.225e-008      3.878e-006      1.105e-005      1.790e-005      1.098e-005      3.340e-006      5.395e-007 
 32.00      2.425e-009      1.239e-008      1.455e-009      2.503e-011      1.051e-010      2.251e-008      2.977e-006      8.345e-006      1.408e-005      8.499e-006      2.563e-006      4.020e-007 
 32.50      1.615e-009      8.624e-009      9.904e-010      1.575e-011      6.645e-011      1.571e-008      2.285e-006      6.302e-006      1.107e-005      6.576e-006      1.968e-006      2.996e-007 
 33.00      1.076e-009      6.003e-009      6.742e-010      9.914e-012      4.200e-011      1.096e-008      1.754e-006      4.758e-006      8.704e-006      5.089e-006      1.510e-006      2.233e-007 
 33.50      7.164e-010      4.178e-009      4.589e-010      6.240e-012      2.655e-011      7.651e-009      1.346e-006      3.593e-006      6.844e-006      3.938e-006      1.159e-006      1.664e-007 
 34.00      4.771e-010      2.908e-009      3.124e-010      3.928e-012      1.678e-011      5.339e-009      1.033e-006      2.713e-006      5.382e-006      3.047e-006      8.897e-007      1.240e-007 
 34.50      3.178e-010      2.024e-009      2.126e-010      2.472e-012      1.061e-011      3.726e-009      7.930e-007      2.049e-006      4.232e-006      2.358e-006      6.829e-007      9.238e-008 
 35.00      2.116e-010      1.409e-009      1.448e-010      1.556e-012      6.705e-012      2.600e-009      6.087e-007      1.547e-006      3.328e-006      1.825e-006      5.242e-007      6.884e-008 
 35.50      1.409e-010      9.808e-010      9.853e-011      9.793e-013      4.238e-012      1.815e-009      4.672e-007      1.168e-006      2.617e-006      1.412e-006      4.023e-007      5.130e-008 
 36.00      9.386e-011      6.827e-010      6.707e-011      6.164e-013      2.679e-012      1.266e-009      3.586e-007      8.821e-007      2.057e-006      1.093e-006      3.088e-007      3.823e-008 
 36.50      6.251e-011      4.752e-010      4.566e-011      3.879e-013      1.693e-012      8.839e-010      2.752e-007      6.661e-007      1.618e-006      8.455e-007      2.370e-007      2.849e-008 
 37.00      4.163e-011      3.308e-010      3.108e-011      2.441e-013      1.070e-012      6.168e-010      2.113e-007      5.029e-007      1.272e-006      6.543e-007      1.819e-007      2.123e-008 
 37.50      2.772e-011      2.302e-010      2.116e-011      1.537e-013      6.766e-013      4.305e-010      1.622e-007      3.798e-007      1.000e-006      5.063e-007      1.396e-007      1.582e-008 
 38.00      1.846e-011      1.603e-010      1.440e-011      9.670e-014      4.277e-013      3.004e-010      1.245e-007      2.868e-007      7.866e-007      3.918e-007      1.072e-007      1.179e-008 
 38.50      1.230e-011      1.116e-010      9.803e-012      6.084e-014      2.703e-013      2.097e-010      9.553e-008      2.165e-007      6.185e-007      3.032e-007      8.227e-008      8.785e-009 
 39.00      8.188e-012      7.765e-011      6.673e-012      3.830e-014      1.709e-013      1.463e-010      7.333e-008      1.635e-007      4.863e-007      2.346e-007      6.314e-008      6.546e-009 
 39.50      5.453e-012      5.405e-011      4.543e-012      2.398e-014      1.080e-013      1.021e-010      5.628e-008      1.235e-007      3.824e-007      1.815e-007      4.847e-008      4.878e-009 
 40.00      3.632e-012      3.762e-011      3.092e-012      1.510e-014      6.828e-014      7.126e-011      4.320e-008      9.323e-008      3.007e-007      1.405e-007      3.720e-008      3.635e-009 
 40.50      2.419e-012      2.619e-011      2.105e-012      9.548e-015      4.308e-014      4.973e-011      3.316e-008      7.040e-008      2.365e-007      1.087e-007      2.855e-008      2.709e-009 
 41.00      1.611e-012      1.823e-011      1.433e-012      5.995e-015      2.720e-014      3.471e-011      2.545e-008      5.316e-008      1.859e-007      8.412e-008      2.192e-008      2.019e-009 
 41.50      1.073e-012      1.269e-011      9.753e-013      3.775e-015      1.721e-014      2.422e-011      1.953e-008      4.014e-008      1.462e-007      6.510e-008      1.682e-008      1.504e-009 
 42.00      7.144e-013      8.831e-012      6.639e-013      2.331e-015      1.088e-014      1.690e-011      1.499e-008      3.031e-008      1.150e-007      5.037e-008      1.291e-008      1.121e-009 
