* De conditionele overschrijdingskans van de windsnelheid met statistische
* onzekerheid gegeven de windrichting voor een 12-uursperiode te Schiphol
* 
* Het doel van deze aangepaste statistiek is de winddragcorrectie te verwerken,
* zonder dat deze in de database aangepast hoeft te worden.
* LET OP: deze windstatistiek is dus onjuist (dwz: hij volgt niet logischerwijs
* uit de bekende gegevens), maar dient als workaround om zonder de
* database aan te passen, de winddrag te corrigeren. De statistiek 
* moet dus niet voor andere doeleinden, en in andere systemen dan de meren en
* de Oosterschelde gebruikt worden
* 
* Door: G.W.F. Rongen van HKV lijn in water
* Project: PR3280.20.03
*
* u (m/s)        30.0            60.0            90.0           120.0           150.0           180.0           210.0           240.0           270.0           300.0           330.0           360.0
  0.00      1.000e+00       1.000e+00       1.000e+00       1.000e+00       1.000e+00       1.000e+00       1.000e+00       1.000e+00       1.000e+00       1.000e+00       1.000e+00       1.000e+00       
  2.00      9.829e-01       9.937e-01       9.930e-01       9.895e-01       9.959e-01       9.956e-01       9.967e-01       9.968e-01       9.979e-01       9.953e-01       9.902e-01       9.835e-01       
  2.50      9.656e-01       9.695e-01       9.669e-01       9.601e-01       9.765e-01       9.834e-01       9.877e-01       9.884e-01       9.898e-01       9.808e-01       9.572e-01       9.354e-01       
  3.00      9.383e-01       9.490e-01       9.328e-01       9.152e-01       9.409e-01       9.638e-01       9.738e-01       9.798e-01       9.785e-01       9.606e-01       9.314e-01       8.869e-01       
  3.50      8.842e-01       9.016e-01       8.606e-01       8.317e-01       8.764e-01       9.177e-01       9.521e-01       9.575e-01       9.618e-01       9.195e-01       8.801e-01       7.858e-01       
  4.00      8.304e-01       8.539e-01       7.935e-01       7.528e-01       8.010e-01       8.708e-01       9.286e-01       9.375e-01       9.407e-01       8.849e-01       8.386e-01       7.043e-01       
  4.50      7.473e-01       7.837e-01       6.922e-01       6.441e-01       6.973e-01       8.056e-01       8.929e-01       9.103e-01       9.032e-01       8.315e-01       7.790e-01       6.160e-01       
  5.00      6.701e-01       7.221e-01       6.184e-01       5.512e-01       6.233e-01       7.417e-01       8.522e-01       8.818e-01       8.705e-01       7.877e-01       7.354e-01       5.550e-01       
  5.50      5.717e-01       6.409e-01       5.312e-01       4.558e-01       5.387e-01       6.681e-01       7.972e-01       8.458e-01       8.286e-01       7.379e-01       6.849e-01       4.848e-01       
  6.00      4.993e-01       5.714e-01       4.533e-01       3.746e-01       4.501e-01       5.896e-01       7.397e-01       8.096e-01       7.922e-01       6.948e-01       6.260e-01       4.167e-01       
  6.50      4.186e-01       5.006e-01       3.689e-01       2.820e-01       3.598e-01       5.078e-01       6.798e-01       7.625e-01       7.516e-01       6.399e-01       5.625e-01       3.530e-01       
  7.00      3.491e-01       4.317e-01       3.038e-01       2.007e-01       2.835e-01       4.337e-01       6.128e-01       7.142e-01       7.106e-01       5.808e-01       4.936e-01       2.960e-01       
  7.50      2.904e-01       3.593e-01       2.355e-01       1.324e-01       2.177e-01       3.643e-01       5.489e-01       6.662e-01       6.580e-01       5.270e-01       4.257e-01       2.425e-01       
  8.00      2.379e-01       3.017e-01       1.718e-01       8.830e-02       1.642e-01       3.028e-01       4.895e-01       6.186e-01       5.985e-01       4.734e-01       3.587e-01       1.953e-01       
  8.50      1.895e-01       2.511e-01       1.187e-01       5.941e-02       1.213e-01       2.481e-01       4.357e-01       5.686e-01       5.370e-01       4.163e-01       2.997e-01       1.572e-01       
  9.00      1.488e-01       2.016e-01       7.978e-02       3.914e-02       9.006e-02       2.003e-01       3.831e-01       5.203e-01       4.811e-01       3.617e-01       2.491e-01       1.289e-01       
  9.50      1.129e-01       1.498e-01       5.375e-02       2.567e-02       6.610e-02       1.590e-01       3.320e-01       4.715e-01       4.318e-01       3.118e-01       2.050e-01       1.064e-01       
  10.00     8.248e-02       1.071e-01       3.627e-02       1.684e-02       4.618e-02       1.249e-01       2.835e-01       4.231e-01       3.887e-01       2.689e-01       1.650e-01       8.626e-02       
  10.50     5.942e-02       7.625e-02       2.449e-02       1.105e-02       3.112e-02       9.692e-02       2.397e-01       3.770e-01       3.477e-01       2.315e-01       1.310e-01       6.879e-02       
  11.00     4.272e-02       5.371e-02       1.655e-02       7.242e-03       2.077e-02       7.333e-02       2.013e-01       3.351e-01       3.063e-01       1.981e-01       1.029e-01       5.463e-02       
  11.50     3.072e-02       3.762e-02       1.121e-02       4.724e-03       1.386e-02       5.478e-02       1.678e-01       2.959e-01       2.656e-01       1.665e-01       8.031e-02       4.337e-02       
  12.00     2.209e-02       2.634e-02       7.635e-03       3.051e-03       9.245e-03       4.074e-02       1.381e-01       2.573e-01       2.269e-01       1.372e-01       6.331e-02       3.444e-02       
  12.50     1.589e-02       1.845e-02       5.221e-03       1.951e-03       6.169e-03       2.970e-02       1.116e-01       2.195e-01       1.906e-01       1.116e-01       5.047e-02       2.735e-02       
  13.00     1.142e-02       1.292e-02       3.578e-03       1.242e-03       4.109e-03       2.116e-02       8.835e-02       1.838e-01       1.572e-01       8.958e-02       4.042e-02       2.172e-02       
  13.50     8.182e-03       9.052e-03       2.454e-03       7.906e-04       2.721e-03       1.491e-02       6.811e-02       1.514e-01       1.268e-01       7.113e-02       3.240e-02       1.725e-02       
  14.00     5.801e-03       6.344e-03       1.683e-03       5.032e-04       1.781e-03       1.048e-02       5.129e-02       1.234e-01       9.911e-02       5.636e-02       2.598e-02       1.370e-02       
  14.50     4.041e-03       4.447e-03       1.155e-03       3.204e-04       1.152e-03       7.364e-03       3.816e-02       9.950e-02       7.475e-02       4.501e-02       2.083e-02       1.087e-02       
  15.00     2.763e-03       3.118e-03       7.927e-04       2.041e-04       7.391e-04       5.176e-03       2.832e-02       7.908e-02       5.571e-02       3.620e-02       1.671e-02       8.587e-03       
  15.50     1.868e-03       2.187e-03       5.442e-04       1.301e-04       4.732e-04       3.640e-03       2.107e-02       6.211e-02       4.232e-02       2.920e-02       1.340e-02       6.720e-03       
  16.00     1.258e-03       1.534e-03       3.737e-04       8.293e-05       3.029e-04       2.560e-03       1.576e-02       4.854e-02       3.293e-02       2.356e-02       1.075e-02       5.184e-03       
  16.50     8.465e-04       1.077e-03       2.567e-04       5.289e-05       1.940e-04       1.801e-03       1.191e-02       3.795e-02       2.590e-02       1.902e-02       8.616e-03       3.942e-03       
  17.00     5.697e-04       7.557e-04       1.764e-04       3.375e-05       1.243e-04       1.267e-03       9.086e-03       2.974e-02       2.043e-02       1.535e-02       6.902e-03       2.969e-03       
  17.50     3.835e-04       5.305e-04       1.213e-04       2.154e-05       7.964e-05       8.917e-04       6.978e-03       2.338e-02       1.613e-02       1.239e-02       5.513e-03       2.228e-03       
  18.00     2.583e-04       3.726e-04       8.337e-05       1.376e-05       5.106e-05       6.278e-04       5.376e-03       1.837e-02       1.273e-02       1.001e-02       4.378e-03       1.671e-03       
  18.50     1.740e-04       2.617e-04       5.734e-05       8.787e-06       3.275e-05       4.421e-04       4.145e-03       1.438e-02       1.005e-02       8.074e-03       3.448e-03       1.252e-03       
  19.00     1.172e-04       1.839e-04       3.944e-05       5.615e-06       2.101e-05       3.114e-04       3.197e-03       1.122e-02       7.934e-03       6.509e-03       2.692e-03       9.390e-04       
  19.50     7.903e-05       1.292e-04       2.714e-05       3.590e-06       1.349e-05       2.194e-04       2.467e-03       8.736e-03       6.265e-03       5.232e-03       2.088e-03       7.042e-04       
  20.00     5.329e-05       9.084e-05       1.868e-05       2.296e-06       8.659e-06       1.546e-04       1.903e-03       6.801e-03       4.947e-03       4.184e-03       1.614e-03       5.282e-04       
  20.50     3.594e-05       6.387e-05       1.286e-05       1.469e-06       5.562e-06       1.090e-04       1.469e-03       5.294e-03       3.907e-03       3.323e-03       1.246e-03       3.962e-04       
  21.00     2.425e-05       4.492e-05       8.858e-06       9.402e-07       3.574e-06       7.682e-05       1.133e-03       4.121e-03       3.086e-03       2.619e-03       9.620e-04       2.973e-04       
  21.50     1.637e-05       3.160e-05       6.102e-06       6.020e-07       2.297e-06       5.417e-05       8.749e-04       3.205e-03       2.438e-03       2.051e-03       7.426e-04       2.231e-04       
  22.00     1.105e-05       2.223e-05       4.205e-06       3.856e-07       1.477e-06       3.821e-05       6.754e-04       2.489e-03       1.926e-03       1.600e-03       5.733e-04       1.674e-04       
  22.50     7.461e-06       1.565e-05       2.898e-06       2.471e-07       9.504e-07       2.696e-05       5.215e-04       1.928e-03       1.522e-03       1.247e-03       4.426e-04       1.257e-04       
  23.00     5.039e-06       1.102e-05       1.998e-06       1.584e-07       6.116e-07       1.903e-05       4.027e-04       1.488e-03       1.203e-03       9.704e-04       3.418e-04       9.435e-05       
  23.50     3.405e-06       7.757e-06       1.378e-06       1.016e-07       3.937e-07       1.343e-05       3.110e-04       1.143e-03       9.506e-04       7.553e-04       2.640e-04       7.085e-05       
  24.00     2.301e-06       5.464e-06       9.504e-07       6.515e-08       2.536e-07       9.482e-06       2.402e-04       8.747e-04       7.514e-04       5.880e-04       2.039e-04       5.321e-05       
  24.50     1.556e-06       3.849e-06       6.558e-07       4.181e-08       1.634e-07       6.696e-06       1.856e-04       6.674e-04       5.940e-04       4.577e-04       1.575e-04       3.997e-05       
  25.00     1.052e-06       2.712e-06       4.526e-07       2.684e-08       1.053e-07       4.730e-06       1.434e-04       5.084e-04       4.696e-04       3.564e-04       1.217e-04       3.003e-05       
  25.50     7.118e-07       1.912e-06       3.124e-07       1.724e-08       6.787e-08       3.342e-06       1.108e-04       3.870e-04       3.713e-04       2.775e-04       9.404e-05       2.256e-05       
  26.00     4.817e-07       1.348e-06       2.158e-07       1.107e-08       4.377e-08       2.362e-06       8.562e-05       2.945e-04       2.936e-04       2.162e-04       7.267e-05       1.696e-05       
  26.50     3.260e-07       9.503e-07       1.490e-07       7.116e-09       2.824e-08       1.669e-06       6.618e-05       2.242e-04       2.322e-04       1.684e-04       5.617e-05       1.274e-05       
  27.00     2.207e-07       6.702e-07       1.029e-07       4.575e-09       1.823e-08       1.180e-06       5.115e-05       1.706e-04       1.836e-04       1.311e-04       4.342e-05       9.580e-06       
  27.50     1.495e-07       4.727e-07       7.113e-08       2.942e-09       1.177e-08       8.344e-07       3.953e-05       1.298e-04       1.452e-04       1.021e-04       3.356e-05       7.201e-06       
  28.00     1.012e-07       3.334e-07       4.914e-08       1.892e-09       7.597e-09       5.899e-07       3.054e-05       9.878e-05       1.148e-04       7.951e-05       2.592e-05       5.411e-06       
  28.50     6.850e-08       2.349e-07       3.393e-08       1.217e-09       4.903e-09       4.167e-07       2.356e-05       7.507e-05       9.058e-05       6.183e-05       2.000e-05       4.062e-06       
  29.00     4.629e-08       1.652e-07       2.338e-08       7.814e-10       3.161e-09       2.938e-07       1.814e-05       5.693e-05       7.131e-05       4.797e-05       1.540e-05       3.042e-06       
  29.50     3.119e-08       1.158e-07       1.606e-08       5.007e-10       2.033e-09       2.064e-07       1.390e-05       4.300e-05       5.590e-05       3.707e-05       1.181e-05       2.270e-06       
  30.00     2.090e-08       8.065e-08       1.097e-08       3.192e-10       1.301e-09       1.441e-07       1.058e-05       3.228e-05       4.354e-05       2.847e-05       9.002e-06       1.683e-06       
  30.50     1.388e-08       5.565e-08       7.420e-09       2.019e-10       8.260e-10       9.964e-08       7.985e-06       2.401e-05       3.361e-05       2.167e-05       6.802e-06       1.237e-06       
  31.00     9.112e-09       3.793e-08       4.958e-09       1.262e-10       5.182e-10       6.807e-08       5.958e-06       1.767e-05       2.568e-05       1.633e-05       5.084e-06       8.989e-07       
  31.50     5.891e-09       2.547e-08       3.263e-09       7.768e-11       3.201e-10       4.583e-08       4.392e-06       1.284e-05       1.940e-05       1.216e-05       3.755e-06       6.448e-07       
  32.00     3.744e-09       1.684e-08       2.112e-09       4.696e-11       1.942e-10       3.036e-08       3.198e-06       9.211e-06       1.449e-05       8.946e-06       2.739e-06       4.564e-07       
  32.50     2.338e-09       1.095e-08       1.345e-09       2.785e-11       1.156e-10       1.981e-08       2.304e-06       6.529e-06       1.072e-05       6.513e-06       1.976e-06       3.190e-07       
  33.00     1.437e-09       7.028e-09       8.432e-10       1.620e-11       6.754e-11       1.274e-08       1.644e-06       4.581e-06       7.867e-06       4.698e-06       1.413e-06       2.206e-07       
  33.50     8.705e-10       4.457e-09       5.221e-10       9.268e-12       3.880e-11       8.104e-09       1.165e-06       3.189e-06       5.739e-06       3.366e-06       1.002e-06       1.512e-07       
  34.00     5.216e-10       2.802e-09       3.201e-10       5.229e-12       2.199e-11       5.110e-09       8.219e-07       2.206e-06       4.169e-06       2.399e-06       7.072e-07       1.030e-07       
  34.50     3.099e-10       1.751e-09       1.949e-10       2.919e-12       1.233e-11       3.202e-09       5.775e-07       1.520e-06       3.019e-06       1.703e-06       4.972e-07       6.981e-08       
  35.00     1.831e-10       1.089e-09       1.180e-10       1.617e-12       6.861e-12       1.998e-09       4.047e-07       1.044e-06       2.181e-06       1.206e-06       3.485e-07       4.717e-08       
  35.50     1.077e-10       6.750e-10       7.124e-11       8.905e-13       3.798e-12       1.242e-09       2.830e-07       7.153e-07       1.573e-06       8.522e-07       2.437e-07       3.179e-08       
  36.00     6.314e-11       4.173e-10       4.287e-11       4.886e-13       2.094e-12       7.704e-10       1.975e-07       4.890e-07       1.132e-06       6.010e-07       1.701e-07       2.138e-08       
  36.50     3.692e-11       2.574e-10       2.574e-11       2.672e-13       1.151e-12       4.767e-10       1.376e-07       3.337e-07       8.135e-07       4.231e-07       1.185e-07       1.435e-08       
  37.00     2.153e-11       1.584e-10       1.541e-11       1.457e-13       6.309e-13       2.943e-10       9.571e-08       2.273e-07       5.836e-07       2.973e-07       8.242e-08       9.610e-09       
  37.50     1.253e-11       9.726e-11       9.211e-12       7.928e-14       3.449e-13       1.813e-10       6.645e-08       1.546e-07       4.180e-07       2.086e-07       5.722e-08       6.425e-09       
  38.00     7.276e-12       5.960e-11       5.492e-12       4.302e-14       1.881e-13       1.115e-10       4.606e-08       1.049e-07       2.990e-07       1.461e-07       3.966e-08       4.288e-09       
  38.50     4.215e-12       3.645e-11       3.268e-12       2.329e-14       1.024e-13       6.838e-11       3.187e-08       7.108e-08       2.135e-07       1.022e-07       2.745e-08       2.857e-09       
  39.00     2.437e-12       2.225e-11       1.940e-12       1.258e-14       5.556e-14       4.187e-11       2.202e-08       4.808e-08       1.522e-07       7.134e-08       1.896e-08       1.900e-09       
  39.50     1.405e-12       1.355e-11       1.150e-12       6.777e-15       3.009e-14       2.559e-11       1.519e-08       3.247e-08       1.084e-07       4.974e-08       1.308e-08       1.261e-09       
  40.00     8.090e-13       8.237e-12       6.798e-13       3.643e-15       1.626e-14       1.561e-11       1.046e-08       2.189e-08       7.705e-08       3.462e-08       9.008e-09       8.360e-10       
  40.50     4.647e-13       4.998e-12       4.012e-13       1.954e-15       8.766e-15       9.500e-12       7.194e-09       1.474e-08       5.470e-08       2.406e-08       6.195e-09       5.532e-10       
  41.00     2.664e-13       3.027e-12       2.363e-13       1.046e-15       4.716e-15       5.773e-12       4.940e-09       9.905e-09       3.878e-08       1.670e-08       4.254e-09       3.655e-10       
  41.50     1.525e-13       1.830e-12       1.389e-13       5.587e-16       2.532e-15       3.502e-12       3.388e-09       6.648e-09       2.746e-08       1.158e-08       2.917e-09       2.411e-10       
  42.00     8.707e-14       1.105e-12       8.155e-14       2.978e-16       1.357e-15       2.121e-12       2.320e-09       4.456e-09       1.942e-08       8.015e-09       1.998e-09       1.589e-10       