0 0.9 0.005
0 1.8 0.005
0 2.7 0.005
0 3.6 0.005
0 4.5 0.005
0 5.4 0.005
0 6.3 0.005
0 7.2 0.005
0 8.1 0.005
0 9.0 0.005
0 9.9 0.005
0 10.8 0.005
0 11.7 0.005
0 12.6 0.005
0 13.5 0.005
0 14.4 0.005
0 15.3 0.005
0 16.2 0.005
0 17.1 0.005
0 18.0 0.005
0 18.9 0.005
0 19.8 0.005
0 20.7 0.005
0 21.6 0.005
0 22.5 0.005
0 23.4 0.005
0 24.3 0.005
0 25.2 0.005
0 26.1 0.005
0 27.0 0.005
0 27.9 0.005
0 28.8 0.005
0 29.7 0.005
0 30.6 0.005
0 31.5 0.005
0 32.4 0.005
0 33.3 0.005
0 34.2 0.005
0 35.1 0.005
0 36.0 0.005
0 36.9 0.005
0 37.8 0.005
0 38.7 0.005
0 39.6 0.005
0 40.5 0.005
0 41.4 0.005
0 42.3 0.005
0 43.2 0.005
0 44.1 0.005
0 45.0 0.005
0 45.9 0.005
0 46.8 0.005
0 47.7 0.005
0 48.6 0.005
0 49.5 0.005
0 50.4 0.005
0 51.3 0.005
0 52.2 0.005
0 53.1 0.005
0 54.0 0.005
0 54.9 0.005
0 55.8 0.005
0 56.7 0.005
0 57.6 0.005
0 58.5 0.005
0 59.4 0.005
0 60.3 0.005
0 61.2 0.005
0 62.1 0.005
0 63.0 0.005
0 63.9 0.005
0 64.8 0.005
0 65.7 0.005
0 66.6 0.005
0 67.5 0.005
0 68.4 0.005
0 69.3 0.005
0 70.2 0.005
0 71.1 0.005
0 72.0 0.005
0 72.9 0.005
0 73.8 0.005
0 74.7 0.005
0 75.6 0.005
0 76.5 0.005
0 77.4 0.005
0 78.3 0.005
0 79.2 0.005
0 80.1 0.005
0 81.0 0.005
0 81.9 0.005
0 82.8 0.005
0 83.7 0.005
0 84.6 0.005
0 85.5 0.005
0 86.4 0.005
0 87.3 0.005
0 88.2 0.005
0 89.1 0.005
0 90.0 0.005
0 90.9 0.005
0 91.8 0.005
0 92.7 0.005
0 93.6 0.005
0 94.5 0.005
0 95.4 0.005
0 96.3 0.005
0 97.2 0.005
0 98.1 0.005
0 99.0 0.005
0 99.9 0.005
0 100.8 0.005
0 101.7 0.005
0 102.6 0.005
0 103.5 0.005
0 104.4 0.005
0 105.3 0.005
0 106.2 0.005
0 107.1 0.005
0 108.0 0.005
0 108.9 0.005
0 109.8 0.005
0 110.7 0.005
0 111.6 0.005
0 112.5 0.005
0 113.4 0.005
0 114.3 0.005
0 115.2 0.005
0 116.1 0.005
0 117.0 0.005
0 117.9 0.005
0 118.8 0.005
0 119.7 0.005
0 120.6 0.005
0 121.5 0.005
0 122.4 0.005
0 123.3 0.005
0 124.2 0.005
0 125.1 0.005
0 126.0 0.005
0 126.9 0.005
0 127.8 0.005
0 128.7 0.005
0 129.6 0.005
0 130.5 0.005
0 131.4 0.005
0 132.3 0.005
0 133.2 0.005
0 134.1 0.005
0 135.0 0.005
0 135.9 0.005
0 136.8 0.005
0 137.7 0.005
0 138.6 0.005
0 139.5 0.005
0 140.4 0.005
0 141.3 0.005
0 142.2 0.005
0 143.1 0.005
0 144.0 0.005
0 144.9 0.005
0 145.8 0.005
0 146.7 0.005
0 147.6 0.005
0 148.5 0.005
0 149.4 0.005
0 150.3 0.005
0 151.2 0.005
0 152.1 0.005
0 153.0 0.005
0 153.9 0.005
0 154.8 0.005
0 155.7 0.005
0 156.6 0.005
0 157.5 0.005
0 158.4 0.005
0 159.3 0.005
0 160.2 0.005
0 161.1 0.005
0 162.0 0.005
0 162.9 0.005
0 163.8 0.005
0 164.7 0.005
0 165.6 0.005
0 166.5 0.005
0 167.4 0.005
0 168.3 0.005
0 169.2 0.005
0 170.1 0.005
0 171.0 0.005
0 171.9 0.005
0 172.8 0.005
0 173.7 0.005
0 174.6 0.005
0 175.5 0.005
0 176.4 0.005
0 177.3 0.005
0 178.2 0.005
0 179.1 0.005
0 180.0 0.005
