344.745000 53.013000 0.0060366
155.371000 143.029000 0.0058327
329.129000 141.643000 0.0057405
200.152000 52.663000 0.0059303
30.846000 9.307000 0.0060053
353.722000 148.694000 0.0059259
133.827000 25.667000 0.0059879
276.504000 70.230000 0.0058995
280.523000 152.460000 0.0060179
47.361000 126.428000 0.0059525
102.764000 141.046000 0.0057354
275.527000 169.787000 0.0060126
104.508000 52.379000 0.0060164
181.689000 57.064000 0.0057097
314.272000 94.490000 0.0058925
105.138000 36.271000 0.0059420
241.072000 99.019000 0.0059374
123.227000 57.219000 0.0059059
158.110000 127.851000 0.0057948
26.881000 132.870000 0.0060375
340.811000 36.403000 0.0060433
128.135000 144.754000 0.0059171
233.914000 139.903000 0.0057644
210.209000 146.184000 0.0059368
291.166000 23.764000 0.0056896
321.908000 126.358000 0.0059489
284.528000 117.803000 0.0060163
4.743000 133.881000 0.0060489
79.852000 83.771000 0.0060329
192.189000 70.120000 0.0059302
305.796000 78.579000 0.0059554
199.630000 131.415000 0.0060744
216.058000 20.850000 0.0060383
200.997000 115.313000 0.0059314
84.823000 52.249000 0.0060003
4.384000 42.864000 0.0059864
335.060000 114.006000 0.0059988
175.042000 25.233000 0.0060118
165.648000 85.333000 0.0059877
245.064000 126.571000 0.0059166
54.268000 96.833000 0.0059548
92.764000 20.139000 0.0060633
130.542000 114.436000 0.0059243
303.907000 141.401000 0.0059013
50.549000 24.516000 0.0059495
54.535000 40.291000 0.0057278
313.238000 64.093000 0.0059905
20.585000 102.760000 0.0060094
96.219000 83.428000 0.0060419
136.383000 129.685000 0.0060592
113.497000 112.401000 0.0057370
312.831000 35.960000 0.0059435
24.106000 149.168000 0.0059648
3.489000 102.679000 0.0060153
191.690000 100.217000 0.0060581
107.302000 174.037000 0.0060224
5.638000 165.389000 0.0060309
247.721000 84.492000 0.0057134
220.185000 127.573000 0.0060883
244.759000 68.562000 0.0059504
240.984000 52.928000 0.0059863
148.261000 114.230000 0.0058864
76.699000 144.630000 0.0059639
261.633000 76.863000 0.0059218
3.513000 75.206000 0.0057189
22.818000 54.560000 0.0059980
260.598000 59.963000 0.0060325
199.415000 163.302000 0.0060547
50.023000 142.111000 0.0059376
3.489000 58.937000 0.0059461
79.046000 36.515000 0.0059624
89.354000 67.979000 0.0059553
175.050000 99.496000 0.0059949
301.197000 50.442000 0.0060410
181.984000 147.509000 0.0059648
70.872000 98.184000 0.0060380
269.908000 107.836000 0.0059179
157.347000 99.506000 0.0060028
62.027000 113.073000 0.0059352
322.550000 80.216000 0.0060312
207.972000 98.088000 0.0059529
179.951000 41.111000 0.0059387
65.057000 54.096000 0.0059208
162.913000 54.306000 0.0059347
333.031000 20.008000 0.0059309
317.569000 110.516000 0.0059973
252.537000 111.317000 0.0059462
114.505000 127.892000 0.0061066
128.480000 41.908000 0.0058809
122.551000 72.695000 0.0057192
72.494000 68.715000 0.0059263
343.889000 129.651000 0.0059245
173.669000 71.246000 0.0059135
132.148000 85.675000 0.0058987
318.703000 157.485000 0.0059657
259.776000 140.598000 0.0059700
254.955000 27.315000 0.0059238
273.475000 88.653000 0.0060093
122.586000 98.737000 0.0059805
62.912000 82.811000 0.0060142
183.150000 85.161000 0.0060138
215.895000 82.306000 0.0060004
233.954000 113.982000 0.0059327
154.113000 38.707000 0.0060221
57.171000 159.070000 0.0060302
199.669000 84.242000 0.0059417
10.477000 26.289000 0.0059714
226.921000 66.747000 0.0060126
11.671000 118.502000 0.0060079
279.337000 54.304000 0.0059699
302.379000 125.098000 0.0059712
112.917000 85.320000 0.0059369
284.499000 100.640000 0.0059332
354.452000 88.013000 0.0059276
282.500000 134.328000 0.0059661
183.961000 115.681000 0.0059451
148.918000 84.742000 0.0060295
12.483000 88.651000 0.0059567
27.941000 84.299000 0.0059442
156.575000 69.671000 0.0060013
300.608000 109.222000 0.0059424
329.923000 97.289000 0.0059951
152.186000 10.097000 0.0059806
224.945000 97.061000 0.0059719
265.524000 124.113000 0.0060096
209.253000 67.382000 0.0060256
43.248000 54.228000 0.0059465
204.913000 36.344000 0.0060300
220.031000 51.591000 0.0059553
149.473000 159.230000 0.0059954
345.814000 101.104000 0.0059388
283.231000 38.929000 0.0059133
294.286000 65.729000 0.0060076
103.965000 98.622000 0.0059337
298.708000 93.412000 0.0057183
217.231000 111.742000 0.0057527
36.247000 69.053000 0.0059355
79.139000 113.762000 0.0059556
259.210000 43.578000 0.0060423
45.195000 110.507000 0.0057111
143.374000 54.507000 0.0059560
68.177000 128.972000 0.0060692
242.142000 155.777000 0.0059876
347.840000 69.792000 0.0059457
331.187000 66.214000 0.0059829
54.299000 68.312000 0.0060073
29.457000 116.719000 0.0058971
353.830000 116.335000 0.0059285
288.150000 81.635000 0.0059166
102.777000 157.587000 0.0059881
178.493000 131.204000 0.0060244
232.079000 82.198000 0.0058994
96.816000 114.358000 0.0059006
265.215000 9.247000 0.0059211
29.325000 39.064000 0.0059182
232.210000 37.454000 0.0059694
106.083000 68.717000 0.0059717
338.674000 83.473000 0.0060475
87.561000 98.851000 0.0060413
36.108000 97.609000 0.0059216
166.860000 113.694000 0.0058753
324.176000 50.248000 0.0060001
140.183000 99.784000 0.0059774
259.078000 95.680000 0.0059240
89.477000 128.613000 0.0059718
139.417000 70.059000 0.0059360
19.101000 70.423000 0.0058783
45.354000 83.052000 0.0060329
