18.1852 89.1061 0.000501635
319.68 63.6447 0.000496778
324.83 107.826 0.000501264
65.731 95.3387 0.000499045
248.556 148.276 0.000498998
335.194 123.386 0.000501179
291.253 59.1476 0.000500389
304.069 52.9062 0.000485613
322.223 31.5363 0.000500918
276.628 54.3575 0.000501508
22.7703 97.7382 0.000501539
170.906 92.1342 0.000499914
260.513 123.475 0.000501279
291.118 87.9783 0.000498893
295.523 75.7985 0.000500518
330.433 65.3276 0.000511296
353.67 87.4347 0.000499276
45.2591 69.1855 0.000500768
1.213 75.1164 0.000500853
146.092 8.57192 0.00050185
303.612 73.0717 0.000500946
331.5 113.78 0.000501367
192.52 27.9726 0.000501806
275.102 20.0456 0.00050029
213.695 80.3161 0.000501077
93.5828 114.684 0.000501388
64.0076 123.046 0.00049658
331.954 74.6177 0.000500116
98.929 57.2824 0.000501634
83.6156 75.5477 0.000500502
242.57 54.7175 0.000500922
161.539 93.262 0.000501194
294.747 42.3733 0.000500532
13.2347 152.465 0.000506024
123.915 123.315 0.000500724
345.001 45.5478 0.000501857
88.2873 107.495 0.00050062
279.692 115.617 0.000501635
54.5513 32.9429 0.000499773
1.92995 28.3653 0.00049921
123.061 144.9 0.000499955
51.304 85.8933 0.000505918
226.595 169.764 0.000499882
180.359 125.969 0.000501795
273.136 41.6832 0.000501103
131.116 88.5334 0.00049614
147.64 69.1417 0.000500577
72.2942 133.98 0.00050057
196.765 20.3944 0.000485001
310.338 78.7782 0.000501657
211.888 145.544 0.000501808
241.503 112.772 0.000501033
150.773 120.214 0.000495334
8.87659 139.707 0.000495621
186.82 79.0065 0.000500334
143.058 148.956 0.000492405
49.6838 120.386 0.000499676
209.788 20.5114 0.000508663
328.798 56.6725 0.000497233
78.81 83.0896 0.000500859
128.67 70.8204 0.000499716
4.40628 166.289 0.000499976
241.86 89.8356 0.000500893
310.688 140.322 0.000499641
2.92462 41.0371 0.000501168
294.002 173.879 0.000501766
154.846 111.238 0.000501079
226.812 45.3457 0.000501078
52.0758 37.4142 0.000500554
175.491 36.1605 0.000493418
183.437 111.443 0.000501518
289.69 83.3919 0.00049618
5.42714 45.4524 0.000500973
342.853 80.3685 0.00050877
3.68444 62.6161 0.000500973
166.41 105.9 0.000501596
101.224 156.403 0.000494793
150.992 42.5493 0.000500042
95.807 65.1662 0.000501444
231.784 151.657 0.00048844
266.263 130.06 0.000500999
261.678 20.8145 0.000499028
23.3796 119.08 0.000493109
24.0737 60.0069 0.000504356
346.657 82.6872 0.000486066
169.876 53.631 0.000501521
285.139 99.2143 0.000502522
318.602 76.3056 0.000501541
3.95244 108.787 0.000499815
106.211 131.437 0.000490345
297.476 110.763 0.000500274
207.214 69.2687 0.000494734
150.282 162.963 0.000500761
105.813 68.6458 0.000501705
105.292 152.379 0.000490183
138.126 104.236 0.000501496
111.814 85.0905 0.000500182
246.756 40.9062 0.00049708
5.20899 123.321 0.000507644
305.524 128.332 0.000483341
108.582 97.6878 0.000495688
95.0825 128.908 0.000494795
194.265 40.937 0.000501306
0.614152 92.0319 0.00050129
318.239 152.103 0.000501645
143.252 103.646 0.000501164
102.3 76.3566 0.000501339
307.613 56.2559 0.000507078
220.366 23.5053 0.000490909
48.3361 90.2067 0.000498884
168.204 66.5157 0.00050175
326.231 148.852 0.000501477
126.391 118.836 0.000500623
30.112 32.6422 0.000500997
156.783 145.765 0.000502442
84.1262 134.698 0.000501571
170.98 136.434 0.000502425
98.5391 116.751 0.000500957
34.0785 74.01 0.000487362
141.555 53.1234 0.000500898
70.074 74.1307 0.000487939
57.3451 41.1052 0.000501508
46.7491 51.2859 0.000501317
132.112 96.539 0.000502642
323.218 103.057 0.000501072
195.428 81.58 0.000500418
0.0790521 132.488 0.000502985
255.587 111.927 0.000499001
183.486 18.6876 0.000498053
17.3417 134.334 0.000488218
176.074 44.8608 0.00049968
351.804 45.1696 0.000501834
82.0521 32.9487 0.000498882
135.942 87.7105 0.000501653
209.564 48.2108 0.000501479
113.953 154.924 0.000510282
257.055 150.806 0.000500463
205.945 55.8864 0.000498851
21.6935 6.08839 0.000501719
175.961 140.235 0.000500954
310.224 91.6574 0.000501746
44.279 159.866 0.000496876
41.3882 77.9832 0.000499177
146.125 56.4432 0.00050104
229.379 72.0508 0.000497369
139.378 62.305 0.000500375
41.948 115.948 0.000498807
55.9055 110.854 0.000507991
251.247 104.534 0.000495696
151.94 94.3094 0.00050107
168.01 88.0904 0.00050065
339.882 67.5823 0.000498121
273.405 50.2596 0.000501216
91.97 99.984 0.000501184
314.178 13.9837 0.000500101
29.7739 56.8103 0.000496838
16.1331 113.924 0.000496344
14.1515 126.205 0.000485763
71.5259 57.2425 0.000499678
5.34522 32.7158 0.000500217
227.839 112.119 0.000501494
44.1461 60.7403 0.000497012
42.7888 10.0235 0.000496925
84.4337 144.961 0.000504827
145.888 86.7181 0.000500127
53.4011 145.992 0.000500249
86.7127 88.3599 0.000497258
115.489 136.235 0.00049988
346.293 133.214 0.000501279
70.6366 112.07 0.000497612
141.235 108.027 0.00050082
266.12 84.3127 0.00049543
236.502 78.5345 0.000500705
313.749 28.78 0.000501054
133.797 126.511 0.000502912
194.494 66.7614 0.00049833
345.603 75.6247 0.000502488
90.9189 33.8549 0.000501436
268.249 102.986 0.000502185
324.826 144.056 0.000501016
189.76 137.52 0.000500734
145.907 38.8842 0.000499163
277.11 70.9459 0.00050086
180.367 90.2699 0.000489898
28.5212 81.8419 0.000499588
87.8026 102.641 0.00050052
252.705 56.9547 0.00050161
101.499 126.146 0.000507879
13.732 50.6932 0.00049884
202.438 104.564 0.000499029
136.278 166.25 0.000500864
74.5455 80.655 0.000504114
154.228 63.735 0.000501576
141.067 138.137 0.000496131
202.827 29.2591 0.000498993
167.213 79.5264 0.000501854
331.743 47.3839 0.000501084
130.649 51.8831 0.000501192
52.5542 107.154 0.000498132
264.758 88.5087 0.000496805
282.261 15.7578 0.000501687
334.732 68.0992 0.000488951
226.593 116.924 0.000500575
317.918 59.4854 0.000484789
261.207 84.9092 0.000500287
187.796 91.6929 0.000502823
234.62 142.421 0.000503005
7.81515 118.604 0.000505041
121.302 127.647 0.000501936
139.65 171.102 0.000501373
111.856 123.658 0.000501145
204.629 51.2636 0.000500389
76.2691 150.526 0.000486826
139.024 91.5826 0.000501426
24.9605 49.2476 0.000499865
293.616 97.0631 0.000500862
289.991 100.584 0.000500797
188.572 74.5348 0.000495833
84.0959 110.028 0.00050058
260.688 133.115 0.000500505
356.151 74.8097 0.000500213
96.6736 138.749 0.000499126
132.737 27.8437 0.000502695
48.1019 15.4987 0.000509546
89.7487 131.947 0.000499483
146.683 158.377 0.000500653
166.318 49.6858 0.000500869
153.271 124.228 0.000499702
52.538 63.4618 0.00049947
41.1372 124.83 0.00050276
23.4031 123.598 0.000506543
150.124 98.697 0.000501368
185.737 48.9548 0.000501267
339.419 84.8951 0.000499715
334.482 97.0596 0.000501201
352.468 124.933 0.00049991
166.267 154.356 0.000500707
307.696 40.8102 0.000501307
265.84 125.297 0.000500972
351.423 20.1878 0.000490281
293.113 25.0378 0.00050092
33.6191 82.2442 0.000499154
134.972 161.457 0.000500486
76.1405 65.547 0.000494494
21.4055 30.4193 0.000501366
47.8433 98.6946 0.000500361
236.093 160.098 0.00050149
344.369 98.7713 0.000501239
265.207 115.814 0.000500908
86.8362 67.2021 0.000500111
3.43797 87.9889 0.00050132
283.877 94.4131 0.000503563
188.207 53.2941 0.000501468
342.521 137.282 0.000500958
69.9497 97.8703 0.000501595
18.6766 47.2195 0.000498495
322.506 134.336 0.000500318
325.422 48.9788 0.000503045
145.16 99.2457 0.000501445
20.8744 85.1795 0.000501556
308.903 50.5508 0.000495507
300.619 89.7179 0.000500829
263.525 67.8504 0.000501849
343.998 58.5708 0.00050105
135.091 100.42 0.000502105
301.875 147.224 0.000501701
173.425 66.195 0.00050145
298.553 72.0815 0.000501066
95.194 87.3906 0.000499139
167.301 58.035 0.0005019
170.055 83.506 0.00050141
129.483 61.2715 0.000501346
199.944 96.8642 0.00050124
189.289 104.978 0.000500959
159.91 110.884 0.000500914
128.73 114.176 0.000501194
287.516 91.4991 0.000497294
159.93 50.2377 0.00050081
131 109.572 0.00049992
146.397 73.7798 0.000499074
125.259 101.956 0.000498677
149.177 47.2383 0.00050084
214.736 110.537 0.000496736
55.3946 67.3292 0.000499326
337.613 93.4357 0.000500489
214.922 75.5068 0.000501484
255.9 34.8932 0.000491268
56.806 54.0447 0.000501255
50.7803 94.3131 0.000501714
51.2173 77.1634 0.000504101
107.705 46.7155 0.000501269
153.596 141.312 0.000496497
319.843 161.797 0.000501294
176.236 70.4264 0.000500853
155.92 59.2109 0.000501573
310.828 130.573 0.00049587
266.749 71.6302 0.000501452
307.65 112.226 0.000496358
258.875 155.717 0.000501648
111.03 75.4876 0.000501143
355.069 49.4023 0.000501445
249.774 128.453 0.000500787
358.384 14.1695 0.000507152
265.509 120.551 0.000501095
287.569 126.277 0.000500801
324.927 82.0301 0.000501783
114.766 127.681 0.000502825
89.7282 126.999 0.000498866
94.3441 119.631 0.000501223
57.1417 159.109 0.000498533
279.709 50.0699 0.000501166
303.573 124.063 0.000496196
282.335 79.1078 0.000496464
333.729 25.4383 0.000499281
201.955 133.637 0.000499102
6.27167 75.5031 0.000501014
199.386 67.2836 0.000485382
80.1333 41.0789 0.00050154
320.268 45.7893 0.000499643
269.851 75.5368 0.000500703
17.535 139.034 0.000507429
183.843 65.9167 0.000500251
86.5615 23.5516 0.000509508
182.928 44.6564 0.000500803
28.2212 68.9106 0.000505086
33.3426 90.2358 0.000501407
261.124 138.028 0.000500966
282.573 107.416 0.000501676
37.5452 107.061 0.000501838
109.499 119.427 0.000500276
318.88 156.952 0.000501032
338.436 59.2078 0.000499534
257.909 81.3066 0.000501359
134.065 64.0458 0.000501405
242.13 107.891 0.000500043
227.981 76.6334 0.00050042
15.9642 38.0603 0.000500941
226.541 54.981 0.000500337
333.329 131.961 0.000501709
343.967 16.4412 0.00048724
133.458 79.1759 0.000506269
125.79 34.6499 0.000492921
271.144 94.814 0.000499024
353.354 107.959 0.000500438
348.008 41.0858 0.000501882
159.345 76.1128 0.000501429
301.968 94.2747 0.000501035
95.9885 97.1316 0.000501101
11.3692 75.8532 0.00050213
94.8164 151.709 0.00050046
25.1009 101.985 0.000501546
230.955 62.4868 0.000499694
287.837 71.0388 0.000500754
236.026 33.7915 0.000499537
187.31 114.888 0.00050068
89.8694 80.6772 0.000492186
4.78389 100.607 0.000501424
182.189 161.884 0.000499644
115.588 77.7187 0.000500626
177.709 135.504 0.000502089
285.458 58.6836 0.000501395
130.03 56.5754 0.000501392
11.018 114.213 0.000503268
295.869 88.8468 0.000500388
124.645 58.6569 0.000501437
228.811 30.6302 0.000503463
13.6811 80.2864 0.000501791
200.218 54.7918 0.000502509
168.61 141.042 0.000500443
323.157 26.7946 0.00050042
195.863 154.838 0.000499798
297.043 156.684 0.000501108
19.2576 158.593 0.000491614
96.9749 106.764 0.000499598
73.9553 61.3998 0.000497999
275.799 96.6352 0.000499158
148.61 34.0262 0.000502264
108.69 136.069 0.000498659
235.343 65.5795 0.000499488
280.346 41.4723 0.000501293
350.195 8.96798 0.00050095
255.027 131.004 0.000500921
244.75 80.3627 0.000501123
61.4314 108.367 0.000496877
131.546 130.982 0.000500173
109.726 102.714 0.000496503
83.3219 58.0154 0.000501126
124.596 93.1401 0.000498008
68.6199 61.8221 0.000503217
70.0094 88.2068 0.000502353
106.172 110.194 0.000489825
260.339 113.954 0.000501112
224.285 90.6393 0.000501879
168.05 36.7153 0.000488179
74.3464 100.309 0.000502169
178.795 166.814 0.00050003
270.602 84.0859 0.000499149
203.67 99.9675 0.000500515
134.627 152.083 0.000496637
264.545 55.2114 0.000501531
112.988 23.6576 0.00050159
285.974 50.2302 0.000500648
284.776 82.9258 0.000487019
192.957 108.209 0.00050052
303.441 60.0493 0.000504585
306.125 107.759 0.000499063
136.054 108.721 0.000500072
313.914 62.6133 0.000496329
102.491 49.5552 0.000501219
356.997 137.008 0.000501416
3.89327 54.0066 0.000499815
356.707 158.191 0.000498134
280.045 137.261 0.000486151
237.465 109.415 0.000500773
160.763 37.1618 0.000491203
186.937 61.6249 0.000499615
175.983 53.3061 0.00050111
37.9915 98.5919 0.000502059
73.3293 129.256 0.000500404
249.596 78.9489 0.00050059
31.5647 65.1598 0.000499374
290.179 118.016 0.000500828
295.739 119.213 0.000503299
285.015 74.9589 0.000500426
100.903 22.4338 0.00049529
197.566 89.1852 0.000501827
54.3203 19.8223 0.00049591
60.2233 36.6779 0.000501553
177.551 86.8697 0.000489584
305.585 31.324 0.000501325
300.361 38.958 0.000500289
124.231 68.2018 0.000501118
280.551 84.3214 0.000507678
195.047 98.3415 0.000501542
169.37 17.3845 0.00050241
283.668 112.163 0.000501242
213.562 97.5509 0.000501206
350.994 74.7222 0.000497714
211.637 57.7421 0.000500906
48.5779 81.7325 0.00049974
106.931 31.9706 0.000501173
65.814 85.7586 0.000502077
141.567 74.7695 0.000496021
353.86 78.9213 0.000499405
212.472 67.6623 0.000496449
146.455 107.462 0.000500401
102.42 113.591 0.000499104
249.42 8.06945 0.000501414
140.153 99.8545 0.000501259
53.4229 72.3592 0.000502378
349.419 99.3554 0.000501014
44.9899 146.572 0.000500341
107.206 36.5837 0.000503604
86.9964 93.1401 0.00049975
188.875 87.2053 0.000500655
65.667 15.877 0.000495324
69.7732 121.68 0.000497094
358.634 45.1385 0.000501519
97.6278 111.736 0.000500674
301.926 21.736 0.000500337
40.2328 102.908 0.000501895
23.575 81.2537 0.00050126
147.576 51.8674 0.000500994
8.89053 71.5306 0.000500648
169.888 109.88 0.000501412
185.092 129.45 0.00050095
37.7526 35.3257 0.000502006
151.111 29.5151 0.000499942
33.662 119.993 0.000498023
227.046 40.4666 0.000500842
201.229 92.3336 0.000501482
40.4973 142.258 0.000503412
296.457 67.5768 0.000502475
309.938 125.378 0.000496482
200.494 80.1565 0.000498358
331.367 127.181 0.00050188
198.457 15.9817 0.000494414
78.962 154.773 0.000495705
286.302 103.939 0.000502119
8.73002 79.8737 0.000501864
326.032 68.9236 0.000502541
204.932 95.4421 0.000501143
303.938 86.0396 0.000501081
16.397 76.3054 0.000501529
157.949 41.7991 0.000498916
240.847 117.616 0.00050181
243.309 85.1354 0.000501565
205.054 33.917 0.000500936
248.695 138.505 0.000502465
78.6254 97.9792 0.00050163
293.44 127.024 0.000495987
358.553 87.7091 0.00050065
308.596 154.8 0.000500951
351.468 162.87 0.000499988
30.29 37.3622 0.000501118
65.8016 11.431 0.000497679
125.867 110.192 0.000501153
91.5062 9.99973 0.000502213
278.006 153.407 0.000501262
288.757 96.0139 0.000499882
288.707 113.344 0.00050074
70.3076 83.4629 0.000498009
17.4379 42.6388 0.000499981
162.332 45.7832 0.000499727
81.7174 66.0635 0.000497643
262.427 92.4429 0.000482706
302.309 81.3791 0.000501304
142.614 70.1356 0.000499129
11.6896 67.6406 0.000499812
219.497 135.099 0.000484103
343.317 128.756 0.000501328
294.888 11.9032 0.000500254
123.466 25.5144 0.000501785
357.735 116.585 0.000496373
324.515 22.019 0.000499192
326.447 112.638 0.000501028
285.933 165.664 0.000501951
240.568 94.6448 0.00050116
280.459 97.9286 0.000501264
226.94 11.2228 0.00050213
182.09 53.1365 0.000500584
129.686 122.77 0.000499855
75.8238 44.9059 0.000501667
161.501 12.6929 0.000502521
155.049 98.2442 0.000501071
181.441 61.6363 0.000501099
38.4599 90.3827 0.00050127
45.7945 94.511 0.000502358
298.457 97.9595 0.00050127
155.303 154.515 0.000500027
319.989 124.475 0.000501858
317.796 147.269 0.000501497
191.793 78.4783 0.000496047
119.424 37.0794 0.000487489
20.7658 144.73 0.000492656
276.608 45.8373 0.000501272
316.481 109.964 0.000499083
11.8464 28.8299 0.000502362
65.6734 90.723 0.000501612
273.866 109.376 0.000500848
292.452 109.823 0.000501159
211.179 106.731 0.000498868
179.189 130.741 0.000500997
207.086 126.077 0.000502072
297.092 59.8334 0.000497482
103.519 54.3199 0.000501604
195.983 145.313 0.000498871
36.0254 49.7657 0.000500645
196.225 164.636 0.000498166
157.21 167.458 0.000500699
219.559 91.8364 0.000501689
146.569 124.498 0.000509085
87.2647 54.4716 0.000501414
65.7407 66.0841 0.000498231
61.9821 24.3419 0.000494797
344.922 150.148 0.000500792
50.291 129.017 0.00050112
189.133 142.319 0.000501731
161.098 141.421 0.000499272
260.213 109.171 0.000500489
143.667 65.5564 0.000500261
275.206 140.961 0.000495851
17.7068 97.353 0.00050121
152.703 68.3019 0.000501207
20.7295 163.55 0.000498686
234.838 101.001 0.000501481
220.29 28.2912 0.000497747
348.186 107.563 0.000501396
292.147 50.7403 0.000499447
250.12 91.9134 0.00050183
243.214 135.588 0.000501731
35.3395 124.546 0.000503695
99.429 35.2784 0.00049903
343.726 86.0635 0.000494849
79.7641 112.403 0.000500073
118.254 150.148 0.000503735
190.762 127.892 0.000500667
202.817 138.325 0.000503365
139.909 79.4521 0.000490822
303.979 26.5677 0.000500846
137.443 83.108 0.00050351
200.906 114.515 0.000493324
285.639 135.132 0.000507108
200.25 24.6649 0.000495252
311.97 83.4386 0.000501906
294.568 55.3533 0.000499647
297.298 139.388 0.000499409
85.1228 37.4078 0.000500996
88.043 29.2301 0.000495498
223.498 126.273 0.000498144
271.41 126.832 0.000500476
103.984 139.886 0.000498368
298.593 34.3298 0.000500725
63.8144 32.3569 0.000501366
197.925 62.7457 0.000496923
318.805 55.1215 0.000493494
314.24 38.3378 0.000501408
332.934 79.7031 0.000496993
21.4264 76.7598 0.000501621
287.561 145.023 0.000497868
30.9103 86.1115 0.000500462
267.096 50.7597 0.00050098
243.01 102.921 0.000500623
30.4474 42.0887 0.000500871
254.139 39.7969 0.000496142
307.867 121.045 0.000508531
236.914 56.0929 0.000501333
352.59 95.6085 0.000499909
161.579 58.5547 0.000501816
277.242 128.235 0.000498967
347.062 116.034 0.000500568
349.508 120.549 0.000500269
19.5548 127.44 0.000499876
233.722 87.9536 0.000501785
14.5635 10.9062 0.000497752
73.5355 70.6727 0.000506838
100.855 66.8166 0.000501925
115.14 33.4366 0.000508696
74.3201 124.513 0.00049902
353.08 133.205 0.000500389
216.446 155.24 0.000505006
296.52 46.9487 0.000499552
349.6 58.1899 0.000501582
115.247 119.641 0.000500316
70.5518 116.826 0.000495809
208.996 161.464 0.000488751
32.9004 173.079 0.000501504
165.307 145.623 0.00050166
317.454 142.419 0.00050059
220.751 87.178 0.000501417
277.742 106.084 0.00050139
137.089 117.246 0.000499151
201.34 109.351 0.000495751
245.145 45.4908 0.000499414
301.372 119.976 0.000498745
317.243 9.05986 0.000499119
181.707 27.3379 0.000502043
159.195 124.145 0.00050238
251.027 61.5486 0.000501582
15.0384 16.0404 0.000497738
163.35 115.05 0.000500735
115.207 103.2 0.00049497
331.252 87.7707 0.000501459
46.94 124.844 0.000501799
84.1384 139.782 0.000502647
70.0972 78.6654 0.000497845
221.245 130.813 0.000496964
99.7921 121.597 0.000501564
9.12578 63.1698 0.000500256
242.794 72.233 0.00050103
319.9 106.537 0.000500343
258.723 25.6943 0.000501088
24.966 140.94 0.000505767
214.804 92.978 0.000501361
60.9651 93.3578 0.000508919
240.396 64.0897 0.000500532
173.064 57.664 0.000501757
345.034 67.0895 0.000500833
39.4925 69.5492 0.00050545
88.2026 76.6362 0.000503076
101.577 108.582 0.000497278
272.047 99.7296 0.000502505
112.092 89.8648 0.000497069
208.816 81.757 0.000501844
264.652 16.1283 0.000502371
85.2492 164.224 0.000499415
256.631 47.8606 0.000500747
100.508 130.492 0.000488887
285.731 7.13278 0.0005008
157.819 67.5781 0.000501548
56.4721 128.382 0.000501959
3.20573 116.884 0.000487598
147.847 82.2334 0.00050059
6.9537 104.915 0.000501045
230.255 84.6231 0.000501639
40.5688 151.073 0.0005012
328.021 91.3551 0.000501631
264.723 75.9978 0.000500672
159.94 20.5976 0.000493528
45.1555 111.602 0.000504274
324.799 94.9012 0.000501711
320.841 68.264 0.000497921
281.517 102.68 0.000501771
167.886 101.33 0.000501613
313.53 88.0949 0.000501842
142.837 48.476 0.00050067
79.6486 61.7049 0.000500228
70.0301 93.02 0.000499549
43.1349 43.1607 0.000500983
260.428 118.709 0.000501313
55.127 120.012 0.00049749
252.868 82.3402 0.000499719
316.872 137.498 0.000501727
269.865 24.5685 0.000501404
78.6774 49.2178 0.000501711
29.485 124.003 0.00050435
334.495 55.5946 0.000502076
233.933 38.6553 0.000498752
213.19 35.6149 0.000502458
152.698 81.4363 0.000501411
342.485 50.0739 0.000501534
138.457 66.8933 0.000499525
5.54713 92.3258 0.000501542
46.3042 77.5352 0.000502317
13.2931 118.555 0.000497479
181.832 13.7517 0.00050118
320.075 80.9767 0.000501321
14.8919 101.275 0.000500866
212.018 128.431 0.000486184
48.3183 142.044 0.000502316
45.8686 33.8116 0.000501504
65.8894 57.603 0.000502155
107.252 173.058 0.000501556
25.8308 85.7022 0.0005006
186.23 70.2378 0.000500072
166.842 132.436 0.000500156
142.947 26.0541 0.000500865
117.835 106.856 0.000497868
103.367 86.0923 0.00050024
28.2099 89.9724 0.000501097
273.437 87.6241 0.000484937
207.235 174.045 0.000501068
273.484 149.087 0.000500502
220.58 37.865 0.000501703
207.091 60.4825 0.00049552
226.649 98.8411 0.000501981
343.08 107.009 0.000501881
238.363 132.283 0.000500079
7.60283 49.9507 0.00050011
238.682 46.6724 0.000501044
77.4133 141.554 0.000497373
279.652 58.507 0.000501542
50.1999 150.719 0.000500656
192.608 90.4944 0.000501764
336.278 63.7747 0.000499176
100.771 147.976 0.000496578
141.674 30.6819 0.000500003
300.507 56.3006 0.000493331
338.809 154.356 0.000501089
203.289 64.5425 0.000504249
135.355 147.287 0.000485713
133.063 104.923 0.000500995
326.388 86.7536 0.000500848
151.927 55.4716 0.000501306
250.498 118.816 0.000500946
143.879 90.9683 0.000502616
138.852 40.4109 0.000499806
129.096 92.53 0.00050129
112.913 115.452 0.000498204
37.1378 40.0788 0.000501831
139.104 112.491 0.000499049
229.249 125.257 0.000500573
54.9988 102.611 0.000494072
314.314 122.743 0.000499355
341.09 145.792 0.000500696
241.363 77.0411 0.000500948
175.601 91.4456 0.000497192
176.013 122.311 0.000501187
30.9469 150.73 0.000501385
299.765 102.496 0.000501233
34.802 111.184 0.000502259
0.785404 112.564 0.0004972
161.243 28.8292 0.000498629
222.84 139.253 0.000496914
246.276 111.119 0.000500534
345.59 90.6366 0.000500167
351.503 28.4141 0.000500249
347.764 71.1383 0.000505057
18.4122 118.182 0.000485972
292.369 92.526 0.00050033
146.151 21.2987 0.000500412
205.234 112.446 0.000484706
341.116 28.987 0.000500469
269.125 107.855 0.000500239
163.079 101.852 0.000501568
261.469 38.5252 0.000499207
179.633 40.3886 0.000499624
288.637 54.6985 0.000501047
235.061 83.2219 0.000501434
159.597 63.0422 0.000501816
66.0583 109.62 0.00049189
305.405 90.6497 0.000501335
224.242 73.2207 0.000495255
115.027 68.1032 0.000501712
43.5159 73.436 0.000498318
17.249 67.9411 0.000503404
171.284 105.263 0.000501565
65.7279 114.198 0.00049193
159.836 158.896 0.000500685
220.994 47.6614 0.000501561
192.155 49.3058 0.000501166
340.816 124.158 0.00050127
136.774 76.2385 0.000486887
97.6709 52.5511 0.000501387
267.939 139.683 0.000499061
254.889 135.965 0.000501443
336.234 101.679 0.000501664
253.754 95.4189 0.000499681
124.349 77.9053 0.000501126
282.654 54.3619 0.000501478
34.5402 133.252 0.000501517
89.7901 122.296 0.000502652
87.3758 97.8858 0.000500695
43.7644 82.0491 0.000499267
124.396 63.3995 0.000501417
248.169 143.495 0.000503893
83.1906 100.346 0.000501217
125.412 88.4101 0.000509441
206.256 107.702 0.000495479
196.144 58.252 0.000499648
188.198 147.183 0.000500288
236.097 20.7162 0.000503165
25.9699 127.834 0.000498543
255.256 126.137 0.000501022
230.442 67.249 0.000496716
196.133 32.5275 0.000502582
60.2268 58.0018 0.000500234
29.1029 61.249 0.000485541
48.5458 73.0701 0.000501225
358.598 124.871 0.000495996
2.62804 128.081 0.000503191
100.519 39.8828 0.000501331
335.098 162.961 0.000501016
158.584 89.242 0.000501306
238.175 29.4153 0.000496489
82.4513 85.7042 0.000496009
319.917 93.8126 0.000501743
119.725 70.5148 0.000501682
122.88 106.217 0.000503547
116.424 91.969 0.00049187
35.2477 102.663 0.000502033
240.138 122.452 0.00050153
74.9742 24.1101 0.000496291
179.273 48.9689 0.000500395
164.916 110.47 0.000501315
12.6794 96.9667 0.000501337
330.763 158.32 0.000500839
206.957 38.6623 0.000501335
38.9162 61.8548 0.00048522
110.625 70.6783 0.000501563
73.1503 32.2907 0.000501857
105.03 100.955 0.000500615
254.726 65.0753 0.000501838
179.682 148.646 0.00050032
304.695 103.284 0.000500206
61.7644 97.8716 0.000490173
178.212 8.87186 0.000501309
122.63 98.1627 0.00049542
23.1537 89.5737 0.00050108
92.6055 73.1994 0.000500634
174.835 109.048 0.000501682
203.091 143.202 0.000497029
240.367 145.598 0.000505391
216.021 88.3401 0.000501843
90.0695 136.982 0.000500117
199.545 169.379 0.000500463
110.171 65.8837 0.00050183
126.158 39.6359 0.000497272
108.057 127.249 0.000507038
251.385 87.1307 0.000500754
298.187 51.5927 0.000496545
219.212 122.867 0.000503605
160.456 84.6601 0.000501831
349.734 137.46 0.000501104
221.929 82.5013 0.000500973
235.941 96.1254 0.00050177
332.86 92.3666 0.000501919
164.232 75.5223 0.000501439
215.122 15.422 0.000501313
155.665 85.3043 0.000501625
245.249 93.154 0.000500026
44.369 38.4712 0.000501386
330.619 140.477 0.000501579
133.196 32.4351 0.000498168
315.228 79.857 0.000501895
329.631 83.1962 0.000499743
36.4809 65.7206 0.000494137
120.44 163.454 0.000501836
63.119 62.0361 0.00049989
23.4955 154.394 0.000506967
329.708 122.373 0.000500838
38.5575 30.5655 0.000502122
144.822 78.4756 0.000499045
291.201 105.186 0.0005012
269.362 89.4172 0.000508762
202.199 11.3091 0.000498735
299.165 134.809 0.000490542
113.053 39.1962 0.00049461
184.62 57.3581 0.00050035
355.673 66.4742 0.000500904
220.474 33.0522 0.000500509
68.1952 70.0947 0.000493504
31.3065 159.675 0.000494467
15.9501 84.7039 0.000501904
186.513 119.814 0.000500292
153.691 50.9289 0.000501066
270.983 157.157 0.000501673
45.1776 103.025 0.000501551
232.706 110.825 0.000501245
271.364 11.4804 0.000500426
323.258 58.946 0.000508842
282.431 70.8492 0.000500261
60.554 74.9998 0.000492557
61.1768 83.9584 0.000502579
172.175 79.1191 0.000501148
267.438 98.212 0.000501165
22.2515 105.921 0.000500981
201.444 41.9328 0.00050142
333.507 42.7157 0.000501241
215.299 165.668 0.000496293
168.787 127.824 0.000501862
3.69755 71.086 0.000500937
71.1544 66.1377 0.000503894
79.1011 78.5482 0.000498372
244.158 130.506 0.000500601
206.354 74.0103 0.000497834
245.374 120.731 0.000501466
137.619 71.5132 0.000497414
324.609 64.5342 0.000496263
340.326 54.6319 0.000501187
293.862 114.508 0.000500772
115.281 144.992 0.000499304
95.5357 133.892 0.000497632
292.598 79.5645 0.000499401
129.255 135.636 0.000500593
54.9572 45.6355 0.000501536
36.3745 78.3026 0.00049613
207.451 103.147 0.000498742
312.819 57.662 0.000497409
213.738 150.055 0.000501011
239.195 68.892 0.000500581
318.245 101.897 0.000501305
239.28 127.343 0.000501735
197.43 71.5809 0.000506232
151.263 72.9232 0.00050032
166.235 92.7162 0.000500803
313.372 23.9579 0.00050026
206.262 90.9563 0.000501079
249.254 133.447 0.000501467
104.405 59.0881 0.000501842
91.4959 95.1991 0.000500509
61.7541 44.9903 0.000501645
159.874 97.8067 0.000501507
163.31 88.6662 0.000501224
96.5772 101.98 0.000501973
50.5135 24.5202 0.000500571
17.7082 60.1457 0.000494104
100.483 99.0511 0.000501113
60.7975 102.777 0.000513572
319.1 119.733 0.000498361
81.1444 53.5891 0.000501534
355.238 58.0508 0.000501758
358.361 145.538 0.000500711
125.159 131.63 0.000500778
336.619 114.738 0.000501488
313.63 75.2108 0.000501418
110.129 148.67 0.000487765
74.711 105.029 0.00050034
19.2942 72.36 0.000500719
221.944 100.043 0.000501761
68.4812 126.319 0.00049983
225.875 64.4733 0.000492565
343.684 158.757 0.000500186
262.251 59.6666 0.000501889
299.802 128.481 0.000502814
165.025 62.4828 0.000501983
15.4611 93.0329 0.000501586
249.733 12.9189 0.000499693
96.7172 69.9304 0.000501559
309.738 104.238 0.000500581
0.866486 120.801 0.00049033
31.974 128.59 0.000501666
178.525 112.722 0.000501488
317.095 71.7066 0.000500403
241.961 140.68 0.000502836
319.43 50.5614 0.000498326
311.712 96.233 0.000501793
107.723 87.9727 0.000499407
72.4643 40.6562 0.000501259
23.6389 136.311 0.000497892
21.5185 114.229 0.000496608
91.1257 90.4015 0.000499097
84.316 129.702 0.000500298
18.0135 20.8459 0.000501607
14.6146 63.846 0.000497839
162.801 128.305 0.000501831
230.081 138.655 0.000500503
217.232 83.6562 0.000501954
248.683 153.324 0.000500799
193.908 86.0117 0.000501769
276.828 37.1916 0.000500878
93.2269 55.7163 0.000501238
326.463 99.5346 0.000501535
226.694 50.1673 0.000501069
91.5543 51.0834 0.00050149
266.754 134.831 0.000499485
48.3488 46.598 0.000500867
281.11 32.8505 0.000500668
1.2487 83.6161 0.000500484
225.48 68.8856 0.000486992
174.649 127.04 0.00050179
295.362 131.386 0.000486448
172.843 158.32 0.000500824
161.515 106.372 0.000501344
216.975 60.0242 0.000498456
145.604 120.113 0.000485379
110.764 111.095 0.000487491
79.8947 117.378 0.000500603
175.964 61.7895 0.000501707
114.444 58.5241 0.000501853
176.906 153.46 0.000500536
164.929 123.791 0.000501836
69.5599 176.965 0.000501601
212.32 6.77238 0.000500595
250.17 123.602 0.000501232
184.557 106.571 0.000501637
297.164 93.4174 0.000501079
252.558 178.07 0.00050143
177.319 79.1983 0.000502578
339.381 98.009 0.000501273
308.255 99.7332 0.000501151
146.283 140.949 0.000485175
214.856 138.195 0.000494946
29.9384 27.9037 0.000500451
301.11 107.043 0.000501067
125.689 44.4795 0.000499518
172.533 171.536 0.000501186
265.929 29.1442 0.000502996
244.792 125.579 0.000501469
32.6858 141.907 0.000504741
31.6421 13.9051 0.000485308
29.8432 23.1314 0.000498981
109.666 61.0976 0.000501967
123.001 20.5263 0.000500702
111.65 140.532 0.000500594
203.164 46.6092 0.000501226
222.846 113.333 0.000502051
118.614 131.838 0.000499301
120.827 110.793 0.000498738
272.955 104.548 0.00050218
174.162 74.871 0.000500927
82.8764 45.4848 0.000501784
229.104 107.232 0.00050071
248.683 36.2445 0.000486253
183.594 93.4628 0.000496617
119.882 75.3297 0.00050122
119.528 56.1613 0.000501333
59.4736 149.677 0.00049961
152.982 115.709 0.000500337
212.449 84.9825 0.000501544
346.259 103.17 0.000501488
169.173 75.0691 0.000501114
196.56 45.5392 0.000501869
112.928 94.78 0.000498454
321.496 36.2732 0.000501012
22.5767 35.1172 0.00050138
116.332 87.2473 0.000499341
217.185 101.123 0.0005013
246.68 88.4996 0.00050174
191.497 118.224 0.000499303
234.048 15.7178 0.000497542
120.915 89.6125 0.000498421
84.6888 119.934 0.000501793
233.793 105.906 0.000500981
233.084 43.4776 0.000500332
196.783 111.391 0.000499251
310.265 65.9573 0.00049956
325.623 125.965 0.00050201
151.697 16.6913 0.000498837
201.833 128.695 0.000503446
219.562 109.572 0.000499154
343.315 167.36 0.000501199
6.40784 144.567 0.00049706
46.2685 155.319 0.000503625
248.454 53.4974 0.000501028
131.365 47.1597 0.000500557
311.305 108.74 0.00049935
321.552 98.4166 0.000501602
74.2131 90.557 0.000501328
76.838 146.132 0.000491875
262.287 142.929 0.000500311
104.232 95.9301 0.000498575
171.215 70.6481 0.000501428
293.857 63.4848 0.000499518
24.3006 44.4937 0.000500835
101.276 103.92 0.0005027
90.8205 85.584 0.000496278
62.7449 53.4846 0.000501957
107.508 115.017 0.000496586
21.7579 149.652 0.000500648
352.111 53.7714 0.000501398
318.35 89.1726 0.000502074
68.4551 28.1422 0.000500436
352.661 62.3737 0.000502617
11.1949 135.487 0.000498131
300.035 152.02 0.000500537
144.52 153.731 0.00049985
128.281 85.0225 0.000486005
228.999 89.3408 0.000501997
358.81 79.1951 0.000500554
231.456 57.7589 0.000501006
173.088 131.744 0.000500812
115.31 72.9069 0.000501354
279.703 66.765 0.000501174
19.9051 25.6754 0.000501054
103.806 118.44 0.000500274
65.603 75.6675 0.000509045
183.369 35.9579 0.000498062
304.635 132.785 0.000498632
340.724 89.7901 0.000498837
236.643 114.296 0.000501252
19.9665 101.653 0.000501439
74.9229 53.1233 0.000501181
212.636 62.5307 0.000496659
61.6126 144.825 0.00049902
60.4683 118.651 0.000503042
74.2493 95.4957 0.000501374
120.06 80.165 0.000499761
30.5353 18.344 0.000495076
297.465 80.4371 0.0005006
58.5505 136.753 0.000500817
196.17 126.075 0.000500003
78.9848 102.737 0.00050109
55.9595 76.3911 0.000503067
328.113 104.257 0.000501507
236.125 60.8088 0.000500851
355.66 91.736 0.000500351
149.34 136.845 0.000506846
147.761 115.73 0.000496621
232.475 92.727 0.00050205
236.835 137.378 0.00050155
210.682 25.7966 0.000501971
170.649 149.649 0.000499681
321.438 111.37 0.000500886
221.485 57.5219 0.000500759
127.571 127.204 0.000501902
162.989 66.973 0.000501695
255.624 107.24 0.000496293
126.954 148.938 0.000497344
350.655 91.3509 0.000499095
260.78 51.4793 0.00050128
30.2134 102.328 0.000501679
212.361 102.119 0.000500515
268.008 59.0303 0.000501621
250.673 173.08 0.000501292
270.773 122.122 0.000500955
4.01723 136.215 0.000498533
252.42 3.12093 0.000501259
156.571 106.771 0.000501413
38.9497 120.333 0.000499369
93.5518 77.6427 0.000499308
336.276 50.9298 0.000501761
197.585 106.304 0.000498472
135.236 121.986 0.00049776
152.037 149.977 0.000496882
41.708 20.8024 0.000499767
276.769 101.352 0.000500907
246.717 106.262 0.000498781
170.485 62.0639 0.00050189
66.0474 81.0688 0.000497685
177.499 99.694 0.000501002
153.285 37.7887 0.000497113
239.755 41.9389 0.000500427
99.5459 89.2079 0.000500274
71.1134 138.661 0.000500321
140.379 35.4448 0.000501354
263.289 46.9589 0.000500404
191.375 70.1692 0.000492608
193.524 74.1005 0.000483966
29.3482 73.3129 0.000496078
54.317 163.934 0.000499821
105.691 122.977 0.000502283
82.5864 90.7258 0.000500319
68.1565 147.984 0.000496323
8.96389 156.572 0.000490532
54.1507 132.955 0.000501673
155.669 46.3726 0.000500485
299.153 16.7865 0.000501293
272.351 33.0037 0.000499855
38.7972 82.3267 0.000498592
262.89 80.4585 0.000500582
142.36 133.735 0.00049543
95.5211 92.2541 0.000499924
67.3857 6.51457 0.000499054
30.3688 137.313 0.000500886
172.141 118.472 0.000500641
335.552 136.683 0.000501145
133.947 113.422 0.000500084
144.231 43.7275 0.00050031
57.5038 106.321 0.000488559
344.007 120.115 0.000500954
274.632 114.153 0.00050103
194.245 53.7692 0.00050076
269.704 112.656 0.000500918
125.271 49.2283 0.000500685
99.9863 62.0405 0.000501797
234.777 123.979 0.00050138
52.854 50.2307 0.000501469
109.78 18.7775 0.00049856
91.8109 68.4684 0.000500458
280.719 120.357 0.000502043
266.023 42.3132 0.00050056
261.514 72.2899 0.000501444
82.8221 95.5712 0.000501519
294.435 84.2229 0.000499207
289.935 33.2833 0.000500846
286.147 121.593 0.00050164
198.494 50.1465 0.000502165
199.005 84.7185 0.00050106
122.293 135.995 0.000498757
77.9823 136.823 0.000500011
333.045 105.344 0.000501753
208.793 135.827 0.000505722
57.5178 98.7587 0.000493488
134.168 92.253 0.000499677
190.37 132.692 0.000502062
353.719 141.516 0.000502149
263.883 33.7169 0.000497594
151.583 107.044 0.000500168
270.585 54.6612 0.000501362
30.5561 46.8554 0.000499876
313.911 118.324 0.000493653
272.743 79.7176 0.000502647
322.172 72.7395 0.000500077
56.918 115.319 0.000486671
294.871 101.61 0.000500981
39.7243 25.7514 0.000502239
89.1122 59.0287 0.000500823
78.405 88.217 0.000498635
226.182 59.8145 0.000499174
42.0115 47.8992 0.000500299
156.789 93.7808 0.00050108
101.901 135.318 0.000496307
209.472 140.979 0.000497901
349.524 129.081 0.000500391
237.149 91.2929 0.000501611
106.669 144.3 0.000497603
17.631 122.6 0.000504732
186.957 40.413 0.000500324
172.722 87.5063 0.000498891
148.167 145.373 0.000499355
169.367 96.7467 0.000501152
301.729 68.3953 0.000501364
265.671 63.43 0.000501923
271.971 71.223 0.00050147
49.3583 59.5993 0.000498422
9.14433 109.35 0.000499865
19.2918 109.889 0.000499878
148.111 132.369 0.000484271
303.319 98.7915 0.000500807
283.41 149.371 0.000500529
57.6605 80.7095 0.000493204
95.097 26.2018 0.00048473
206.187 121.669 0.000492482
47.8126 29.1658 0.000501346
260.156 64.1468 0.000501965
106.389 73.445 0.000501449
42.2113 65.5444 0.000496453
321.251 129.371 0.000501404
62.4734 127.628 0.000499255
256.093 85.7507 0.000497891
217.883 142.678 0.000500931
330.085 4.50249 0.000502429
288.969 20.3513 0.000500818
36.5675 146.561 0.000499522
220.787 68.4708 0.000508524
165.09 41.3332 0.000496946
185.307 83.4551 0.000501789
214.138 40.4792 0.000502177
209.926 94.1405 0.000500709
47.0326 115.973 0.000496894
37.2975 164.392 0.000499556
35.7272 94.3734 0.0005021
225.528 103.626 0.000501288
67.3997 152.865 0.000498626
210.853 119.781 0.000487217
13.9613 142.884 0.000486175
60.7243 66.8445 0.000503746
283.181 141.169 0.000490858
140.715 87.0944 0.000503397
134.604 156.766 0.000499258
6.20354 113.223 0.00049526
338.287 46.3009 0.000501925
355.113 120.775 0.000498574
81.4162 159.463 0.000498813
151.895 175.847 0.000501413
282.494 62.6987 0.000501398
317.864 114.875 0.000500037
299.789 63.8222 0.000503568
170.535 123.184 0.000501499
258.568 55.9837 0.000501746
245.849 115.926 0.000501423
116.483 168.315 0.000501806
218.423 78.8575 0.000502577
103.567 164.445 0.000502855
176.153 104.366 0.000501675
31.7278 115.326 0.000499323
343.47 37.1856 0.000501778
291.767 122.561 0.000499171
237.89 73.7436 0.000500507
178.644 66.0132 0.000501159
107.003 41.7972 0.000499826
78.8972 73.9762 0.00049259
95.3526 124.399 0.000504118
68.9098 157.415 0.000499265
42.5649 107.283 0.000501562
65.5634 135.584 0.000500662
137.709 45.3042 0.000500229
31.27 77.9715 0.000497559
68.7263 44.7484 0.000501439
222.69 151.366 0.000492374
119.554 41.9426 0.000497492
188.248 109.93 0.000501193
329.42 34.7052 0.000501154
206.612 157.096 0.000490984
308.4 45.5965 0.000500582
263.489 101.377 0.000498109
227.472 156.181 0.000498814
148.901 90.4741 0.000500985
172.797 49.2578 0.000500646
83.6168 80.1455 0.000507337
87.8942 71.9935 0.000498906
255.023 140.949 0.000502556
24.5468 110.253 0.000499804
189.775 44.858 0.000501104
267.833 79.8388 0.000498753
201.543 119.054 0.000502941
287.574 78.9697 0.000497808
34.2494 60.0797 0.00050578
157.705 33.0658 0.000504334
246.991 58.0975 0.000501208
244.024 97.9913 0.000500395
312.912 113.327 0.000496086
272.253 131.535 0.000500349
301.314 169.183 0.000502245
165.236 84.0642 0.000501903
79.1725 127.173 0.000499635
167.191 4.14475 0.000501528
102.975 14.2902 0.000502601
123.608 30.3762 0.000503867
63.718 140.191 0.000500555
202.61 87.8591 0.000500941
20.8653 56.5013 0.000483676
142.071 95.422 0.000501628
221.983 160.362 0.000506501
7.67084 96.6277 0.000501414
208.662 98.6338 0.000500132
58.5533 123.69 0.000501616
215.628 50.208 0.000501587
25.4451 54.1689 0.000493517
246.247 75.5824 0.000500995
338.059 141.297 0.000501264
6.94467 131.844 0.000504772
346.568 124.678 0.000500937
205.108 78.5638 0.000501508
69.9726 102.665 0.000500779
50.0871 102.935 0.000500975
278.785 145.292 0.000499075
313.494 53.1255 0.000502106
148.33 103.093 0.000500897
238.479 86.5204 0.000501333
273.934 169.76 0.000502571
351.659 36.7219 0.000501644
139.061 13.1633 0.000500295
199.241 37.2291 0.000501228
347.491 175.747 0.000501531
142.314 116.222 0.000495986
327.347 17.1923 0.000497298
202.665 70.486 0.000495328
241.29 37.1112 0.000495794
223.593 19.2861 0.000488833
328.341 78.3539 0.000502391
293.346 71.3382 0.00050143
305.097 64.7275 0.000501457
286.281 87.0648 0.000490524
302.93 48.2028 0.000496623
340.65 41.7109 0.000501849
131.777 118.107 0.000500481
175.543 22.5102 0.000510057
210.645 52.967 0.000501251
162.351 80.0809 0.000501932
287.58 41.6981 0.000501166
315.679 67.0676 0.000501538
166.808 163.076 0.000500422
332.741 145.195 0.000501046
209.888 111.455 0.000491111
144.03 128.737 0.000497489
38.0153 129.069 0.000501866
337.968 33.5022 0.000501155
349.915 154.315 0.000500001
217.501 127.396 0.000495282
107.346 83.1075 0.000501169
158.229 102.301 0.000501574
235.73 119.151 0.000502085
347.498 95.0268 0.000500871
178.886 95.0168 0.000498987
137.934 130.085 0.000501261
133.391 68.7768 0.000500982
80.7106 19.3043 0.000494956
256.359 73.2066 0.00050176
355.432 112.265 0.000499342
341.214 102.517 0.000501772
133.933 23.0054 0.000500942
57.328 154.49 0.000501649
328.072 117.503 0.000500887
46.2872 86.0892 0.000502338
273.827 58.635 0.0005015
254.542 52.3981 0.000501399
178.838 57.4333 0.000501255
124.283 73.0914 0.000501846
79.6633 122.289 0.000499837
68.7364 53.1003 0.000500832
284.738 37.2539 0.000501057
233.575 128.845 0.000501957
63.0744 1.71476 0.000500922
313.24 100.788 0.000501467
6.34224 67.1052 0.000500717
238.985 155.346 0.000498847
346.98 32.7466 0.000501373
341.78 63.086 0.000502245
158.201 115.395 0.000500078
225.487 85.9488 0.000501619
124.365 82.763 0.000496772
313.163 19.0228 0.000499754
9.66874 54.5603 0.000498355
259.652 76.7898 0.000501384
67.7407 20.355 0.000482677
249.416 66.1943 0.00050167
101.63 71.5694 0.000501362
275.812 83.6279 0.000497834
98.3532 143.432 0.000499535
241.462 59.3747 0.000500991
201.376 75.0778 0.000504303
47.5754 107.337 0.000500839
185.899 124.63 0.00050196
103.907 91.0583 0.000500943
240.139 24.9362 0.000483564
48.0526 168.693 0.00050083
59.1226 49.4864 0.00050195
303.333 142.526 0.000500397
166.158 70.9954 0.000501342
301.756 43.5745 0.000499248
359.915 36.7097 0.000501104
330.707 70.3205 0.000492941
196.247 150.08 0.000501318
21.9242 131.462 0.000492245
296.136 106.174 0.000500881
269.037 37.6259 0.000500353
305.441 77.7163 0.00050166
99.8847 94.0966 0.000499684
161.142 71.5195 0.000501323
47.5454 133.457 0.000501244
358.615 108.313 0.000499357
8.06552 37.1339 0.000500599
172.685 100.659 0.000501216
327.869 61.2567 0.000486196
0.22108 171.096 0.000501184
32.968 98.3503 0.000501995
232.341 133.699 0.000498913
211.23 89.6187 0.000500638
124.935 53.9437 0.000501194
69.437 162.236 0.000499704
221.581 146.908 0.000506655
357.477 24.1566 0.000496669
115.637 110.925 0.000497674
276.063 28.5812 0.000502388
53.2389 81.4848 0.000497144
271.237 62.9195 0.000501481
130.868 143.67 0.000492624
197.042 77.028 0.000494444
191.304 36.3064 0.00050025
304.247 116.303 0.000495086
65.473 118.596 0.000486911
164.638 97.3056 0.00050142
120.614 85.1031 0.000499368
183.765 74.744 0.000499468
135.739 18.045 0.000500961
290.397 75.1257 0.0005002
244.237 67.4708 0.000501287
105.459 27.2224 0.000497194
129.011 66.0033 0.000500947
250.761 114.071 0.000500461
114.912 28.6797 0.000500553
338.032 106.271 0.000501984
113.759 48.9794 0.000501321
4.32241 19.3236 0.000504326
248.693 96.4418 0.000498051
67.1299 130.964 0.000500343
120.106 94.3797 0.000485772
339.703 132.757 0.000501523
314.337 43.1387 0.000501139
255.397 121.351 0.000500794
97.5633 74.5988 0.000500715
229.791 25.6938 0.000501376
32.5009 106.723 0.000501808
75.3043 114.692 0.000498635
112.99 99.2983 0.000483474
94.6471 60.4172 0.000501463
149.654 77.5943 0.000500508
331.322 100.668 0.000501504
326.957 73.7637 0.000498991
153.326 102.654 0.00050085
63.4846 71.0602 0.00050578
348.729 87.054 0.000496691
262.698 96.9702 0.000495332
166.889 119.169 0.000500336
261.664 160.524 0.000501599
50.0722 41.9707 0.000500917
52.6545 98.4358 0.000496978
87.6256 41.9063 0.000501562
289.86 139.957 0.00050271
334.948 12.5132 0.000495711
8.47239 127.326 0.000497866
249.827 22.5138 0.000495937
323.545 139.203 0.000501715
17.0725 105.615 0.000501108
95.0334 160.401 0.00049867
65.65 100.389 0.000498615
328.098 153.602 0.000501456
230.466 120.506 0.000502205
83.1536 70.8038 0.000497817
6.5423 58.5866 0.000500522
79.4082 107.537 0.000500526
334.801 110.029 0.000501808
161.578 119.636 0.000499883
231.311 97.5327 0.000501995
90.6269 63.7156 0.000501013
27.4229 106.294 0.000501053
182.376 116.322 0.000500872
351.569 83.0771 0.000496424
24.0792 168.392 0.000500562
168.457 114.515 0.000500935
333.286 118.59 0.000501198
177.423 31.7934 0.000502787
302.552 111.625 0.000500406
2.67547 96.3251 0.000501472
214.156 132.685 0.000506546
69.7511 143.31 0.000499152
114.732 63.3022 0.000501759
50.4728 111.491 0.000505573
57.8677 62.7752 0.000502555
20.4565 93.4569 0.000501278
353.23 70.6175 0.000500229
341.808 115.489 0.000501225
61.6946 88.4211 0.000493089
123.515 114.844 0.000500343
350.185 111.967 0.000500797
279.834 74.9781 0.000499028
252.28 99.5873 0.000492708
327.572 171.364 0.000501742
93.0403 38.4538 0.000501562
94.774 43.0924 0.000502229
35.0452 54.8974 0.000504135
336.086 88.7005 0.00050188
175.029 83.0605 0.00049782
50.4351 68.4292 0.000502833
213.102 123.826 0.000506414
252.964 69.6799 0.000501853
312.034 70.5371 0.000501858
89.2744 117.397 0.000501442
55.9473 94.4295 0.000509023
331.272 30.0527 0.000500472
34.7656 155.298 0.000505354
156.217 119.9 0.000498328
40.7791 52.6652 0.000499737
189.085 65.926 0.000497483
57.7308 28.573 0.000498045
1.36815 140.853 0.000500867
314.841 105.338 0.000500729
227.867 35.4945 0.000503303
20.4917 64.0329 0.00050308
238.423 104.466 0.000500944
70.3042 107.226 0.000499063
216.021 105.791 0.000500114
335.347 149.827 0.000501297
345.8 141.643 0.000500887
179.736 107.936 0.00050192
164.015 136.996 0.000503014
234.292 70.4638 0.000499481
324.319 53.856 0.000502921
157.812 54.7146 0.000501349
354.548 99.8481 0.000500203
191.431 95.0963 0.000502454
180.597 83.6976 0.000507535
112.256 131.786 0.00049668
328.87 135.696 0.000500974
156.701 128.482 0.000501582
207.628 86.4388 0.000500363
182.29 98.3619 0.000500734
277.744 79.5152 0.000499983
102.869 81.1897 0.000501412
30.6229 94.1459 0.000501848
92.0295 146.908 0.000500924
259.304 89.1488 0.000494439
61.0641 113.009 0.000501334
337.263 128.111 0.000501671
192.522 62.1554 0.000501951
42.9554 98.7267 0.000501637
224.995 121.683 0.00050179
289.152 131.047 0.000498293
284.859 116.9 0.000501736
90.7972 141.975 0.000500914
65.4969 49.0131 0.000501344
270.224 117.402 0.000501111
329.793 109.001 0.000501504
51.4579 137.493 0.000501372
14.0596 109.693 0.000499793
316.482 132.626 0.000498897
128.074 105.743 0.000500002
307.087 159.613 0.000501309
224.356 108.459 0.000500212
208.216 64.9488 0.00048386
186.802 31.6954 0.000504603
340.912 76.0165 0.000496678
171.97 27.9729 0.000496904
211.261 72.3421 0.000501588
174.103 96.0564 0.000500117
348.764 49.5827 0.000501664
92.3336 168.74 0.000501612
276.837 161.558 0.000501731
40.9957 133.552 0.000501505
78.1806 69.6157 0.00048679
111.963 106.813 0.000507378
344.998 111.512 0.000501498
132.182 42.3428 0.000499227
58.173 71.1332 0.000496166
342.579 71.5643 0.000504192
186.937 96.7745 0.0004993
39.7166 57.3201 0.000496052
92.9295 109.698 0.000500827
223.102 95.3356 0.00050201
327.178 130.832 0.000501686
217.017 65.3769 0.000500941
36.6127 44.8708 0.000501534
148.923 64.5589 0.0005012
38.716 73.8844 0.000490396
329.668 95.9743 0.000501765
85.293 62.4922 0.000499947
97.9336 30.7396 0.000497258
108.448 51.5293 0.000501689
190.235 82.8161 0.00049919
150.502 128.13 0.00049703
284.116 157.503 0.000501455
121.631 15.4857 0.000500436
339.87 110.869 0.000501838
285.218 66.8801 0.000500699
232.018 53.0012 0.00050085
256.578 60.5115 0.000501859
106.254 105.767 0.000503676
219.65 73.9007 0.000501993
220.697 42.7824 0.000501152
43.4772 90.39 0.000500292
78.9871 28.2265 0.000498811
264.134 147.846 0.000499999
128.855 80.3473 0.000497994
28.4019 145.946 0.000497403
120.84 119.306 0.000501479
181.607 143.843 0.000501774
306.853 69.4745 0.000500512
338.599 119.465 0.000501236
184.095 87.907 0.000507165
221.374 118.099 0.00049984
96.2405 47.8379 0.000501438
315.525 127.577 0.000500168
206.699 116.716 0.000505457
181.239 70.333 0.00050086
249.152 168.033 0.000502932
144.827 60.9991 0.000500819
98.3113 79.3449 0.000501148
156.824 137.142 0.000503639
137.135 96.0613 0.000500935
1.77792 104.501 0.000500746
351.363 103.661 0.000500896
127.326 97.1945 0.000501325
205.67 152.488 0.000499251
358.016 53.7527 0.000500935
355.933 129.003 0.000498141
28.1998 132.571 0.000500844
212.386 115.324 0.000501213
207.294 131.243 0.000497293
239.93 81.8163 0.000501237
74.5781 75.7955 0.000503457
54.773 58.7537 0.000500869
356.205 32.487 0.000500837
56.3299 85.505 0.000512004
255.858 145.819 0.000500214
10.8652 122.591 0.000497085
270.11 144.542 0.00049892
269.929 46.2339 0.000501028
264.478 106.254 0.000498433
248.821 158.363 0.000501205
56.0384 141.32 0.000500814
283.32 129.967 0.000500946
83.5178 14.554 0.00050215
6.79177 161.442 0.00049752
154.195 132.82 0.000495071
126.387 139.995 0.000497588
307.138 82.3895 0.000501586
342.506 94.337 0.00050055
70.1122 172.031 0.000501677
184.874 156.865 0.000499915
40.7836 94.5197 0.000502224
336.23 76.3114 0.000484145
22.5604 68.5356 0.00050037
114.127 53.7555 0.000501701
190.44 57.688 0.000501596
33.7178 69.6262 0.00050478
119.589 65.6845 0.000501444
124.705 153.875 0.000500923
196.092 135.708 0.000500034
105.152 63.8683 0.000501992
346.208 54.0609 0.000501525
118.179 115.187 0.000501337
75.0541 109.798 0.000500176
140.405 57.7223 0.00050082
195.21 159.713 0.00049686
283.307 45.8165 0.000501203
178.99 74.7748 0.000499378
210.092 77.1187 0.000500363
214.891 45.3624 0.000501645
115.99 82.5507 0.000500456
258.117 94.2263 0.000495882
231.435 147.119 0.000511752
30.5484 51.7301 0.000497307
332.965 60.342 0.000497541
76.8489 36.7256 0.000500603
9.83394 100.92 0.000500907
132.855 73.673 0.000497185
223.102 77.837 0.000499457
89.57 155.574 0.000500708
274.86 75.3697 0.000502723
184.181 134.248 0.000501967
216.299 55.0696 0.000501164
165.553 24.4885 0.000487235
132.877 83.796 0.000497897
92.398 104.771 0.000500241
139.698 143.343 0.000508634
77.4211 57.3938 0.000500735
180.987 103.157 0.000501753
135.678 54.7199 0.000501388
240.409 150.205 0.000495768
354.7 149.873 0.000499479
265.949 165.218 0.000501855
247.829 70.8787 0.000501683
161.349 150.119 0.000499028
160.516 132.796 0.00049852
156.178 72.1694 0.000500999
153.958 25.0156 0.000497961
306.795 36.0662 0.000501393
128.779 75.7919 0.000499248
248.885 163.211 0.000501569
278.726 110.854 0.00050106
227.801 94.0821 0.000502135
273.194 136.219 0.000497025
226.716 81.2782 0.000501082
296.205 29.6874 0.000501077
112.806 5.90844 0.000501221
68.571 36.4069 0.000501955
258.197 68.6546 0.000501795
293.081 148.722 0.000499812
255.716 102.472 0.000484723
299.176 85.1002 0.000500407
60.6682 132.195 0.00050042
322.943 116.237 0.000500329
24.4495 72.7799 0.000500078
264.895 111.061 0.000500243
216.107 119.112 0.000496969
88.7849 112.441 0.000501122
279.286 93.1217 0.000501824
258.317 98.876 0.000507728
245.626 62.7504 0.000501124
18.6417 80.7304 0.000501927
324.352 121.136 0.000500083
53.1003 90.1257 0.000497194
217.718 114.424 0.0005027
306.82 95.2095 0.000501387
74.4791 85.6006 0.00050251
320.885 41.0197 0.000500629
101.387 44.7605 0.000500778
27.8802 98.0621 0.000501792
1.03317 66.6641 0.000500968
315.066 92.714 0.000502003
41.2545 86.328 0.000500796
52.0504 115.785 0.00049288
275.393 118.877 0.000500927
216.297 70.6198 0.000500147
25.7254 64.8372 0.000496775
190.393 100.021 0.00049998
83.6381 105.151 0.000500926
292.188 135.662 0.000497122
15.3136 55.3775 0.000495497
290.78 67.2233 0.000500437
72.0569 48.9041 0.000501495
266.881 93.4019 0.000495152
78.5549 132.008 0.000500466
150.827 86.0122 0.000501178
287.464 108.641 0.000501519
186.984 151.997 0.000501083
157.524 80.7166 0.000501751
250.088 48.927 0.000500494
355.468 40.8649 0.000501685
221.288 62.888 0.000504093
10.4945 92.6532 0.000501707
309.481 149.951 0.000501766
85.2187 49.9481 0.000501819
255.509 116.62 0.00050016
292.633 37.8243 0.000500843
204.405 147.805 0.000499933
185.74 101.697 0.000500985
140.604 121.076 0.000491807
323.47 77.4218 0.000500223
51.0291 54.895 0.00050131
39.9476 111.487 0.000503224
304.544 137.816 0.000497276
196.447 121.174 0.000502661
117.375 98.0382 0.000504423
274.272 66.8846 0.000501068
119.507 46.7038 0.000499839
282.561 89.4664 0.000503886
26.6032 114.847 0.000498808
348.807 78.8155 0.000492267
52.7629 124.553 0.000500366
3.75539 79.5337 0.000501034
201.283 123.98 0.000498128
196.206 140.452 0.000501961
251.271 74.311 0.000501769
314.045 33.5604 0.000501394
251.967 44.379 0.000499332
314.245 48.0301 0.000499774
11.0311 84.2928 0.0005017
204.025 83.3382 0.000499531
108.332 92.9135 0.000501312
47.4476 64.5436 0.00050041
337.298 20.8698 0.000496206
226.709 143.294 0.000501013
297.717 123.816 0.000503903
1.36242 49.5242 0.000500939
250.983 109.331 0.000499115
69.7247 167.147 0.000500419
359.685 100.25 0.000500928
230.208 102.366 0.000501476
245.812 32.1317 0.000508129
144.447 111.813 0.000499405
349.702 145.845 0.000500236
274.568 91.9506 0.000495528
321.969 166.627 0.000501796
118.588 10.6663 0.000501734
14.1664 71.8682 0.000502336
295.374 143.916 0.000501683
247.591 101.284 0.000499643
308.659 74.1012 0.000501787
281.558 24.3431 0.000501429
85.4402 150.238 0.000510631
326.679 44.1555 0.000501705
337.217 71.9497 0.000504384
292.684 161.242 0.000501633
64.8542 40.6336 0.000501847
13.6392 130.707 0.000505936
89.733 46.4587 0.000501933
4.75228 149.314 0.000502376
169.184 45.2886 0.000499492
122.694 158.602 0.000502398
196.295 116.438 0.00049734
132.931 37.3376 0.000500025
13.2495 88.6789 0.000501847
106.902 78.2718 0.00050146
135.79 134.719 0.000497389
334.562 84.1678 0.000500585
86.4244 83.521 0.000486581
266.968 152.585 0.000501135
281.881 125.113 0.000502184
36.8402 115.722 0.000499478
153.794 89.8499 0.000501179
196.258 130.849 0.000502418
248.899 17.8599 0.000503062
119.1 140.564 0.000500397
119.515 51.4355 0.000500834
78.4319 93.141 0.000500986
146.986 94.8234 0.000502003
149.744 111.403 0.000499102
256.059 30.4677 0.000502365
142.889 83.0415 0.000497577
231.573 79.9336 0.000501254
260.602 128.279 0.000501352
84.442 114.978 0.000501099
119.546 60.9035 0.000501513
321.614 85.6149 0.000502027
191.26 123.036 0.000502293
289.964 46.1856 0.000500728
232.521 48.2471 0.000500874
243.789 50.0914 0.00050036
163.803 54.1032 0.000501519
259.957 104.262 0.000495483
288.154 62.9886 0.000500708
248.077 83.7223 0.000501103
310.596 135.361 0.000501879
248.669 27.6805 0.000496878
23.5201 39.7985 0.000501237
167.574 32.2851 0.000508706
327.95 39.4016 0.000501499
13.3628 147.732 0.000497566
304.887 164.41 0.000501778
239.433 99.5345 0.000501181
356.548 104.081 0.000500053
6.13457 83.9252 0.000501414
232.998 75.2797 0.000499772
136.637 50.047 0.000501024
109.897 159.789 0.000504311
154.488 76.8056 0.000501134
111.445 80.3104 0.000501018
278.63 132.853 0.000495751
352.371 116.392 0.000499353
94.2783 18.5904 0.000498377
316.622 97.3139 0.000501748
139.965 125.48 0.000502398
12.1102 59.2762 0.00049947
357.655 95.9993 0.000500791
62.0323 79.198 0.000488483
198.705 101.483 0.000500494
286.252 28.7697 0.00050164
150.34 60.0082 0.00050139
335.516 38.0817 0.00050137
37.295 137.832 0.000501556
220.8 104.775 0.000500941
36.092 86.3193 0.000500795
192.109 113.234 0.000500155
75.012 119.637 0.000499062
231.68 115.682 0.000501157
221.283 52.5436 0.000501882
130.146 101.095 0.000501616
173.522 113.75 0.000501214
183.03 139.043 0.000501041
212.023 30.7671 0.000502149
196.271 93.7131 0.000501719
310.158 145.143 0.000501268
173.629 144.957 0.00050159
345.352 24.5533 0.000498742
338.106 80.5734 0.000497425
289.318 153.219 0.000500837
8.83462 24.112 0.000503608
182.022 79.2527 0.000501684
259.02 43.2962 0.000499232
330.213 52.0405 0.000499907
118.01 123.69 0.000500521
218.368 96.4858 0.000501638
181.345 121.182 0.000500844
208.388 43.4351 0.000501644
358.197 62.3141 0.000501338
358.509 70.7259 0.000500921
227.601 129.999 0.000501706
308.719 61.0881 0.000501074
44.3511 137.898 0.000501578
347.213 62.6276 0.000502356
8.33175 88.3109 0.000501667
57.5461 89.9475 0.000490398
10.2742 41.6017 0.00050056
1.05871 153.515 0.000495792
45.3231 55.9723 0.000500394
254.733 90.6005 0.000499971
356.401 83.3246 0.000499336
120.02 102.217 0.000505121
278.132 88.3125 0.000497612
26.3651 77.3176 0.000500343
12.125 46.1148 0.000500153
65.2392 104.97 0.000504318
134.826 59.3751 0.000501475
268.899 67.271 0.000501761
201.81 59.5319 0.000502616
0.915873 58.1581 0.000501016
29.6724 110.769 0.000501488
98.9816 84.241 0.00050033
276.235 123.568 0.00050035
14.1507 33.4647 0.000501683
44.2946 120.471 0.000499838
300.497 76.7238 0.000501014
177.313 117.521 0.000500842
232.493 164.687 0.000503549
350.25 66.7331 0.000502582
299.024 115.394 0.000498466
134.229 139.497 0.000503531
308.728 87.0409 0.000501647
193.942 103.198 0.000499642
323.159 90.2904 0.000501481
187.526 23.5698 0.000497946
113.366 44.1593 0.000500381
84.5653 124.778 0.000500076
237.774 51.3816 0.000501144
309.217 116.791 0.000484814
19.7454 51.8228 0.00049522
44.1218 129.209 0.000501649
12.0109 105.25 0.00050012
94.523 82.4336 0.000499395
25.511 93.8482 0.000501468
28.4384 119.515 0.000494542
226.062 134.663 0.000495963
109.105 56.3139 0.000501907
172.357 40.819 0.000497392
276.859 62.6692 0.000501327
254.615 77.7827 0.000501679
316.786 84.5297 0.000501792
