198.335814 123.642780 0.048189582
260.908455 147.606646 0.052227626
103.666964 77.866581 0.048355504
271.154406 58.678596 0.048449959
144.375183 105.652752 0.053854838
28.986031 148.313713 0.050625202
142.346198 155.216422 0.048427750
327.085141 124.212675 0.048464027
234.983360 91.595481 0.051562088
321.736599 22.460024 0.048914603
56.309183 85.523834 0.050983159
15.435241 57.017510 0.048539749
12.185988 102.901734 0.049497259
281.905965 103.433709 0.048206617
188.304200 78.821024 0.048532698
79.027268 33.007961 0.052023534
212.383889 35.357601 0.050995344
87.733189 121.852305 0.049757561
324.384752 74.355053 0.053801415
146.311975 52.597437 0.048591483
