68.810699 52.113192 0.032924543
254.005860 127.806493 0.031976293
305.217201 24.158239 0.033995927
118.239925 53.345138 0.032427775
314.623070 95.149715 0.031996892
72.297472 121.870941 0.032257516
107.421055 15.689963 0.033671188
161.055673 133.763156 0.034213027
95.409942 86.231041 0.033954739
297.001507 60.589233 0.032026526
228.236593 162.263730 0.034249669
303.648422 131.998445 0.034227616
340.600784 64.790542 0.033723022
275.353866 94.342585 0.033628697
29.140908 119.220168 0.032789116
252.314950 57.997274 0.034066105
357.568301 151.220658 0.034155651
55.025544 86.767757 0.032683759
18.851316 39.846571 0.033777565
205.393886 71.213616 0.033608017
349.293325 109.137492 0.034042362
17.939756 79.462484 0.033988593
175.091494 95.698557 0.033837560
117.549569 119.340820 0.032340886
206.460621 120.345917 0.033583735
235.158489 93.230732 0.032216519
138.337186 87.988709 0.033622089
93.845576 157.050030 0.032923410
212.145764 31.469052 0.033353225
164.997781 55.031103 0.033737981
