342.064000 40.199000 0.0152862
353.035000 120.684000 0.0157417
299.928000 121.473000 0.0154293
21.809000 104.002000 0.0154764
133.271000 154.831000 0.0149552
106.201000 38.126000 0.0150537
348.897000 68.154000 0.0147552
195.991000 19.775000 0.0151401
23.550000 128.877000 0.0154051
70.155000 69.202000 0.0151345
178.159000 67.861000 0.0151397
283.661000 99.273000 0.0154929
151.485000 69.838000 0.0158495
287.649000 148.443000 0.0154403
294.791000 69.748000 0.0151439
114.212000 108.715000 0.0153000
96.789000 63.841000 0.0154350
99.634000 13.337000 0.0159425
212.060000 69.661000 0.0163839
232.941000 86.913000 0.0154565
326.384000 112.894000 0.0148209
7.379000 151.759000 0.0152655
332.911000 87.615000 0.0142856
132.903000 127.523000 0.0147644
205.049000 157.590000 0.0152746
166.650000 90.166000 0.0147388
310.782000 173.417000 0.0153146
14.486000 52.067000 0.0146348
208.034000 130.054000 0.0150079
255.769000 99.645000 0.0149272
119.159000 82.572000 0.0151013
67.646000 42.808000 0.0150772
321.278000 64.491000 0.0147767
127.029000 57.875000 0.0152321
303.634000 41.729000 0.0148226
47.364000 109.873000 0.0147263
224.194000 44.954000 0.0151627
258.108000 29.152000 0.0148342
83.774000 114.864000 0.0154169
307.865000 92.609000 0.0152059
327.909000 139.324000 0.0150695
30.629000 29.291000 0.0156338
69.022000 157.449000 0.0148762
151.364000 38.045000 0.0162877
44.859000 85.045000 0.0153462
188.473000 44.401000 0.0152962
59.358000 133.044000 0.0156512
213.700000 102.891000 0.0146910
318.164000 15.806000 0.0155795
43.426000 59.415000 0.0148739
244.344000 63.897000 0.0153213
268.149000 123.183000 0.0150822
271.462000 52.877000 0.0144300
16.369000 76.967000 0.0157353
194.052000 87.406000 0.0148206
95.375000 90.280000 0.0152096
356.878000 94.446000 0.0152516
68.628000 94.652000 0.0148243
100.512000 135.870000 0.0149098
186.499000 112.947000 0.0150345
139.998000 96.393000 0.0155380
244.205000 140.961000 0.0145514
170.064000 137.881000 0.0149548
236.234000 116.388000 0.0144044
268.326000 77.678000 0.0149195
158.113000 114.787000 0.0143559
