4.04494 68.764 0.0164527
8.08989 137.528 0.0119186
12.1348 26.2921 0.00781858
16.1798 95.0562 0.0175825
20.2247 163.82 0.00491855
24.2697 52.5843 0.0140195
28.3146 121.348 0.0150745
32.3596 10.1124 0.00309919
36.4045 78.8764 0.0173196
40.4494 147.64 0.00944748
44.4944 36.4045 0.0104757
48.5393 105.169 0.0170363
52.5843 173.933 0.00186571
56.6292 62.6966 0.0156847
60.6742 131.461 0.013228
64.7191 20.2247 0.00610208
68.764 88.9888 0.0176485
72.809 157.753 0.00668281
76.8539 46.5169 0.0128073
80.8989 115.281 0.0159607
84.9438 4.04494 0.0012451
88.9888 72.809 0.0168627
93.0337 141.573 0.0109705
97.0787 30.3371 0.00891539
101.124 99.1011 0.017429
105.169 167.865 0.00371052
109.213 56.6292 0.014741
113.258 125.393 0.0143892
117.303 14.1573 0.00431722
121.348 82.9213 0.0175167
125.393 151.685 0.0083722
129.438 40.4494 0.0114517
133.483 109.213 0.016668
137.528 177.978 0.000622938
141.573 66.7416 0.0162168
145.618 135.506 0.0123707
149.663 24.2697 0.00725522
153.708 93.0337 0.0176265
157.753 161.798 0.00551375
161.798 50.5618 0.0136322
165.843 119.326 0.0153892
169.888 8.08989 0.002484
173.933 76.8539 0.0171887
177.978 145.618 0.00996779
182.022 34.382 0.00996779
186.067 103.146 0.0171887
190.112 171.91 0.002484
194.157 60.6742 0.0153892
198.202 129.438 0.0136322
202.247 18.2022 0.00551375
206.292 86.9663 0.0176265
210.337 155.73 0.00725522
214.382 44.4944 0.0123707
218.427 113.258 0.0162168
222.472 2.02247 0.000622938
226.517 70.7865 0.016668
230.562 139.551 0.0114517
234.607 28.3146 0.0083722
238.652 97.0787 0.0175167
242.697 165.843 0.00431722
246.742 54.6067 0.0143892
250.787 123.371 0.014741
254.831 12.1348 0.00371052
258.876 80.8989 0.017429
262.921 149.663 0.00891539
266.966 38.427 0.0109705
271.011 107.191 0.0168627
275.056 175.955 0.0012451
279.101 64.7191 0.0159607
283.146 133.483 0.0128073
287.191 22.2472 0.00668281
291.236 91.0112 0.0176485
295.281 159.775 0.00610208
299.326 48.5393 0.013228
303.371 117.303 0.0156847
307.416 6.06742 0.00186571
311.461 74.8315 0.0170363
315.506 143.596 0.0104757
319.551 32.3596 0.00944748
323.596 101.124 0.0173196
327.64 169.888 0.00309919
331.685 58.6517 0.0150745
335.73 127.416 0.0140195
339.775 16.1798 0.00491855
343.82 84.9438 0.0175825
347.865 153.708 0.00781858
351.91 42.4719 0.0119186
355.955 111.236 0.0164527
