0.364742 68.7538 0.00148332
0.729483 137.508 0.00107504
1.09422 26.2614 0.000704181
1.45897 95.0152 0.00158539
1.82371 163.769 0.000444838
2.18845 52.5228 0.001263
2.55319 121.277 0.0013602
2.91793 10.0304 0.00027719
3.28267 78.7842 0.00156109
3.64742 147.538 0.000854215
4.01216 36.2918 0.000941998
4.3769 105.046 0.00153693
4.74164 173.799 0.000171896
5.10638 62.5532 0.00141235
5.47112 131.307 0.0011955
5.83587 20.0608 0.000545907
6.20061 88.8146 0.00159115
6.56535 157.568 0.00060728
6.93009 46.3222 0.00115102
7.29483 115.076 0.00144148
7.65957 3.82979 0.0001063
8.02432 72.5836 0.00151852
8.38906 141.337 0.000994255
8.7538 30.0912 0.000797936
9.11854 98.845 0.00157256
9.48328 167.599 0.000341781
9.84802 56.3526 0.00132485
10.2128 125.106 0.00130197
10.5775 13.8602 0.000381246
10.9422 82.614 0.00157828
11.307 151.368 0.000762617
11.6717 40.1216 0.00102557
12.0365 108.875 0.0015059
12.4012 177.629 6.58348e-05
12.766 66.383 0.00145819
13.1307 135.137 0.00112266
13.4954 23.8906 0.000644538
13.8602 92.6444 0.00158979
14.2249 161.398 0.000507668
14.5897 50.152 0.00122186
14.9544 118.906 0.00139321
15.3191 7.65957 0.000212124
15.6839 76.4134 0.00154695
16.0486 145.167 0.000909032
16.4134 33.921 0.000888128
16.7781 102.675 0.0015527
17.1429 171.429 0.000237199
17.5076 60.1824 0.00138079
17.8723 128.936 0.00123793
18.2371 17.69 0.000483599
18.6018 86.4438 0.00158842
18.9666 155.198 0.000667614
19.3313 43.9514 0.00110457
19.696 112.705 0.00146815
20.0608 1.45897 4.05209e-05
20.4255 70.2128 0.00149752
20.7903 138.967 0.00104481
21.155 27.7204 0.000740291
21.5198 96.4742 0.00158134
21.8845 165.228 0.000405788
22.2492 53.9818 0.00128724
22.614 122.736 0.00133872
22.9787 11.4894 0.000317002
23.3435 80.2432 0.00156847
23.7082 148.997 0.000819749
24.0729 37.7508 0.000974353
24.4377 106.505 0.00152591
24.8024 175.258 0.000131557
25.1672 64.0122 0.00143057
25.5319 132.766 0.00116836
25.8967 21.5198 0.000583792
26.2614 90.2736 0.00159147
26.6261 159.027 0.000569628
26.9909 47.7812 0.00117863
27.3556 116.535 0.00142384
27.7204 5.28875 0.000146696
28.0851 74.0426 0.00153016
28.4498 142.796 0.000962292
28.8146 31.5502 0.000832737
29.1793 100.304 0.00156582
29.5441 169.058 0.000302095
29.9088 57.8116 0.00134688
30.2736 126.565 0.00127825
30.6383 15.3191 0.000420464
31.003 84.0729 0.00158298
31.3678 152.827 0.000726805
31.7325 41.5805 0.00105623
32.0973 110.334 0.00149231
32.462 179.088 2.53272e-05
32.8267 67.8419 0.00147395
33.1915 136.596 0.00109358
33.5562 25.3495 0.000681378
33.921 94.1033 0.00158741
34.2857 162.857 0.000469099
34.6505 51.6109 0.00124743
35.0152 120.365 0.00137317
35.3799 9.11854 0.000252215
35.7447 77.8723 0.00155597
36.1094 146.626 0.000875477
36.4742 35.3799 0.000921464
36.8389 104.134 0.00154331
37.2036 172.888 0.000197054
37.5684 61.6413 0.0014005
37.9331 130.395 0.00121207
38.2979 19.1489 0.000522047
38.6626 87.9027 0.00159042
39.0274 156.657 0.000630614
39.3921 45.4103 0.00113338
39.7568 114.164 0.00145204
40.1216 2.91793 8.10155e-05
40.4863 71.6717 0.00151075
40.8511 140.426 0.00101391
41.2158 29.1793 0.000775921
41.5805 97.9331 0.00157626
41.9453 166.687 0.000366474
42.31 55.4407 0.00131065
42.6748 124.195 0.00131637
43.0395 12.9483 0.000356608
43.4043 81.7021 0.00157483
43.769 150.456 0.000784751
44.1337 39.2097 0.00100608
44.4985 107.964 0.00151391
44.8632 176.717 9.1132e-05
45.228 65.4711 0.00144786
45.5927 134.225 0.00114047
45.9574 22.9787 0.000621299
46.3222 91.7325 0.00159076
46.6869 160.486 0.000531607
47.0517 49.2401 0.00120548
47.4164 117.994 0.00140528
47.7812 6.74772 0.000186996
48.1459 75.5015 0.0015408
48.5106 144.255 0.000929706
48.8754 33.0091 0.000866998
49.2401 101.763 0.00155807
49.6049 170.517 0.000262213
49.9696 59.2705 0.00136803
50.3343 128.024 0.00125369
50.6991 16.7781 0.000459408
51.0638 85.5319 0.00158665
51.4286 154.286 0.00069052
51.7933 43.0395 0.00108619
52.1581 111.793 0.00147774
52.5228 0.547112 1.51967e-05
52.8875 69.3009 0.00148876
53.2523 138.055 0.00106378
53.617 26.8085 0.000717777
53.9818 95.5623 0.00158399
54.3465 164.316 0.000430226
54.7112 53.0699 0.00127219
55.076 121.824 0.00135225
55.4407 10.5775 0.000292142
55.8055 79.3313 0.00156398
56.1702 148.085 0.000841354
56.535 36.8389 0.000954203
56.8997 105.593 0.00153292
57.2644 174.347 0.000156781
57.6292 63.1003 0.00141929
57.9939 131.854 0.00118541
58.3587 20.6079 0.000560157
58.7234 89.3617 0.00159139
59.0881 158.116 0.000593206
59.4529 46.8693 0.00116146
59.8176 115.623 0.00143498
60.1824 4.3769 0.000121458
60.5471 73.1307 0.001523
60.9119 141.884 0.000982343
61.2766 30.6383 0.000811048
61.6413 99.3921 0.00157015
62.0061 168.146 0.000326924
62.3708 56.8997 0.00133321
62.7356 125.653 0.00129317
63.1003 14.4073 0.000395983
63.465 83.1611 0.00158016
63.8298 151.915 0.000749244
64.1945 40.6687 0.00103715
64.5593 109.422 0.00150092
64.924 178.176 5.0648e-05
65.2888 66.9301 0.00146421
65.6535 135.684 0.00111184
66.0182 24.4377 0.000658404
66.383 93.1915 0.00158902
66.7477 161.945 0.000493242
67.1125 50.6991 0.00123154
67.4772 119.453 0.0013858
67.8419 8.20669 0.000227176
68.2067 76.9605 0.00155045
68.5714 145.714 0.000896517
68.9362 34.4681 0.000900697
69.3009 103.222 0.0015493
69.6657 171.976 0.000222161
70.0304 60.7295 0.00138829
70.3951 129.483 0.00122833
70.7599 18.2371 0.000498055
71.1246 86.9909 0.00158929
71.4894 155.745 0.000653788
71.8541 44.4985 0.00111546
72.2188 113.252 0.00146222
72.5836 2.00608 5.57108e-05
72.9483 70.7599 0.0015026
73.3131 139.514 0.0010333
73.6778 28.2675 0.00075371
74.0426 97.0213 0.00157955
74.4073 165.775 0.000391075
74.772 54.5289 0.00129612
75.1368 123.283 0.00133044
75.5015 12.0365 0.00033188
75.8663 80.7903 0.00157097
76.231 149.544 0.000806686
76.5957 38.2979 0.000986324
76.9605 107.052 0.00152153
77.3252 175.805 0.000116406
77.69 64.5593 0.00143716
78.0547 133.313 0.00115799
78.4195 22.0669 0.000597903
78.7842 90.8207 0.00159132
79.1489 159.574 0.000555413
79.5137 48.3283 0.00118879
79.8784 117.082 0.00141699
80.2432 5.83587 0.000161821
80.6079 74.5897 0.00153427
80.9726 143.343 0.000950144
81.3374 32.0973 0.00084565
81.7021 100.851 0.00156303
82.0669 169.605 0.000287161
82.4316 58.3587 0.00135491
82.7964 127.112 0.00126914
83.1611 15.8663 0.000435101
83.5258 84.6201 0.00158448
83.8906 153.374 0.000713252
84.2553 42.1277 0.00106755
84.6201 110.881 0.00148696
84.9848 179.635 1.01312e-05
85.3495 68.3891 0.00147962
85.7143 137.143 0.00108249
86.079 25.8967 0.000695081
86.4438 94.6505 0.00158625
86.8085 163.404 0.000454556
87.1733 52.1581 0.00125681
87.538 120.912 0.00136543
87.9027 9.66565 0.000267208
88.2675 78.4195 0.00155909
88.6322 147.173 0.000862746
88.997 35.9271 0.000933813
89.3617 104.681 0.00153953
89.7264 173.435 0.000181965
90.0912 62.1884 0.00140765
90.4559 130.942 0.00120216
90.8207 19.696 0.000536379
91.1854 88.4498 0.0015909
91.5502 157.204 0.000616633
91.9149 45.9574 0.001144
92.2796 114.711 0.00144575
92.6444 3.46505 9.61888e-05
93.0091 72.2188 0.00151546
93.3739 140.973 0.00100215
93.7386 29.7264 0.000789154
94.1033 98.4802 0.00157409
94.4681 167.234 0.000351669
94.8328 55.9878 0.00131921
95.1976 124.742 0.00130777
95.5623 13.4954 0.000371402
95.9271 82.2492 0.00157695
96.2918 151.003 0.000771494
96.6565 39.7568 0.0010178
97.0213 108.511 0.00150915
97.386 177.264 7.5956e-05
97.7508 66.0182 0.0014541
98.1155 134.772 0.00112982
98.4802 23.5258 0.000635262
98.845 92.2796 0.00159023
99.2097 161.033 0.000517259
99.5745 49.7872 0.00121534
99.9392 118.541 0.00139808
100.304 7.29483 0.000202079
100.669 76.0486 0.00154454
101.033 144.802 0.000917329
101.398 33.5562 0.000879703
101.763 102.31 0.0015549
102.128 171.064 0.000247212
102.492 59.8176 0.00137573
102.857 128.571 0.00124427
103.222 17.3252 0.000473937
103.587 86.079 0.00158776
103.951 154.833 0.000676797
104.316 43.5866 0.00109725
104.681 112.34 0.00147203
105.046 1.09422 3.03921e-05
105.41 69.848 0.00149406
105.775 138.602 0.00105243
106.14 27.3556 0.000731307
106.505 96.1094 0.00158245
106.869 164.863 0.000415576
107.234 53.617 0.00128126
107.599 122.371 0.00134417
107.964 11.1246 0.000307067
108.328 79.8784 0.00156672
108.693 148.632 0.000828416
109.058 37.386 0.000966322
109.422 106.14 0.00152876
109.787 174.894 0.000141651
110.152 63.6474 0.0014261
110.517 132.401 0.00117522
110.881 21.155 0.000574356
111.246 89.9088 0.00159148
111.611 158.663 0.000579077
111.976 47.4164 0.0011718
112.34 116.17 0.00142834
112.705 4.92401 0.000136604
113.07 73.6778 0.00152734
113.435 142.432 0.000970342
113.799 31.1854 0.000824087
114.164 99.9392 0.0015676
114.529 168.693 0.000312036
114.894 57.4468 0.00134145
115.258 126.201 0.00128426
115.623 14.9544 0.000410684
115.988 83.7082 0.0015819
116.353 152.462 0.000735803
116.717 41.2158 0.00104863
117.082 109.97 0.0014958
117.447 178.723 3.54567e-05
117.812 67.4772 0.0014701
118.176 136.231 0.00110092
118.541 24.9848 0.000672209
118.906 93.7386 0.0015881
119.271 162.492 0.000478771
119.635 51.2462 0.00124111
120 120 0.00137827
120.365 8.7538 0.000242207
120.729 77.5076 0.00155381
121.094 146.261 0.00088392
121.459 35.0152 0.000913185
121.824 103.769 0.00154575
122.188 172.523 0.000207103
122.553 61.2766 0.00139565
122.918 130.03 0.00121861
123.283 18.7842 0.000512466
123.647 87.538 0.00159002
124.012 156.292 0.000639903
124.377 45.0456 0.00112625
124.742 113.799 0.00145615
125.106 2.55319 7.08957e-05
125.471 71.307 0.00150754
125.836 140.061 0.00102169
126.201 28.8146 0.00076706
126.565 97.5684 0.00157762
126.93 166.322 0.000376326
127.295 55.076 0.00130488
127.66 123.83 0.00132204
128.024 12.5836 0.000346727
128.389 81.3374 0.00157333
128.754 150.091 0.000793549
129.119 38.845 0.000998205
129.483 107.599 0.001517
129.848 176.353 0.000101245
130.213 65.1064 0.00144362
130.578 133.86 0.00114751
130.942 22.614 0.00061196
131.307 91.3678 0.00159103
131.672 160.122 0.000541146
132.036 48.8754 0.00119884
132.401 117.629 0.00141001
132.766 6.38298 0.000176931
133.131 75.1368 0.00153824
133.495 143.891 0.00093791
133.86 32.6444 0.000858485
134.225 101.398 0.0015601
134.59 170.152 0.000272201
134.954 58.9058 0.00136282
135.319 127.66 0.00125991
135.684 16.4134 0.000449699
136.049 85.1672 0.00158583
136.413 153.921 0.000699634
136.778 42.6748 0.00107877
137.143 111.429 0.00148147
137.508 0.182371 5.06565e-06
137.872 68.9362 0.00148514
138.237 137.69 0.0010713
138.602 26.4438 0.00070872
138.967 95.1976 0.00158494
139.331 163.951 0.000439972
139.696 52.7052 0.00126607
140.061 121.459 0.00135756
140.426 10.2128 0.000282177
140.79 78.9666 0.00156207
141.155 147.72 0.000849937
141.52 36.4742 0.000946076
141.884 105.228 0.00153561
142.249 173.982 0.000166859
142.614 62.7356 0.00141468
142.979 131.489 0.00119215
143.343 20.2432 0.000550663
143.708 88.997 0.00159124
144.073 157.751 0.000602595
144.438 46.5046 0.00115451
144.802 115.258 0.00143933
145.167 4.01216 0.000111353
145.532 72.766 0.00152003
145.897 141.52 0.000990294
146.261 30.2736 0.000802315
146.626 99.0274 0.00157177
146.991 167.781 0.000336832
147.356 56.535 0.00132765
147.72 125.289 0.00129905
148.085 14.0426 0.000386162
148.45 82.7964 0.00157892
148.815 151.55 0.000758167
149.179 40.304 0.00102944
149.544 109.058 0.00150426
149.909 177.812 6.07731e-05
150.274 66.5653 0.00146021
150.638 135.319 0.00111907
151.003 24.0729 0.000649167
151.368 92.8267 0.00158955
151.733 161.581 0.000502864
152.097 50.3343 0.0012251
152.462 119.088 0.00139076
152.827 7.84195 0.000217144
153.191 76.5957 0.00154813
153.556 145.35 0.000904869
153.921 34.1033 0.000892327
154.286 102.857 0.00155159
154.65 171.611 0.000232189
155.015 60.3647 0.00138331
155.38 129.119 0.00123474
155.745 17.8723 0.000488423
156.109 86.6261 0.00158873
156.474 155.38 0.000663012
156.839 44.1337 0.00110821
157.204 112.888 0.00146619
157.568 1.64134 4.55847e-05
157.933 70.3951 0.00149923
158.298 139.149 0.00104098
158.663 27.9027 0.000744771
159.027 96.6565 0.00158076
159.392 165.41 0.000400887
159.757 54.1641 0.00129021
160.122 122.918 0.00133597
160.486 11.6717 0.000321964
160.851 80.4255 0.00156932
161.216 149.179 0.000815403
161.581 37.9331 0.000978353
161.945 106.687 0.00152447
162.31 175.441 0.000126508
162.675 64.1945 0.00143278
163.04 132.948 0.00116492
163.404 21.7021 0.000588502
163.769 90.4559 0.00159144
164.134 159.21 0.000564896
164.498 47.9635 0.00118203
164.863 116.717 0.00142157
165.228 5.47112 0.000151739
165.593 74.2249 0.00153155
165.957 142.979 0.000958253
166.322 31.7325 0.00083705
166.687 100.486 0.00156491
167.052 169.24 0.00029712
167.416 57.9939 0.00134957
167.781 126.748 0.00127522
168.146 15.5015 0.000425347
168.511 84.2553 0.00158349
168.875 153.009 0.000722294
169.24 41.7629 0.00106001
169.605 110.517 0.00149054
169.97 179.271 2.02621e-05
170.334 68.0243 0.00147585
170.699 136.778 0.00108989
171.064 25.5319 0.000685953
171.429 94.2857 0.00158704
171.793 163.04 0.000464256
172.158 51.7933 0.00125057
172.523 120.547 0.00137061
172.888 9.30091 0.000257215
173.252 78.0547 0.00155702
173.617 146.809 0.000871242
173.982 35.5623 0.00092559
174.347 104.316 0.00154207
174.711 173.07 0.000192026
175.076 61.8237 0.00140289
175.441 130.578 0.00120878
175.805 19.3313 0.00052683
176.17 88.0851 0.0015906
176.535 156.839 0.00062596
176.9 45.5927 0.00113693
177.264 114.347 0.00144995
177.629 3.1003 8.60742e-05
177.994 71.8541 0.00151234
178.359 140.608 0.00101
178.723 29.3617 0.00078034
179.088 98.1155 0.00157555
179.453 166.869 0.000361543
179.818 55.6231 0.00131352
180.182 124.377 0.00131352
180.547 13.1307 0.000361543
180.912 81.8845 0.00157555
181.277 150.638 0.00078034
181.641 39.3921 0.00101
182.006 108.146 0.00151234
182.371 176.9 8.60742e-05
182.736 65.6535 0.00144995
183.1 134.407 0.00113693
183.465 23.1611 0.00062596
183.83 91.9149 0.0015906
184.195 160.669 0.00052683
184.559 49.4225 0.00120878
184.924 118.176 0.00140289
185.289 6.93009 0.000192026
185.653 75.6839 0.00154207
186.018 144.438 0.00092559
186.383 33.1915 0.000871242
186.748 101.945 0.00155702
187.112 170.699 0.000257215
187.477 59.4529 0.00137061
187.842 128.207 0.00125057
188.207 16.9605 0.000464256
188.571 85.7143 0.00158704
188.936 154.468 0.000685953
189.301 43.2219 0.00108989
189.666 111.976 0.00147585
190.03 0.729483 2.02621e-05
190.395 69.4833 0.00149054
190.76 138.237 0.00106001
191.125 26.9909 0.000722294
191.489 95.7447 0.00158349
191.854 164.498 0.000425347
192.219 53.2523 0.00127522
192.584 122.006 0.00134957
192.948 10.7599 0.00029712
193.313 79.5137 0.00156491
193.678 148.267 0.00083705
194.043 37.0213 0.000958253
194.407 105.775 0.00153155
194.772 174.529 0.000151739
195.137 63.2827 0.00142157
195.502 132.036 0.00118203
195.866 20.7903 0.000564896
196.231 89.5441 0.00159144
196.596 158.298 0.000588502
196.96 47.0517 0.00116492
197.325 115.805 0.00143278
197.69 4.55927 0.000126508
198.055 73.3131 0.00152447
198.419 142.067 0.000978353
198.784 30.8207 0.000815403
199.149 99.5745 0.00156932
199.514 168.328 0.000321964
199.878 57.0821 0.00133597
200.243 125.836 0.00129021
200.608 14.5897 0.000400887
200.973 83.3435 0.00158076
201.337 152.097 0.000744771
201.702 40.8511 0.00104098
202.067 109.605 0.00149923
202.432 178.359 4.55847e-05
202.796 67.1125 0.00146619
203.161 135.866 0.00110821
203.526 24.6201 0.000663012
203.891 93.3739 0.00158873
204.255 162.128 0.000488423
204.62 50.8815 0.00123474
204.985 119.635 0.00138331
205.35 8.38906 0.000232189
205.714 77.1429 0.00155159
206.079 145.897 0.000892327
206.444 34.6505 0.000904869
206.809 103.404 0.00154813
207.173 172.158 0.000217144
207.538 60.9119 0.00139076
207.903 129.666 0.0012251
208.267 18.4195 0.000502864
208.632 87.1733 0.00158955
208.997 155.927 0.000649167
209.362 44.6809 0.00111907
209.726 113.435 0.00146021
210.091 2.18845 6.07731e-05
210.456 70.9422 0.00150426
210.821 139.696 0.00102944
211.185 28.4498 0.000758167
211.55 97.2036 0.00157892
211.915 165.957 0.000386162
212.28 54.7112 0.00129905
212.644 123.465 0.00132765
213.009 12.2188 0.000336832
213.374 80.9726 0.00157177
213.739 149.726 0.000802315
214.103 38.4802 0.000990294
214.468 107.234 0.00152003
214.833 175.988 0.000111353
215.198 64.7416 0.00143933
215.562 133.495 0.00115451
215.927 22.2492 0.000602595
216.292 91.003 0.00159124
216.657 159.757 0.000550663
217.021 48.5106 0.00119215
217.386 117.264 0.00141468
217.751 6.01824 0.000166859
218.116 74.772 0.00153561
218.48 143.526 0.000946076
218.845 32.2796 0.000849937
219.21 101.033 0.00156207
219.574 169.787 0.000282177
219.939 58.541 0.00135756
220.304 127.295 0.00126607
220.669 16.0486 0.000439972
221.033 84.8024 0.00158494
221.398 153.556 0.00070872
221.763 42.31 0.0010713
222.128 111.064 0.00148514
222.492 179.818 5.06565e-06
222.857 68.5714 0.00148147
223.222 137.325 0.00107877
223.587 26.079 0.000699634
223.951 94.8328 0.00158583
224.316 163.587 0.000449699
224.681 52.3404 0.00125991
225.046 121.094 0.00136282
225.41 9.84802 0.000272201
225.775 78.6018 0.0015601
226.14 147.356 0.000858485
226.505 36.1094 0.00093791
226.869 104.863 0.00153824
227.234 173.617 0.000176931
227.599 62.3708 0.00141001
227.964 131.125 0.00119884
228.328 19.8784 0.000541146
228.693 88.6322 0.00159103
229.058 157.386 0.00061196
229.422 46.1398 0.00114751
229.787 114.894 0.00144362
230.152 3.64742 0.000101245
230.517 72.4012 0.001517
230.881 141.155 0.000998205
231.246 29.9088 0.000793549
231.611 98.6626 0.00157333
231.976 167.416 0.000346727
232.34 56.1702 0.00132204
232.705 124.924 0.00130488
233.07 13.6778 0.000376326
233.435 82.4316 0.00157762
233.799 151.185 0.00076706
234.164 39.9392 0.00102169
234.529 108.693 0.00150754
234.894 177.447 7.08957e-05
235.258 66.2006 0.00145615
235.623 134.954 0.00112625
235.988 23.7082 0.000639903
236.353 92.462 0.00159002
236.717 161.216 0.000512466
237.082 49.9696 0.00121861
237.447 118.723 0.00139565
237.812 7.4772 0.000207103
238.176 76.231 0.00154575
238.541 144.985 0.000913185
238.906 33.7386 0.00088392
239.271 102.492 0.00155381
239.635 171.246 0.000242207
240 60 0.00137827
240.365 128.754 0.00124111
240.729 17.5076 0.000478771
241.094 86.2614 0.0015881
241.459 155.015 0.000672209
241.824 43.769 0.00110092
242.188 112.523 0.0014701
242.553 1.2766 3.54567e-05
242.918 70.0304 0.0014958
243.283 138.784 0.00104863
243.647 27.538 0.000735803
244.012 96.2918 0.0015819
244.377 165.046 0.000410684
244.742 53.7994 0.00128426
245.106 122.553 0.00134145
245.471 11.307 0.000312036
245.836 80.0608 0.0015676
246.201 148.815 0.000824087
246.565 37.5684 0.000970342
246.93 106.322 0.00152734
247.295 175.076 0.000136604
247.66 63.8298 0.00142834
248.024 132.584 0.0011718
248.389 21.3374 0.000579077
248.754 90.0912 0.00159148
249.119 158.845 0.000574356
249.483 47.5988 0.00117522
249.848 116.353 0.0014261
250.213 5.10638 0.000141651
250.578 73.8602 0.00152876
250.942 142.614 0.000966322
251.307 31.3678 0.000828416
251.672 100.122 0.00156672
252.036 168.875 0.000307067
252.401 57.6292 0.00134417
252.766 126.383 0.00128126
253.131 15.1368 0.000415576
253.495 83.8906 0.00158245
253.86 152.644 0.000731307
254.225 41.3982 0.00105243
254.59 110.152 0.00149406
254.954 178.906 3.03921e-05
255.319 67.6596 0.00147203
255.684 136.413 0.00109725
256.049 25.1672 0.000676797
256.413 93.921 0.00158776
256.778 162.675 0.000473937
257.143 51.4286 0.00124427
257.508 120.182 0.00137573
257.872 8.93617 0.000247212
258.237 77.69 0.0015549
258.602 146.444 0.000879703
258.967 35.1976 0.000917329
259.331 103.951 0.00154454
259.696 172.705 0.000202079
260.061 61.459 0.00139808
260.426 130.213 0.00121534
260.79 18.9666 0.000517259
261.155 87.7204 0.00159023
261.52 156.474 0.000635262
261.884 45.228 0.00112982
262.249 113.982 0.0014541
262.614 2.73556 7.5956e-05
262.979 71.4894 0.00150915
263.343 140.243 0.0010178
263.708 28.997 0.000771494
264.073 97.7508 0.00157695
264.438 166.505 0.000371402
264.802 55.2584 0.00130777
265.167 124.012 0.00131921
265.532 12.766 0.000351669
265.897 81.5198 0.00157409
266.261 150.274 0.000789154
266.626 39.0274 0.00100215
266.991 107.781 0.00151546
267.356 176.535 9.61888e-05
267.72 65.2888 0.00144575
268.085 134.043 0.001144
268.45 22.7964 0.000616633
268.815 91.5502 0.0015909
269.179 160.304 0.000536379
269.544 49.0578 0.00120216
269.909 117.812 0.00140765
270.274 6.56535 0.000181965
270.638 75.3191 0.00153953
271.003 144.073 0.000933813
271.368 32.8267 0.000862746
271.733 101.581 0.00155909
272.097 170.334 0.000267208
272.462 59.0881 0.00136543
272.827 127.842 0.00125681
273.191 16.5957 0.000454556
273.556 85.3495 0.00158625
273.921 154.103 0.000695081
274.286 42.8571 0.00108249
274.65 111.611 0.00147962
275.015 0.364742 1.01312e-05
275.38 69.1185 0.00148696
275.745 137.872 0.00106755
276.109 26.6261 0.000713252
276.474 95.3799 0.00158448
276.839 164.134 0.000435101
277.204 52.8875 0.00126914
277.568 121.641 0.00135491
277.933 10.3951 0.000287161
278.298 79.1489 0.00156303
278.663 147.903 0.00084565
279.027 36.6565 0.000950144
279.392 105.41 0.00153427
279.757 174.164 0.000161821
280.122 62.9179 0.00141699
280.486 131.672 0.00118879
280.851 20.4255 0.000555413
281.216 89.1793 0.00159132
281.581 157.933 0.000597903
281.945 46.6869 0.00115799
282.31 115.441 0.00143716
282.675 4.19453 0.000116406
283.04 72.9483 0.00152153
283.404 141.702 0.000986324
283.769 30.4559 0.000806686
284.134 99.2097 0.00157097
284.498 167.964 0.00033188
284.863 56.7173 0.00133044
285.228 125.471 0.00129612
285.593 14.2249 0.000391075
285.957 82.9787 0.00157955
286.322 151.733 0.00075371
286.687 40.4863 0.0010333
287.052 109.24 0.0015026
287.416 177.994 5.57108e-05
287.781 66.7477 0.00146222
288.146 135.502 0.00111546
288.511 24.2553 0.000653788
288.875 93.0091 0.00158929
289.24 161.763 0.000498055
289.605 50.5167 0.00122833
289.97 119.271 0.00138829
290.334 8.02432 0.000222161
290.699 76.7781 0.0015493
291.064 145.532 0.000900697
291.429 34.2857 0.000896517
291.793 103.04 0.00155045
292.158 171.793 0.000227176
292.523 60.5471 0.0013858
292.888 129.301 0.00123154
293.252 18.0547 0.000493242
293.617 86.8085 0.00158902
293.982 155.562 0.000658404
294.347 44.3161 0.00111184
294.711 113.07 0.00146421
295.076 1.82371 5.0648e-05
295.441 70.5775 0.00150092
295.805 139.331 0.00103715
296.17 28.0851 0.000749244
296.535 96.8389 0.00158016
296.9 165.593 0.000395983
297.264 54.3465 0.00129317
297.629 123.1 0.00133321
297.994 11.8541 0.000326924
298.359 80.6079 0.00157015
298.723 149.362 0.000811048
299.088 38.1155 0.000982343
299.453 106.869 0.001523
299.818 175.623 0.000121458
300.182 64.3769 0.00143498
300.547 133.131 0.00116146
300.912 21.8845 0.000593206
301.277 90.6383 0.00159139
301.641 159.392 0.000560157
302.006 48.1459 0.00118541
302.371 116.9 0.00141929
302.736 5.6535 0.000156781
303.1 74.4073 0.00153292
303.465 143.161 0.000954203
303.83 31.9149 0.000841354
304.195 100.669 0.00156398
304.559 169.422 0.000292142
304.924 58.1763 0.00135225
305.289 126.93 0.00127219
305.653 15.6839 0.000430226
306.018 84.4377 0.00158399
306.383 153.191 0.000717777
306.748 41.9453 0.00106378
307.112 110.699 0.00148876
307.477 179.453 1.51967e-05
307.842 68.2067 0.00147774
308.207 136.96 0.00108619
308.571 25.7143 0.00069052
308.936 94.4681 0.00158665
309.301 163.222 0.000459408
309.666 51.9757 0.00125369
310.03 120.729 0.00136803
310.395 9.48328 0.000262213
310.76 78.2371 0.00155807
311.125 146.991 0.000866998
311.489 35.7447 0.000929706
311.854 104.498 0.0015408
312.219 173.252 0.000186996
312.584 62.0061 0.00140528
312.948 130.76 0.00120548
313.313 19.5137 0.000531607
313.678 88.2675 0.00159076
314.043 157.021 0.000621299
314.407 45.7751 0.00114047
314.772 114.529 0.00144786
315.137 3.28267 9.1132e-05
315.502 72.0365 0.00151391
315.866 140.79 0.00100608
316.231 29.5441 0.000784751
316.596 98.2979 0.00157483
316.96 167.052 0.000356608
317.325 55.8055 0.00131637
317.69 124.559 0.00131065
318.055 13.3131 0.000366474
318.419 82.0669 0.00157626
318.784 150.821 0.000775921
319.149 39.5745 0.00101391
319.514 108.328 0.00151075
319.878 177.082 8.10155e-05
320.243 65.8359 0.00145204
320.608 134.59 0.00113338
320.973 23.3435 0.000630614
321.337 92.0973 0.00159042
321.702 160.851 0.000522047
322.067 49.6049 0.00121207
322.432 118.359 0.0014005
322.796 7.11246 0.000197054
323.161 75.8663 0.00154331
323.526 144.62 0.000921464
323.891 33.3739 0.000875477
324.255 102.128 0.00155597
324.62 170.881 0.000252215
324.985 59.6353 0.00137317
325.35 128.389 0.00124743
325.714 17.1429 0.000469099
326.079 85.8967 0.00158741
326.444 154.65 0.000681378
326.809 43.4043 0.00109358
327.173 112.158 0.00147395
327.538 0.911854 2.53272e-05
327.903 69.6657 0.00149231
328.267 138.419 0.00105623
328.632 27.1733 0.000726805
328.997 95.9271 0.00158298
329.362 164.681 0.000420464
329.726 53.4347 0.00127825
330.091 122.188 0.00134688
330.456 10.9422 0.000302095
330.821 79.696 0.00156582
331.185 148.45 0.000832737
331.55 37.2036 0.000962292
331.915 105.957 0.00153016
332.28 174.711 0.000146696
332.644 63.465 0.00142384
333.009 132.219 0.00117863
333.374 20.9726 0.000569628
333.739 89.7264 0.00159147
334.103 158.48 0.000583792
334.468 47.234 0.00116836
334.833 115.988 0.00143057
335.198 4.74164 0.000131557
335.562 73.4954 0.00152591
335.927 142.249 0.000974353
336.292 31.003 0.000819749
336.657 99.7568 0.00156847
337.021 168.511 0.000317002
337.386 57.2644 0.00133872
337.751 126.018 0.00128724
338.116 14.772 0.000405788
338.48 83.5258 0.00158134
338.845 152.28 0.000740291
339.21 41.0334 0.00104481
339.574 109.787 0.00149752
339.939 178.541 4.05209e-05
340.304 67.2948 0.00146815
340.669 136.049 0.00110457
341.033 24.8024 0.000667614
341.398 93.5562 0.00158842
341.763 162.31 0.000483599
342.128 51.0638 0.00123793
342.492 119.818 0.00138079
342.857 8.57143 0.000237199
343.222 77.3252 0.0015527
343.587 146.079 0.000888128
343.951 34.8328 0.000909032
344.316 103.587 0.00154695
344.681 172.34 0.000212124
345.046 61.0942 0.00139321
345.41 129.848 0.00122186
345.775 18.6018 0.000507668
346.14 87.3556 0.00158979
346.505 156.109 0.000644538
346.869 44.8632 0.00112266
347.234 113.617 0.00145819
347.599 2.37082 6.58348e-05
347.964 71.1246 0.0015059
348.328 139.878 0.00102557
348.693 28.6322 0.000762617
349.058 97.386 0.00157828
349.422 166.14 0.000381246
349.787 54.8936 0.00130197
350.152 123.647 0.00132485
350.517 12.4012 0.000341781
350.881 81.155 0.00157256
351.246 149.909 0.000797936
351.611 38.6626 0.000994255
351.976 107.416 0.00151852
352.34 176.17 0.0001063
352.705 64.924 0.00144148
353.07 133.678 0.00115102
353.435 22.4316 0.00060728
353.799 91.1854 0.00159115
354.164 159.939 0.000545907
354.529 48.693 0.0011955
354.894 117.447 0.00141235
355.258 6.20061 0.000171896
355.623 74.9544 0.00153693
355.988 143.708 0.000941998
356.353 32.462 0.000854215
356.717 101.216 0.00156109
357.082 169.97 0.00027719
357.447 58.7234 0.0013602
357.812 127.477 0.001263
358.176 16.231 0.000444838
358.541 84.9848 0.00158539
358.906 153.739 0.000704181
359.271 42.4924 0.00107504
359.635 111.246 0.00148332
