* De conditionele overschrijdingskans van de windsnelheid gegeven de windrichting
* voor een 12-uursperiode te Texel. 
*
* De getallen zijn afkomstig uit het spreadsheet Afleiding_windsnelheidstatistiek.xls,               
* tabblad OvKans_Windsnelheid.
* Speadsheet gemaakt door Matthijs Duits van HKV lijn in water op 1 mei 2013
*
* De parameters voor de Weibullverdelingen (geldig voor een winterhalfjaar), die de basis vormen van 
* onderstaande conditionele overschrijdingskansen, zijn ontleend aan:
* Hydra-K, versie 3.6.5. Bestand: w-txl.e30
*
* Onderstaand is u de windsnelheid en r de windrichting
*
*u \ r  30            60            90            120           150           180           210           240           270           300           330           360
0       1.000E+00     1.000E+00     1.000E+00     1.000E+00     1.000E+00     1.000E+00     1.000E+00     1.000E+00     1.000E+00     1.000E+00     1.000E+00     1.000E+00
1       1.000E+00     9.678E-01     9.679E-01     1.000E+00     9.745E-01     9.748E-01     9.693E-01     9.687E-01     9.710E-01     9.687E-01     9.769E-01     9.710E-01
2       1.000E+00     9.206E-01     9.212E-01     1.000E+00     9.380E-01     9.411E-01     9.340E-01     9.320E-01     9.352E-01     9.275E-01     9.408E-01     9.219E-01
3       9.327E-01     8.569E-01     8.580E-01     9.697E-01     8.872E-01     8.965E-01     8.922E-01     8.884E-01     8.919E-01     8.765E-01     8.911E-01     8.544E-01
4       8.397E-01     7.782E-01     7.795E-01     8.925E-01     8.214E-01     8.402E-01     8.433E-01     8.379E-01     8.411E-01     8.168E-01     8.291E-01     7.723E-01
5       7.313E-01     6.880E-01     6.890E-01     7.952E-01     7.420E-01     7.727E-01     7.872E-01     7.809E-01     7.836E-01     7.501E-01     7.570E-01     6.804E-01
6       6.159E-01     5.910E-01     5.911E-01     6.841E-01     6.522E-01     6.960E-01     7.247E-01     7.183E-01     7.205E-01     6.785E-01     6.776E-01     5.839E-01
7       5.011E-01     4.924E-01     4.913E-01     5.672E-01     5.564E-01     6.127E-01     6.569E-01     6.514E-01     6.534E-01     6.041E-01     5.944E-01     4.879E-01
8       3.938E-01     3.973E-01     3.949E-01     4.522E-01     4.596E-01     5.262E-01     5.855E-01     5.820E-01     5.841E-01     5.293E-01     5.105E-01     3.968E-01
9       2.987E-01     3.101E-01     3.064E-01     3.462E-01     3.668E-01     4.402E-01     5.125E-01     5.117E-01     5.143E-01     4.562E-01     4.291E-01     3.140E-01
10      2.187E-01     2.337E-01     2.293E-01     2.541E-01     2.823E-01     3.582E-01     4.399E-01     4.424E-01     4.458E-01     3.865E-01     3.528E-01     2.417E-01
11      1.545E-01     1.700E-01     1.651E-01     1.785E-01     2.091E-01     2.830E-01     3.700E-01     3.758E-01     3.802E-01     3.219E-01     2.836E-01     1.809E-01
12      1.052E-01     1.191E-01     1.143E-01     1.199E-01     1.487E-01     2.168E-01     3.044E-01     3.135E-01     3.189E-01     2.634E-01     2.228E-01     1.316E-01
13      6.910E-02     8.034E-02     7.598E-02     7.687E-02     1.015E-01     1.608E-01     2.448E-01     2.565E-01     2.629E-01     2.117E-01     1.710E-01     9.304E-02
14      4.374E-02     5.211E-02     4.843E-02     4.700E-02     6.624E-02     1.154E-01     1.922E-01     2.058E-01     2.129E-01     1.670E-01     1.282E-01     6.392E-02
15      2.668E-02     3.247E-02     2.956E-02     2.738E-02     4.134E-02     7.998E-02     1.471E-01     1.617E-01     1.692E-01     1.293E-01     9.378E-02     4.266E-02
16      1.568E-02     1.941E-02     1.726E-02     1.517E-02     2.461E-02     5.347E-02     1.096E-01     1.243E-01     1.321E-01     9.828E-02     6.696E-02     2.765E-02
17      8.873E-03     1.113E-02     9.632E-03     7.991E-03     1.396E-02     3.444E-02     7.948E-02     9.349E-02     1.011E-01     7.323E-02     4.664E-02     1.741E-02
18      4.836E-03     6.110E-03     5.129E-03     3.997E-03     7.532E-03     2.135E-02     5.599E-02     6.869E-02     7.584E-02     5.350E-02     3.169E-02     1.064E-02
19      2.538E-03     3.210E-03     2.603E-03     1.896E-03     3.860E-03     1.273E-02     3.827E-02     4.927E-02     5.576E-02     3.830E-02     2.099E-02     6.308E-03
20      1.282E-03     1.704E-03     1.333E-03     8.527E-04     1.952E-03     7.282E-03     2.534E-02     3.446E-02     4.014E-02     2.686E-02     1.355E-02     3.631E-03
21      6.234E-04     8.671E-04     6.511E-04     3.631E-04     9.360E-04     3.996E-03     1.624E-02     2.348E-02     2.828E-02     1.844E-02     8.524E-03     2.094E-03
22      2.917E-04     4.223E-04     3.033E-04     1.463E-04     4.253E-04     2.101E-03     1.005E-02     1.557E-02     1.949E-02     1.238E-02     5.223E-03     1.173E-03
23      1.313E-04     1.968E-04     1.346E-04     5.571E-05     1.828E-04     1.108E-03     6.002E-03     1.002E-02     1.312E-02     8.131E-03     3.117E-03     6.379E-04
24      5.688E-05     8.771E-05     5.690E-05     2.004E-05     7.429E-05     5.597E-04     3.448E-03     6.260E-03     8.628E-03     5.216E-03     1.867E-03     3.368E-04
25      2.369E-05     3.736E-05     2.288E-05     6.805E-06     2.850E-05     2.706E-04     1.901E-03     3.782E-03     5.534E-03     3.266E-03     1.090E-03     1.727E-04
26      9.492E-06     1.520E-05     8.743E-06     2.179E-06     1.030E-05     1.252E-04     1.129E-03     2.205E-03     3.458E-03     2.175E-03     6.194E-04     8.590E-05
27      3.657E-06     5.900E-06     3.175E-06     6.575E-07     3.509E-06     5.531E-05     6.491E-04     1.415E-03     2.103E-03     1.423E-03     3.429E-04     4.148E-05
28      1.354E-06     2.186E-06     1.095E-06     1.869E-07     1.124E-06     2.333E-05     3.611E-04     8.866E-04     1.372E-03     9.130E-04     1.849E-04     1.944E-05
29      4.823E-07     7.721E-07     3.580E-07     4.997E-08     3.385E-07     9.391E-06     1.942E-04     5.423E-04     8.766E-04     5.751E-04     9.701E-05     8.839E-06
30      1.651E-07     2.599E-07     1.110E-07     1.257E-08     9.565E-08     3.602E-06     1.010E-04     3.237E-04     5.488E-04     3.555E-04     4.955E-05     3.900E-06
31      5.430E-08     8.336E-08     3.262E-08     2.971E-09     2.534E-08     1.316E-06     5.068E-05     1.885E-04     3.365E-04     2.156E-04     2.463E-05     1.669E-06
32      1.716E-08     2.545E-08     9.078E-09     6.594E-10     6.290E-09     4.575E-07     2.455E-05     1.070E-04     2.021E-04     1.283E-04     1.191E-05     6.932E-07
33      5.213E-09     7.395E-09     2.390E-09     1.374E-10     1.461E-09     1.512E-07     1.147E-05     5.922E-05     1.188E-04     7.489E-05     5.607E-06     2.792E-07
34      1.521E-09     2.044E-09     5.954E-10     2.685E-11     3.172E-10     4.750E-08     5.164E-06     3.194E-05     6.838E-05     4.289E-05     2.566E-06     1.091E-07
35      4.265E-10     5.370E-10     1.402E-10     4.919E-12     6.430E-11     1.417E-08     2.240E-06     1.678E-05     3.852E-05     2.409E-05     1.142E-06     4.133E-08
36      1.149E-10     1.341E-10     3.117E-11     8.443E-13     1.216E-11     4.008E-09     9.351E-07     8.589E-06     2.123E-05     1.327E-05     4.945E-07     1.519E-08
37      2.971E-11     3.181E-11     6.546E-12     1.357E-13     2.144E-12     1.075E-09     3.756E-07     4.279E-06     1.145E-05     7.167E-06     2.081E-07     5.410E-09
38      7.380E-12     7.163E-12     1.297E-12     2.040E-14     3.520E-13     2.732E-10     1.451E-07     2.075E-06     6.038E-06     3.796E-06     8.514E-08     1.869E-09
39      1.760E-12     1.531E-12     2.424E-13     2.869E-15     5.376E-14     6.572E-11     5.384E-08     9.789E-07     3.114E-06     1.972E-06     3.385E-08     6.261E-10
40      4.032E-13     3.104E-13     4.271E-14     3.772E-16     7.630E-15     1.496E-11     1.919E-08     4.493E-07     1.571E-06     1.004E-06     1.308E-08     2.033E-10
41      8.867E-14     5.967E-14     7.088E-15     4.632E-17     1.006E-15     3.218E-12     6.564E-09     2.005E-07     7.746E-07     5.011E-07     4.912E-09     6.400E-11
42      1.872E-14     1.087E-14     1.108E-15     5.310E-18     1.230E-16     6.540E-13     2.154E-09     8.700E-08     3.734E-07     2.452E-07     1.792E-09     1.953E-11
43      3.793E-15     1.878E-15     1.630E-16     5.682E-19     1.394E-17     1.255E-13     6.775E-10     3.669E-08     1.759E-07     1.176E-07     6.352E-10     5.775E-12
44      7.379E-16     3.071E-16     2.255E-17     5.670E-20     1.463E-18     2.272E-14     2.042E-10     1.503E-08     8.096E-08     5.528E-08     2.186E-10     1.656E-12
45      1.378E-16     4.754E-17     2.934E-18     5.275E-21     1.421E-19     3.878E-15     5.895E-11     5.982E-09     3.641E-08     2.547E-08     7.310E-11     4.599E-13
46      2.468E-17     6.966E-18     3.587E-19     4.572E-22     1.276E-20     6.237E-16     1.629E-11     2.312E-09     1.599E-08     1.150E-08     2.373E-11     1.238E-13
47      4.243E-18     9.656E-19     4.120E-20     3.691E-23     1.058E-21     9.445E-17     4.305E-12     8.674E-10     6.863E-09     5.087E-09     7.480E-12     3.230E-14
48      7.000E-19     1.266E-19     4.442E-21     2.773E-24     8.102E-23     1.346E-17     1.088E-12     3.159E-10     2.876E-09     2.205E-09     2.289E-12     8.165E-15
49      1.108E-19     1.569E-20     4.495E-22     1.938E-25     5.719E-24     1.804E-18     2.626E-13     1.116E-10     1.177E-09     9.364E-10     6.800E-13     2.000E-15
50      1.682E-20     1.837E-21     4.267E-23     1.260E-26     3.720E-25     2.272E-19     6.056E-14     3.827E-11     4.699E-10     3.896E-10     1.960E-13     4.746E-16
51      2.451E-21     2.032E-22     3.797E-24     7.614E-28     2.228E-26     2.687E-20     1.333E-14     1.272E-11     1.832E-10     1.588E-10     5.486E-14     1.091E-16
52      3.424E-22     2.123E-23     3.167E-25     4.275E-29     1.227E-27     2.984E-21     2.800E-15     4.101E-12     6.971E-11     6.340E-11     1.489E-14     2.430E-17
53      4.589E-23     2.094E-24     2.475E-26     2.228E-30     6.215E-29     3.109E-22     5.608E-16     1.282E-12     2.588E-11     2.480E-11     3.924E-15     5.241E-18
54      5.900E-24     1.948E-25     1.810E-27     1.078E-31     2.890E-30     3.036E-23     1.070E-16     3.881E-13     9.377E-12     9.497E-12     1.003E-15     1.095E-18
55      7.273E-25     1.710E-26     1.239E-28     4.841E-33     1.234E-31     2.778E-24     1.946E-17     1.139E-13     3.314E-12     3.563E-12     2.487E-16     2.217E-19