* De conditionele overschrijdingskans van de zeewaterstand met statistische onzekerheid gegeven de windrichting
* voor een 12-uursperiode te Hoek van Holland, gelegen op locatie: 
* 67930, 445000
* 
* Deze statistiek is afgeleid met dezelfde methode als gebruikt in 3280.20.03.
* De door Deltares op 10 november 2016 aangeleverde statistiek is gebruikt als bron.
*
* Het waterstandsbereik waarvoor de overschrijdingskansen zijn gegeven is het hoogwater 2017 tot 8.00 m + NAP
* met een stapgrootte van 0.1 m. De laatste stapgrootte kan afwijken om op 8.00 m uit te komen. Hierbij wordt
* een stapgrootte van minimaal 6 en maximaal 15 cm gekozen.
* 
* Door: G.W.F. Rongen van HKV lijn in water
* Project: PR3510.10
*
* m (m+NAP) 30              60              90              120             150             180             210             240             270             300             330             360
  1.21      1.000e+00       1.000e+00       1.000e+00       1.000e+00       1.000e+00       1.000e+00       1.000e+00       1.000e+00       1.000e+00       1.000e+00       1.000e+00       1.000e+00       
  1.31      5.937e-01       5.137e-01       4.647e-01       5.226e-01       5.154e-01       4.193e-01       4.098e-01       7.291e-01       9.496e-01       8.736e-01       7.681e-01       6.108e-01       
  1.41      3.596e-01       2.702e-01       2.216e-01       2.795e-01       2.720e-01       1.807e-01       1.727e-01       5.387e-01       9.039e-01       7.679e-01       5.967e-01       3.802e-01       
  1.51      2.071e-01       1.370e-01       1.028e-01       1.439e-01       1.383e-01       7.645e-02       7.257e-02       3.824e-01       8.199e-01       6.543e-01       4.572e-01       2.364e-01       
  1.61      7.447e-02       4.878e-02       3.636e-02       5.131e-02       4.926e-02       2.684e-02       2.971e-02       1.917e-01       5.006e-01       4.318e-01       3.125e-01       1.456e-01       
  1.71      2.561e-02       1.677e-02       1.250e-02       1.764e-02       1.694e-02       9.231e-03       1.218e-02       9.410e-02       2.986e-01       2.817e-01       2.131e-01       9.019e-02       
  1.81      8.767e-03       5.742e-03       4.280e-03       6.040e-03       5.800e-03       3.160e-03       5.012e-03       4.651e-02       1.793e-01       1.852e-01       1.462e-01       5.617e-02       
  1.91      2.989e-03       1.958e-03       1.459e-03       2.059e-03       1.977e-03       1.077e-03       2.070e-03       2.313e-02       1.083e-01       1.225e-01       1.008e-01       3.517e-02       
  2.01      1.015e-03       6.647e-04       4.954e-04       6.991e-04       6.713e-04       3.658e-04       8.574e-04       1.157e-02       6.578e-02       8.158e-02       6.987e-02       2.213e-02       
  2.11      3.433e-04       2.248e-04       1.676e-04       2.365e-04       2.271e-04       1.237e-04       3.563e-04       5.823e-03       4.017e-02       5.465e-02       4.866e-02       1.399e-02       
  2.21      1.157e-04       7.577e-05       5.647e-05       7.970e-05       7.652e-05       4.170e-05       1.485e-04       2.945e-03       2.465e-02       3.681e-02       3.405e-02       8.881e-03       
  2.31      3.885e-05       2.544e-05       1.896e-05       2.676e-05       2.570e-05       1.400e-05       6.208e-05       1.497e-03       1.520e-02       2.492e-02       2.392e-02       5.662e-03       
  2.41      1.300e-05       8.517e-06       6.347e-06       8.958e-06       8.601e-06       4.687e-06       2.602e-05       7.647e-04       9.410e-03       1.696e-02       1.687e-02       3.624e-03       
  2.51      4.338e-06       2.841e-06       2.118e-06       2.989e-06       2.870e-06       1.564e-06       1.093e-05       3.923e-04       5.852e-03       1.159e-02       1.195e-02       2.328e-03       
  2.61      1.443e-06       9.450e-07       7.043e-07       9.940e-07       9.544e-07       5.201e-07       4.604e-06       2.021e-04       3.653e-03       7.960e-03       8.490e-03       1.501e-03       
  2.71      4.784e-07       3.134e-07       2.336e-07       3.296e-07       3.165e-07       1.725e-07       1.944e-06       1.046e-04       2.290e-03       5.489e-03       6.054e-03       9.710e-04       
  2.81      1.582e-07       1.036e-07       7.722e-08       1.090e-07       1.046e-07       5.702e-08       8.225e-07       5.431e-05       1.440e-03       3.800e-03       4.331e-03       6.302e-04       
  2.91      5.216e-08       3.416e-08       2.546e-08       3.593e-08       3.450e-08       1.880e-08       3.488e-07       2.831e-05       9.092e-04       2.640e-03       3.108e-03       4.103e-04       
  3.01      1.699e-08       1.113e-08       8.293e-09       1.170e-08       1.124e-08       6.124e-09       1.469e-07       1.470e-05       5.724e-04       1.833e-03       2.227e-03       2.664e-04       
  3.11      5.667e-09       3.712e-09       2.767e-09       3.905e-09       3.749e-09       2.043e-09       6.313e-08       7.755e-06       3.643e-04       1.283e-03       1.608e-03       1.747e-04       
  3.21      1.898e-09       1.243e-09       9.263e-10       1.307e-09       1.255e-09       6.840e-10       2.728e-08       4.112e-06       2.328e-04       9.025e-04       1.165e-03       1.149e-04       
  3.31      6.374e-10       4.175e-10       3.112e-10       4.392e-10       4.217e-10       2.298e-10       1.185e-08       2.191e-06       1.493e-04       6.370e-04       8.467e-04       7.590e-05       
  3.41      2.148e-10       1.407e-10       1.049e-10       1.480e-10       1.421e-10       7.744e-11       5.169e-09       1.173e-06       9.614e-05       4.512e-04       6.171e-04       5.028e-05       
  3.51      7.259e-11       4.755e-11       3.544e-11       5.001e-11       4.802e-11       2.617e-11       2.265e-09       6.307e-07       6.208e-05       3.205e-04       4.508e-04       3.339e-05       
  3.61      2.450e-11       1.605e-11       1.196e-11       1.688e-11       1.621e-11       8.831e-12       9.923e-10       3.390e-07       4.007e-05       2.276e-04       3.292e-04       2.216e-05       
  3.71      8.362e-12       5.477e-12       4.082e-12       5.761e-12       5.532e-12       3.014e-12       4.391e-10       1.837e-07       2.600e-05       1.624e-04       2.413e-04       1.478e-05       
  3.81      2.929e-12       1.918e-12       1.430e-12       2.018e-12       1.938e-12       1.056e-12       1.980e-10       1.009e-07       1.702e-05       1.167e-04       1.780e-04       9.936e-06       
  3.91      1.039e-12       6.804e-13       5.071e-13       7.156e-13       6.871e-13       3.744e-13       9.019e-11       5.582e-08       1.120e-05       8.424e-05       1.318e-04       6.709e-06       
  4.01      3.715e-13       2.433e-13       1.813e-13       2.559e-13       2.457e-13       1.339e-13       4.137e-11       3.106e-08       7.396e-06       6.099e-05       9.779e-05       4.545e-06       
  4.11      1.339e-13       8.767e-14       6.534e-14       9.222e-14       8.855e-14       4.825e-14       1.910e-11       1.737e-08       4.900e-06       4.427e-05       7.273e-05       3.088e-06       
  4.21      4.857e-14       3.181e-14       2.371e-14       3.346e-14       3.213e-14       1.751e-14       8.868e-12       9.751e-09       3.254e-06       3.219e-05       5.416e-05       2.102e-06       
  4.31      1.774e-14       1.162e-14       8.662e-15       1.222e-14       1.174e-14       6.396e-15       4.140e-12       5.498e-09       2.166e-06       2.346e-05       4.041e-05       1.434e-06       
  4.41      6.540e-15       4.284e-15       3.193e-15       4.506e-15       4.326e-15       2.357e-15       1.949e-12       3.121e-09       1.449e-06       1.717e-05       3.025e-05       9.824e-07       
  4.51      2.449e-15       1.604e-15       1.195e-15       1.687e-15       1.620e-15       8.827e-16       9.301e-13       1.790e-09       9.765e-07       1.263e-05       2.276e-05       6.776e-07       
  4.61      9.368e-16       6.136e-16       4.573e-16       6.454e-16       6.197e-16       3.377e-16       4.509e-13       1.038e-09       6.626e-07       9.346e-06       1.720e-05       4.703e-07       
  4.71      3.657e-16       2.395e-16       1.785e-16       2.519e-16       2.419e-16       1.318e-16       2.216e-13       6.078e-10       4.520e-07       6.942e-06       1.305e-05       3.280e-07       
  4.81      1.449e-16       9.488e-17       7.071e-17       9.980e-17       9.582e-17       5.222e-17       1.100e-13       3.581e-10       3.096e-07       5.171e-06       9.918e-06       2.295e-07       
  4.91      5.798e-17       3.797e-17       2.830e-17       3.994e-17       3.835e-17       2.090e-17       5.497e-14       2.121e-10       2.127e-07       3.862e-06       7.557e-06       1.611e-07       
  5.01      2.340e-17       1.533e-17       1.142e-17       1.612e-17       1.548e-17       8.435e-18       2.766e-14       1.262e-10       1.467e-07       2.892e-06       5.771e-06       1.135e-07       
  5.11      9.522e-18       6.237e-18       4.648e-18       6.560e-18       6.299e-18       3.432e-18       1.401e-14       7.553e-11       1.015e-07       2.173e-06       4.419e-06       8.015e-08       
  5.21      3.905e-18       2.558e-18       1.906e-18       2.691e-18       2.583e-18       1.408e-18       7.148e-15       4.546e-11       7.056e-08       1.638e-06       3.395e-06       5.685e-08       
  5.31      1.616e-18       1.058e-18       7.888e-19       1.113e-18       1.069e-18       5.824e-19       3.677e-15       2.755e-11       4.930e-08       1.240e-06       2.618e-06       4.052e-08       
  5.41      6.754e-19       4.423e-19       3.297e-19       4.653e-19       4.468e-19       2.434e-19       1.909e-15       1.683e-11       3.464e-08       9.431e-07       2.027e-06       2.904e-08       
  5.51      2.858e-19       1.872e-19       1.395e-19       1.969e-19       1.891e-19       1.030e-19       1.003e-15       1.037e-11       2.448e-08       7.204e-07       1.575e-06       2.091e-08       
  5.61      1.227e-19       8.037e-20       5.990e-20       8.454e-20       8.117e-20       4.423e-20       5.326e-16       6.445e-12       1.739e-08       5.524e-07       1.228e-06       1.514e-08       
  5.71      5.351e-20       3.505e-20       2.612e-20       3.686e-20       3.539e-20       1.929e-20       2.861e-16       4.034e-12       1.241e-08       4.250e-07       9.610e-07       1.100e-08       
  5.81      2.369e-20       1.551e-20       1.156e-20       1.632e-20       1.567e-20       8.538e-21       1.552e-16       2.542e-12       8.896e-09       3.280e-07       7.537e-07       8.026e-09       
  5.91      1.063e-20       6.960e-21       5.187e-21       7.321e-21       7.029e-21       3.830e-21       8.490e-17       1.610e-12       6.397e-09       2.538e-07       5.926e-07       5.873e-09       
  6.01      4.820e-21       3.157e-21       2.353e-21       3.321e-21       3.188e-21       1.737e-21       4.676e-17       1.025e-12       4.614e-09       1.969e-07       4.669e-07       4.310e-09       
  6.11      2.206e-21       1.445e-21       1.077e-21       1.520e-21       1.459e-21       7.951e-22       2.591e-17       6.549e-13       3.338e-09       1.531e-07       3.687e-07       3.171e-09       
  6.21      1.017e-21       6.661e-22       4.964e-22       7.006e-22       6.727e-22       3.666e-22       1.443e-17       4.202e-13       2.422e-09       1.193e-07       2.917e-07       2.340e-09       
  6.31      4.719e-22       3.091e-22       2.304e-22       3.251e-22       3.122e-22       1.701e-22       8.076e-18       2.707e-13       1.761e-09       9.318e-08       2.312e-07       1.730e-09       
  6.41      2.203e-22       1.443e-22       1.075e-22       1.518e-22       1.457e-22       7.941e-23       4.542e-18       1.750e-13       1.285e-09       7.293e-08       1.836e-07       1.283e-09       
  6.51      1.034e-22       6.774e-23       5.049e-23       7.125e-23       6.842e-23       3.728e-23       2.566e-18       1.135e-13       9.391e-10       5.719e-08       1.461e-07       9.531e-10       
  6.61      4.882e-23       3.198e-23       2.383e-23       3.363e-23       3.229e-23       1.760e-23       1.456e-18       7.390e-14       6.882e-10       4.494e-08       1.164e-07       7.098e-10       
  6.71      2.316e-23       1.517e-23       1.131e-23       1.596e-23       1.532e-23       8.349e-24       8.294e-19       4.827e-14       5.056e-10       3.538e-08       9.294e-08       5.297e-10       
  6.81      1.105e-23       7.235e-24       5.392e-24       7.610e-24       7.307e-24       3.981e-24       4.745e-19       3.162e-14       3.722e-10       2.790e-08       7.432e-08       3.962e-10       
  6.91      5.293e-24       3.467e-24       2.584e-24       3.646e-24       3.501e-24       1.908e-24       2.725e-19       2.078e-14       2.747e-10       2.205e-08       5.953e-08       2.969e-10       
  7.01      2.548e-24       1.669e-24       1.244e-24       1.755e-24       1.686e-24       9.185e-25       1.571e-19       1.370e-14       2.031e-10       1.745e-08       4.775e-08       2.229e-10       
  7.11      1.232e-24       8.072e-25       6.016e-25       8.490e-25       8.152e-25       4.442e-25       9.091e-20       9.056e-15       1.505e-10       1.384e-08       3.836e-08       1.677e-10       
  7.21      5.986e-25       3.921e-25       2.922e-25       4.124e-25       3.960e-25       2.158e-25       5.279e-20       6.004e-15       1.117e-10       1.099e-08       3.087e-08       1.264e-10       
  7.31      2.920e-25       1.913e-25       1.426e-25       2.012e-25       1.932e-25       1.053e-25       3.077e-20       3.991e-15       8.314e-11       8.741e-09       2.487e-08       9.547e-11       
  7.41      1.431e-25       9.370e-26       6.983e-26       9.856e-26       9.463e-26       5.157e-26       1.799e-20       2.660e-15       6.197e-11       6.964e-09       2.007e-08       7.223e-11       
  7.51      7.036e-26       4.609e-26       3.435e-26       4.847e-26       4.654e-26       2.536e-26       1.055e-20       1.778e-15       4.628e-11       5.556e-09       1.621e-08       5.473e-11       
  7.61      3.474e-26       2.276e-26       1.696e-26       2.394e-26       2.298e-26       1.252e-26       6.211e-21       1.191e-15       3.463e-11       4.440e-09       1.312e-08       4.155e-11       
  7.71      1.722e-26       1.128e-26       8.407e-27       1.186e-26       1.139e-26       6.207e-27       3.667e-21       8.000e-16       2.595e-11       3.553e-09       1.063e-08       3.159e-11       
  7.81      8.568e-27       5.612e-27       4.182e-27       5.903e-27       5.668e-27       3.088e-27       2.172e-21       5.386e-16       1.949e-11       2.847e-09       8.619e-09       2.406e-11       
  7.91      4.278e-27       2.802e-27       2.088e-27       2.947e-27       2.830e-27       1.542e-27       1.290e-21       3.634e-16       1.466e-11       2.285e-09       6.999e-09       1.835e-11       
  8.00      2.297e-27       1.504e-27       1.121e-27       1.582e-27       1.519e-27       8.278e-28       8.090e-22       2.556e-16       1.136e-11       1.876e-09       5.809e-09       1.440e-11       