* De conditionele overschrijdingskans van de zeewaterstand zonder statistische onzekerheid gegeven de windrichting
* voor een 12-uursperiode te Hoek van Holland, gelegen op locatie: 
* 67930, 445000
* 
* Het waterstandsbereik waarvoor de overschrijdingskansen zijn gegeven is het hoogwater 1991 tot 8.00 m + NAP
* met een stapgrootte van 0.1 m. De laatste stapgrootte kan afwijken om op 8.00 m uit te komen. Hierbij wordt
* een stapgrootte van mimimaal 6 en maximaal 15 cm gekozen.
* 
* Betreft zichtjaar 1985 (het jaar waarvoor de basispeilen zijn afgeleid); 
* zeespiegelstijging sinds 1985 moet apart in rekening worden gebracht.
*
* Door: G.W.F. Rongen van HKV lijn in water
* Project: PR3280.20.03
*
* m (m+NAP) 30              60              90              120             150             180             210             240             270             300             330             360
  1.11      1.000e+00       1.000e+00       1.000e+00       1.000e+00       1.000e+00       1.000e+00       1.000e+00       1.000e+00       1.000e+00       1.000e+00       1.000e+00       1.000e+00       
  1.21      6.083e-01       5.283e-01       4.790e-01       5.373e-01       5.300e-01       4.329e-01       4.239e-01       7.441e-01       9.596e-01       8.867e-01       7.831e-01       6.272e-01       
  1.31      3.700e-01       2.791e-01       2.294e-01       2.887e-01       2.809e-01       1.874e-01       1.797e-01       5.537e-01       9.209e-01       7.862e-01       6.133e-01       3.933e-01       
  1.41      2.251e-01       1.474e-01       1.099e-01       1.551e-01       1.489e-01       8.114e-02       7.618e-02       4.120e-01       8.837e-01       6.970e-01       4.803e-01       2.467e-01       
  1.51      7.782e-02       5.097e-02       3.799e-02       5.362e-02       5.148e-02       2.805e-02       3.108e-02       2.004e-01       5.221e-01       4.497e-01       3.245e-01       1.515e-01       
  1.61      2.677e-02       1.754e-02       1.307e-02       1.845e-02       1.771e-02       9.651e-03       1.273e-02       9.820e-02       3.107e-01       2.925e-01       2.208e-01       9.362e-02       
  1.71      9.168e-03       6.005e-03       4.476e-03       6.316e-03       6.065e-03       3.305e-03       5.235e-03       4.847e-02       1.862e-01       1.918e-01       1.511e-01       5.821e-02       
  1.81      3.126e-03       2.047e-03       1.526e-03       2.153e-03       2.068e-03       1.127e-03       2.160e-03       2.408e-02       1.122e-01       1.266e-01       1.040e-01       3.639e-02       
  1.91      1.061e-03       6.951e-04       5.181e-04       7.311e-04       7.020e-04       3.825e-04       8.947e-04       1.204e-02       6.806e-02       8.416e-02       7.198e-02       2.287e-02       
  2.01      3.589e-04       2.351e-04       1.752e-04       2.472e-04       2.374e-04       1.294e-04       3.717e-04       6.051e-03       4.150e-02       5.628e-02       5.006e-02       1.444e-02       
  2.11      1.209e-04       7.919e-05       5.902e-05       8.330e-05       7.998e-05       4.358e-05       1.549e-04       3.059e-03       2.543e-02       3.785e-02       3.498e-02       9.161e-03       
  2.21      4.058e-05       2.658e-05       1.981e-05       2.796e-05       2.685e-05       1.463e-05       6.474e-05       1.554e-03       1.566e-02       2.560e-02       2.455e-02       5.836e-03       
  2.31      1.358e-05       8.892e-06       6.627e-06       9.353e-06       8.981e-06       4.894e-06       2.713e-05       7.936e-04       9.691e-03       1.740e-02       1.730e-02       3.733e-03       
  2.41      4.526e-06       2.965e-06       2.210e-06       3.118e-06       2.994e-06       1.632e-06       1.140e-05       4.071e-04       6.022e-03       1.188e-02       1.224e-02       2.397e-03       
  2.51      1.504e-06       9.853e-07       7.343e-07       1.036e-06       9.951e-07       5.422e-07       4.803e-06       2.098e-04       3.758e-03       8.153e-03       8.693e-03       1.545e-03       
  2.61      4.984e-07       3.264e-07       2.433e-07       3.434e-07       3.297e-07       1.796e-07       2.028e-06       1.085e-04       2.354e-03       5.618e-03       6.195e-03       9.994e-04       
  2.71      1.646e-07       1.078e-07       8.037e-08       1.134e-07       1.089e-07       5.934e-08       8.585e-07       5.638e-05       1.480e-03       3.887e-03       4.430e-03       6.485e-04       
  2.81      5.423e-08       3.552e-08       2.647e-08       3.736e-08       3.587e-08       1.955e-08       3.642e-07       2.941e-05       9.340e-04       2.700e-03       3.178e-03       4.222e-04       
  2.91      1.781e-08       1.167e-08       8.696e-09       1.227e-08       1.178e-08       6.421e-09       1.548e-07       1.539e-05       5.914e-04       1.883e-03       2.286e-03       2.757e-04       
  3.01      5.836e-09       3.822e-09       2.849e-09       4.020e-09       3.860e-09       2.104e-09       6.595e-08       8.086e-06       3.757e-04       1.317e-03       1.650e-03       1.805e-04       
  3.11      1.907e-09       1.249e-09       9.308e-10       1.314e-09       1.261e-09       6.873e-10       2.815e-08       4.262e-06       2.394e-04       9.250e-04       1.194e-03       1.185e-04       
  3.21      6.215e-10       4.071e-10       3.034e-10       4.282e-10       4.111e-10       2.240e-10       1.204e-08       2.254e-06       1.531e-04       6.516e-04       8.665e-04       7.806e-05       
  3.31      2.021e-10       1.323e-10       9.864e-11       1.392e-10       1.337e-10       7.283e-11       5.157e-09       1.196e-06       9.812e-05       4.605e-04       6.304e-04       5.154e-05       
  3.41      6.554e-11       4.293e-11       3.199e-11       4.515e-11       4.336e-11       2.362e-11       2.214e-09       6.364e-07       6.308e-05       3.264e-04       4.597e-04       3.411e-05       
  3.51      2.121e-11       1.389e-11       1.035e-11       1.461e-11       1.403e-11       7.645e-12       9.517e-10       3.397e-07       4.067e-05       2.320e-04       3.361e-04       2.263e-05       
  3.61      6.848e-12       4.485e-12       3.343e-12       4.718e-12       4.530e-12       2.468e-12       4.099e-10       1.818e-07       2.628e-05       1.654e-04       2.463e-04       1.505e-05       
  3.71      2.206e-12       1.445e-12       1.077e-12       1.520e-12       1.459e-12       7.953e-13       1.768e-10       9.758e-08       1.703e-05       1.182e-04       1.809e-04       1.003e-05       
  3.81      7.093e-13       4.646e-13       3.462e-13       4.887e-13       4.692e-13       2.557e-13       7.639e-11       5.252e-08       1.106e-05       8.475e-05       1.331e-04       6.700e-06       
  3.91      2.275e-13       1.490e-13       1.111e-13       1.568e-13       1.505e-13       8.202e-14       3.306e-11       2.834e-08       7.204e-06       6.089e-05       9.818e-05       4.485e-06       
  4.01      7.285e-14       4.772e-14       3.556e-14       5.019e-14       4.819e-14       2.626e-14       1.433e-11       1.533e-08       4.701e-06       4.386e-05       7.256e-05       3.008e-06       
  4.11      2.328e-14       1.525e-14       1.136e-14       1.604e-14       1.540e-14       8.391e-15       6.217e-12       8.312e-09       3.075e-06       3.166e-05       5.373e-05       2.022e-06       
  4.21      7.423e-15       4.862e-15       3.624e-15       5.114e-15       4.911e-15       2.676e-15       2.702e-12       4.518e-09       2.016e-06       2.291e-05       3.986e-05       1.361e-06       
  4.31      2.363e-15       1.548e-15       1.153e-15       1.628e-15       1.563e-15       8.517e-16       1.176e-12       2.461e-09       1.324e-06       1.662e-05       2.962e-05       9.184e-07       
  4.41      7.507e-16       4.917e-16       3.665e-16       5.172e-16       4.966e-16       2.706e-16       5.126e-13       1.344e-09       8.714e-07       1.208e-05       2.206e-05       6.207e-07       
  4.51      2.381e-16       1.559e-16       1.162e-16       1.640e-16       1.575e-16       8.581e-17       2.237e-13       7.355e-10       5.747e-07       8.796e-06       1.645e-05       4.203e-07       
  4.61      7.536e-17       4.936e-17       3.679e-17       5.192e-17       4.985e-17       2.716e-17       9.774e-14       4.033e-10       3.798e-07       6.419e-06       1.229e-05       2.850e-07       
  4.71      2.382e-17       1.560e-17       1.163e-17       1.641e-17       1.575e-17       8.584e-18       4.276e-14       2.217e-10       2.514e-07       4.694e-06       9.198e-06       1.937e-07       
  4.81      7.513e-18       4.921e-18       3.668e-18       5.176e-18       4.970e-18       2.708e-18       1.873e-14       1.221e-10       1.668e-07       3.439e-06       6.894e-06       1.318e-07       
  4.91      2.366e-18       1.550e-18       1.155e-18       1.630e-18       1.565e-18       8.529e-19       8.214e-15       6.735e-11       1.108e-07       2.524e-06       5.175e-06       8.982e-08       
  5.01      7.440e-19       4.873e-19       3.632e-19       5.125e-19       4.921e-19       2.682e-19       3.607e-15       3.723e-11       7.375e-08       1.856e-06       3.891e-06       6.131e-08       
  5.11      2.335e-19       1.530e-19       1.140e-19       1.609e-19       1.545e-19       8.418e-20       1.585e-15       2.062e-11       4.917e-08       1.368e-06       2.930e-06       4.192e-08       
  5.21      7.319e-20       4.794e-20       3.573e-20       5.043e-20       4.842e-20       2.638e-20       6.977e-16       1.144e-11       3.284e-08       1.009e-06       2.209e-06       2.870e-08       
  5.31      2.290e-20       1.500e-20       1.118e-20       1.578e-20       1.515e-20       8.256e-21       3.074e-16       6.361e-12       2.197e-08       7.460e-07       1.668e-06       1.968e-08       
  5.41      7.156e-21       4.687e-21       3.493e-21       4.930e-21       4.734e-21       2.580e-21       1.356e-16       3.542e-12       1.472e-08       5.523e-07       1.261e-06       1.351e-08       
  5.51      2.233e-21       1.462e-21       1.090e-21       1.538e-21       1.477e-21       8.047e-22       5.986e-17       1.976e-12       9.875e-09       4.096e-07       9.550e-07       9.293e-09       
  5.61      6.955e-22       4.555e-22       3.395e-22       4.791e-22       4.601e-22       2.507e-22       2.645e-17       1.104e-12       6.637e-09       3.042e-07       7.240e-07       6.398e-09       
  5.71      2.163e-22       1.417e-22       1.056e-22       1.490e-22       1.431e-22       7.798e-23       1.170e-17       6.180e-13       4.467e-09       2.263e-07       5.496e-07       4.412e-09       
  5.81      6.720e-23       4.401e-23       3.280e-23       4.629e-23       4.445e-23       2.422e-23       5.183e-18       3.465e-13       3.011e-09       1.686e-07       4.177e-07       3.046e-09       
  5.91      2.084e-23       1.365e-23       1.017e-23       1.436e-23       1.379e-23       7.513e-24       2.298e-18       1.946e-13       2.032e-09       1.258e-07       3.179e-07       2.105e-09       
  6.01      6.456e-24       4.229e-24       3.152e-24       4.448e-24       4.271e-24       2.327e-24       1.020e-18       1.094e-13       1.374e-09       9.400e-08       2.422e-07       1.457e-09       
  6.11      1.997e-24       1.308e-24       9.749e-25       1.376e-24       1.321e-24       7.198e-25       4.528e-19       6.163e-14       9.298e-10       7.033e-08       1.847e-07       1.010e-09       
  6.21      6.169e-25       4.041e-25       3.011e-25       4.250e-25       4.081e-25       2.224e-25       2.013e-19       3.477e-14       6.302e-10       5.270e-08       1.411e-07       7.005e-10       
  6.31      1.903e-25       1.247e-25       9.290e-26       1.311e-25       1.259e-25       6.860e-26       8.957e-20       1.964e-14       4.277e-10       3.954e-08       1.079e-07       4.866e-10       
  6.41      5.863e-26       3.840e-26       2.862e-26       4.040e-26       3.879e-26       2.114e-26       3.989e-20       1.111e-14       2.906e-10       2.970e-08       8.256e-08       3.384e-10       
  6.51      1.804e-26       1.182e-26       8.807e-27       1.243e-26       1.193e-26       6.503e-27       1.778e-20       6.296e-15       1.977e-10       2.234e-08       6.326e-08       2.356e-10       
  6.61      5.545e-27       3.632e-27       2.707e-27       3.820e-27       3.668e-27       1.999e-27       7.933e-21       3.572e-15       1.347e-10       1.683e-08       4.852e-08       1.642e-10       
  6.71      1.702e-27       1.115e-27       8.307e-28       1.172e-27       1.126e-27       6.134e-28       3.542e-21       2.029e-15       9.187e-11       1.269e-08       3.725e-08       1.146e-10       
  6.81      5.217e-28       3.417e-28       2.547e-28       3.594e-28       3.451e-28       1.880e-28       1.583e-21       1.154e-15       6.274e-11       9.581e-09       2.863e-08       8.001e-11       
  6.91      1.597e-28       1.046e-28       7.797e-29       1.100e-28       1.057e-28       5.757e-29       7.080e-22       6.576e-16       4.289e-11       7.243e-09       2.203e-08       5.594e-11       
  7.01      4.885e-29       3.199e-29       2.384e-29       3.365e-29       3.231e-29       1.761e-29       3.169e-22       3.751e-16       2.936e-11       5.482e-09       1.697e-08       3.916e-11       
  7.11      1.492e-29       9.772e-30       7.283e-30       1.028e-29       9.869e-30       5.378e-30       1.420e-22       2.142e-16       2.012e-11       4.153e-09       1.308e-08       2.744e-11       
  7.21      4.552e-30       2.981e-30       2.222e-30       3.136e-30       3.011e-30       1.641e-30       6.366e-23       1.225e-16       1.380e-11       3.150e-09       1.009e-08       1.924e-11       
  7.31      1.387e-30       9.086e-31       6.771e-31       9.557e-31       9.176e-31       5.000e-31       2.856e-23       7.014e-17       9.478e-12       2.392e-09       7.794e-09       1.351e-11       
  7.41      4.222e-31       2.766e-31       2.061e-31       2.909e-31       2.793e-31       1.522e-31       1.283e-23       4.020e-17       6.516e-12       1.819e-09       6.025e-09       9.493e-12       
  7.51      1.284e-31       8.409e-32       6.267e-32       8.845e-32       8.492e-32       4.628e-32       5.764e-24       2.307e-17       4.485e-12       1.384e-09       4.662e-09       6.677e-12       
  7.61      3.899e-32       2.554e-32       1.903e-32       2.686e-32       2.579e-32       1.405e-32       2.592e-24       1.326e-17       3.090e-12       1.054e-09       3.610e-09       4.701e-12       
  7.71      1.183e-32       7.748e-33       5.775e-33       8.150e-33       7.825e-33       4.264e-33       1.166e-24       7.628e-18       2.131e-12       8.042e-10       2.798e-09       3.313e-12       
  7.81      3.585e-33       2.348e-33       1.750e-33       2.470e-33       2.371e-33       1.292e-33       5.253e-25       4.393e-18       1.471e-12       6.139e-10       2.171e-09       2.336e-12       
  7.91      1.085e-33       7.108e-34       5.298e-34       7.477e-34       7.179e-34       3.912e-34       2.368e-25       2.533e-18       1.017e-12       4.691e-10       1.686e-09       1.649e-12       
  8.00      3.699e-34       2.423e-34       1.806e-34       2.548e-34       2.447e-34       1.333e-34       1.156e-25       1.545e-18       7.295e-13       3.686e-10       1.343e-09       1.207e-12       