* Overschrijdingskansen piekwaarde Olst (Hydra-NL). Zonder statistische onzekerheid.
*
* Basisduur trapezia: B = 30 dagen.
* 
* Door: G.W.F. Rongen van HKV lijn in water
* Project: PR3490.10
*
* Piekwaarde    Overschrijdingskans
*      [m3/s]       [-]
        200         1.000e+00
        600         2.242e-01
        700         1.586e-01
        800         1.121e-01
        900         7.928e-02
        1000        5.606e-02
        1100        3.964e-02
        1200        2.753e-02
        1300        1.879e-02
        1400        1.282e-02
        1500        8.819e-03
        1600        6.067e-03
        1700        4.173e-03
        1800        2.871e-03
        1900        1.868e-03
        2000        1.150e-03
        2100        7.081e-04
        2200        3.852e-04
        2300        1.852e-04
        2400        1.078e-04
        2500        6.271e-05
        2600        3.649e-05
        2700        2.124e-05
        2800        1.408e-05
        2900        1.063e-05
        3000        7.422e-06
        3100        4.109e-06
        3200        2.275e-06
        3300        1.244e-06
        3400        6.808e-07
        3500        3.823e-07
        3600        2.147e-07
        3700        1.237e-07
        3800        7.122e-08
        3900        4.193e-08
        4000        2.468e-08
        4100        1.453e-08
        4200        8.555e-09
        4300        5.037e-09
        4400        2.965e-09
        4500        1.746e-09
        4600        1.028e-09
        4700        6.050e-10
        4800        3.562e-10
        4900        2.097e-10
        5000        1.234e-10
