* Overschrijdingskansen piekwaarde Olst (Hydra-NL). Met statistische onzekerheid.
*
* Basisduur trapezia: B = 30 dagen.
* 
* Door: G.W.F. Rongen van HKV lijn in water
* Project: PR3490.10
*
* Piekwaarde    Overschrijdingskans
*      [m3/s]       [-]
        200         1.000e+00
        600         2.262e-01
        700         1.602e-01
        800         1.133e-01
        900         7.986e-02
        1000        5.606e-02
        1100        3.964e-02
        1200        2.779e-02
        1300        1.925e-02
        1400        1.325e-02
        1500        9.145e-03
        1600        6.338e-03
        1700        4.394e-03
        1800        3.023e-03
        1900        2.036e-03
        2000        1.322e-03
        2100        8.224e-04
        2200        4.908e-04
        2300        2.841e-04
        2400        1.631e-04
        2500        9.505e-05
        2600        5.680e-05
        2700        3.478e-05
        2800        2.181e-05
        2900        1.408e-05
        3000        9.373e-06
        3100        6.401e-06
        3200        4.424e-06
        3300        3.051e-06
        3400        2.078e-06
        3500        1.389e-06
        3600        9.104e-07
        3700        5.850e-07
        3800        3.688e-07
        3900        2.285e-07
        4000        1.394e-07
        4100        8.390e-08
        4200        4.999e-08
        4300        2.959e-08
        4400        1.746e-08
        4500        1.029e-08
        4600        6.073e-09
        4700        3.591e-09
        4800        2.129e-09
        4900        1.264e-09
        5000        7.515e-10
