1669477197 1
1669478243 2
1669479318 3
1669479700 4
1669569610 5
1669570495 6
1669574938 7
1670487311 8
1672856955 9
1672856968 10
1672857095 11
1672857976 12
1672867807 13
1672867823 14
1672906137 15
1672906239 16
1672906931 17
1672906953 18
1672907160 19
1673289846 20
1673290400 21
1673290799 22
1673291071 23
1673291098 24
1673291134 25
1673372764 26
1673372789 27
1674196140 28
1674196172 29
1674463694 30
1674463759 31
1674464124 32
1674465626 33
1674466002 34
1675092359 35
1675099422 36
1675099447 37
1675099465 38
1675262322 39
1675262361 40
1676292759 41
1676293588 42
1676293612 43
1676294892 44
1676294921 45
1676295987 46
1676536590 47
1676564714 48
1676564736 49
1677860018 50
1677860041 51
1679998560 52
1679998586 53
1680075739 54
1680075779 55
1680078418 56
1680095793 57
1680095851 58
1680095911 59
1680158979 60
1680192051 61
1680192086 62
1680608961 63
1680868256 64
1681130313 65
1681130388 66
1681132493 67
1681132814 68
1681133379 69
1681145330 70
1681145350 71
1681762464 72
1681762551 73
1681813657 74
1681813892 75
1681814001 76
1682359103 77
1682421639 78
1682421807 79
1682421900 80
1682421915 81
1682422022 82
1682422036 83
1682423621 84
1682423643 85
1682423675 86
1683051524 87
1683093894 88
1683093912 89
1683094049 90
1683094072 91
1683094085 92
1683094100 93
1683098092 94
1683100967 95
1683101091 96
1683101161 97
1683101212 98
1683103600 99
1684764695 100
