1669477197 59
1669478243 60
1669479318 240
1669479700 240
1669569610 240
1669570495 253
1669574938 264
1670487311 268
1672856955 315
1672856968 369
1672857095 369
1672857976 375
1672867807 377
1672867823 377
1672906137 387
1672906239 373
1672906931 399
1672906953 399
1672907160 403
1673289846 346
1673290400 399
1673290799 399
1673291071 419
1673291098 434
1673291134 434
1673372764 436
1673372789 436
1674196140 439
1674196172 439
1674463694 450
1674463759 450
1674464124 461
1674465626 491
1674466002 539
1675092359 538
1675099422 550
1675099447 592
1675099465 592
1675262322 593
1675262361 593
1676292759 732
1676293588 752
1676293612 752
1676294892 778
1676294921 778
1676295987 790
1676536590 823
1676564714 903
1676564736 903
1677860018 910
1677860041 910
1679998560 907
1679998586 907
1680075739 911
1680075779 911
1680078418 993
1680095793 993
1680095851 993
1680095911 994
1680158979 1001
1680192051 1001
1680192086 1001
1680608961 1004
1680868256 1002
1681130313 1001
1681130388 1001
1681132493 1003
1681132814 1003
1681133379 1002
1681145330 1034
1681145350 1034
1681762464 1093
1681762551 1092
1681813657 1147
1681813892 1110
1681814001 1110
1682359103 1108
1682421639 1096
1682421807 1105
1682421900 1105
1682421915 1105
1682422022 1098
1682422036 1098
1682423621 1099
1682423643 1108
1682423675 1108
1683051524 1113
1683093894 1113
1683093912 1345
1683094049 1374
1683094072 1374
1683094085 1374
1683094100 1374
1683098092 1388
1683100967 1395
1683101091 1395
1683101161 1393
1683101212 1393
1683103600 1398
1684764695 1397
