1669477197 59
1669478243 65
1669479318 249
1669479700 251
1669569610 253
1669570495 267
1669574938 281
1670487311 289
1672856955 337
1672856968 397
1672857095 398
1672857976 406
1672867807 409
1672867823 410
1672906137 420
1672906239 426
1672906931 452
1672906953 453
1672907160 458
1673289846 472
1673290400 526
1673290799 528
1673291071 550
1673291098 565
1673291134 566
1673372764 571
1673372789 572
1674196140 579
1674196172 580
1674463694 592
1674463759 593
1674464124 605
1674465626 643
1674466002 691
1675092359 691
1675099422 705
1675099447 747
1675099465 748
1675262322 751
1675262361 752
1676292759 900
1676293588 942
1676293612 943
1676294892 970
1676294921 971
1676295987 991
1676536590 1051
1676564714 1155
1676564736 1156
1677860018 1168
1677860041 1169
1679998560 1293
1679998586 1294
1680075739 1301
1680075779 1302
1680078418 1384
1680095793 1386
1680095851 1387
1680095911 1388
1680158979 1397
1680192051 1398
1680192086 1399
1680608961 1402
1680868256 1402
1681130313 1404
1681130388 1405
1681132493 1408
1681132814 1409
1681133379 1409
1681145330 1523
1681145350 1524
1681762464 1750
1681762551 1753
1681813657 1964
1681813892 2006
1681814001 2006
1682359103 2016
1682421639 2025
1682421807 2039
1682421900 2040
1682421915 2041
1682422022 2045
1682422036 2046
1682423621 2049
1682423643 2061
1682423675 2062
1683051524 2069
1683093894 2070
1683093912 2302
1683094049 2360
1683094072 2361
1683094085 2369
1683094100 2370
1683098092 2389
1683100967 2396
1683101091 2397
1683101161 2398
1683101212 2399
1683103600 2406
1684764695 2411
