* De conditionele overschrijdingskans van de zeewaterstand met statistische onzekerheid gegeven de windrichting
* voor een 12-uursperiode te IJmuiden, gelegen op locatie: 
* 98430, 497500
* 
* Het waterstandsbereik waarvoor de overschrijdingskansen zijn gegeven is het hoogwater 1991 tot 8.00 m + NAP
* met een stapgrootte van 0.1 m. De laatste stapgrootte kan afwijken om op 8.00 m uit te komen. Hierbij wordt
* een stapgrootte van mimimaal 6 en maximaal 15 cm gekozen.
* 
* Betreft zichtjaar 1985 (het jaar waarvoor de basispeilen zijn afgeleid); 
* zeespiegelstijging sinds 1985 moet apart in rekening worden gebracht.
*
* Door: G.W.F. Rongen van HKV lijn in water
* Project: PR3280.20.03
*
* m (m+NAP) 30              60              90              120             150             180             210             240             270             300             330             360
  0.97      1.000e+00       1.000e+00       1.000e+00       1.000e+00       1.000e+00       1.000e+00       1.000e+00       1.000e+00       1.000e+00       1.000e+00       1.000e+00       1.000e+00       
  1.07      4.325e-01       3.753e-01       3.404e-01       3.817e-01       3.766e-01       3.079e-01       3.560e-01       6.719e-01       8.290e-01       7.750e-01       6.515e-01       5.039e-01       
  1.17      1.915e-01       1.444e-01       1.187e-01       1.493e-01       1.453e-01       9.702e-02       1.299e-01       4.585e-01       6.929e-01       6.070e-01       4.314e-01       2.595e-01       
  1.27      8.453e-02       5.604e-02       4.213e-02       5.886e-02       5.658e-02       3.140e-02       4.856e-02       3.042e-01       5.630e-01       4.678e-01       2.874e-01       1.359e-01       
  1.37      3.617e-02       2.369e-02       1.766e-02       2.492e-02       2.393e-02       1.304e-02       2.280e-02       1.612e-01       3.699e-01       3.192e-01       2.014e-01       8.165e-02       
  1.47      1.538e-02       1.008e-02       7.510e-03       1.060e-02       1.018e-02       5.545e-03       1.095e-02       8.368e-02       2.393e-01       2.167e-01       1.424e-01       4.981e-02       
  1.57      6.524e-03       4.273e-03       3.185e-03       4.495e-03       4.316e-03       2.352e-03       5.260e-03       4.351e-02       1.554e-01       1.479e-01       1.012e-01       3.044e-02       
  1.67      2.759e-03       1.807e-03       1.347e-03       1.901e-03       1.825e-03       9.945e-04       2.525e-03       2.265e-02       1.013e-01       1.015e-01       7.214e-02       1.863e-02       
  1.77      1.164e-03       7.623e-04       5.681e-04       8.018e-04       7.699e-04       4.195e-04       1.211e-03       1.180e-02       6.623e-02       7.003e-02       5.165e-02       1.142e-02       
  1.87      4.897e-04       3.208e-04       2.391e-04       3.374e-04       3.240e-04       1.765e-04       5.809e-04       6.159e-03       4.344e-02       4.853e-02       3.711e-02       7.007e-03       
  1.97      2.056e-04       1.347e-04       1.004e-04       1.416e-04       1.360e-04       7.411e-05       2.785e-04       3.217e-03       2.858e-02       3.377e-02       2.675e-02       4.306e-03       
  2.07      8.612e-05       5.641e-05       4.204e-05       5.933e-05       5.697e-05       3.104e-05       1.334e-04       1.682e-03       1.885e-02       2.360e-02       1.934e-02       2.650e-03       
  2.17      3.600e-05       2.358e-05       1.757e-05       2.480e-05       2.381e-05       1.298e-05       6.392e-05       8.802e-04       1.247e-02       1.655e-02       1.403e-02       1.632e-03       
  2.27      1.502e-05       9.837e-06       7.332e-06       1.035e-05       9.935e-06       5.414e-06       3.061e-05       4.610e-04       8.268e-03       1.165e-02       1.020e-02       1.007e-03       
  2.37      6.253e-06       4.096e-06       3.053e-06       4.308e-06       4.137e-06       2.254e-06       1.465e-05       2.417e-04       5.495e-03       8.227e-03       7.441e-03       6.216e-04       
  2.47      2.599e-06       1.702e-06       1.269e-06       1.790e-06       1.719e-06       9.368e-07       7.013e-06       1.268e-04       3.660e-03       5.829e-03       5.440e-03       3.841e-04       
  2.57      1.078e-06       7.062e-07       5.263e-07       7.428e-07       7.132e-07       3.886e-07       3.355e-06       6.658e-05       2.443e-03       4.143e-03       3.987e-03       2.376e-04       
  2.67      4.465e-07       2.925e-07       2.180e-07       3.076e-07       2.954e-07       1.610e-07       1.605e-06       3.498e-05       1.634e-03       2.953e-03       2.928e-03       1.471e-04       
  2.77      1.846e-07       1.209e-07       9.013e-08       1.272e-07       1.221e-07       6.655e-08       7.672e-07       1.840e-05       1.095e-03       2.111e-03       2.156e-03       9.119e-05       
  2.87      7.564e-08       4.954e-08       3.692e-08       5.211e-08       5.003e-08       2.726e-08       3.643e-07       9.622e-06       7.323e-04       1.507e-03       1.585e-03       5.629e-05       
  2.97      3.131e-08       2.051e-08       1.529e-08       2.157e-08       2.071e-08       1.129e-08       1.744e-07       5.070e-06       4.920e-04       1.081e-03       1.170e-03       3.492e-05       
  3.07      1.307e-08       8.561e-09       6.381e-09       9.005e-09       8.647e-09       4.712e-09       8.412e-08       2.689e-06       3.321e-04       7.797e-04       8.670e-04       2.176e-05       
  3.17      5.469e-09       3.582e-09       2.670e-09       3.768e-09       3.618e-09       1.972e-09       4.066e-08       1.430e-06       2.247e-04       5.637e-04       6.440e-04       1.359e-05       
  3.27      2.294e-09       1.503e-09       1.120e-09       1.580e-09       1.517e-09       8.269e-10       1.970e-08       7.623e-07       1.524e-04       4.087e-04       4.794e-04       8.499e-06       
  3.37      9.644e-10       6.317e-10       4.708e-10       6.644e-10       6.379e-10       3.476e-10       9.569e-09       4.074e-07       1.036e-04       2.971e-04       3.576e-04       5.326e-06       
  3.47      4.060e-10       2.659e-10       1.982e-10       2.797e-10       2.686e-10       1.463e-10       4.653e-09       2.180e-07       7.051e-05       2.163e-04       2.671e-04       3.340e-06       
  3.57      1.707e-10       1.118e-10       8.332e-11       1.176e-10       1.129e-10       6.152e-11       2.260e-09       1.165e-07       4.794e-05       1.574e-04       1.994e-04       2.091e-06       
  3.67      7.233e-11       4.738e-11       3.531e-11       4.983e-11       4.785e-11       2.607e-11       1.105e-09       6.267e-08       3.273e-05       1.150e-04       1.493e-04       1.314e-06       
  3.77      3.118e-11       2.042e-11       1.522e-11       2.148e-11       2.062e-11       1.124e-11       5.471e-10       3.408e-08       2.248e-05       8.452e-05       1.123e-04       8.325e-07       
  3.87      1.355e-11       8.878e-12       6.617e-12       9.338e-12       8.966e-12       4.886e-12       2.729e-10       1.864e-08       1.550e-05       6.230e-05       8.476e-05       5.292e-07       
  3.97      5.926e-12       3.881e-12       2.893e-12       4.083e-12       3.920e-12       2.136e-12       1.367e-10       1.023e-08       1.071e-05       4.604e-05       6.408e-05       3.373e-07       
  4.07      2.604e-12       1.706e-12       1.271e-12       1.794e-12       1.723e-12       9.387e-13       6.876e-11       5.638e-09       7.417e-06       3.409e-05       4.853e-05       2.155e-07       
  4.17      1.150e-12       7.530e-13       5.612e-13       7.920e-13       7.605e-13       4.144e-13       3.471e-11       3.116e-09       5.144e-06       2.528e-05       3.678e-05       1.379e-07       
  4.27      5.096e-13       3.338e-13       2.488e-13       3.511e-13       3.371e-13       1.837e-13       1.758e-11       1.727e-09       3.572e-06       1.877e-05       2.791e-05       8.830e-08       
  4.37      2.270e-13       1.487e-13       1.108e-13       1.564e-13       1.501e-13       8.182e-14       8.935e-12       9.601e-10       2.485e-06       1.397e-05       2.121e-05       5.669e-08       
  4.47      1.020e-13       6.679e-14       4.978e-14       7.025e-14       6.745e-14       3.676e-14       4.577e-12       5.375e-10       1.737e-06       1.043e-05       1.617e-05       3.658e-08       
  4.57      4.645e-14       3.043e-14       2.268e-14       3.200e-14       3.073e-14       1.674e-14       2.372e-12       3.040e-10       1.221e-06       7.831e-06       1.239e-05       2.377e-08       
  4.67      2.151e-14       1.409e-14       1.050e-14       1.482e-14       1.423e-14       7.752e-15       1.245e-12       1.737e-10       8.633e-07       5.904e-06       9.521e-06       1.555e-08       
  4.77      1.009e-14       6.609e-15       4.926e-15       6.952e-15       6.675e-15       3.637e-15       6.599e-13       1.001e-10       6.125e-07       4.465e-06       7.338e-06       1.023e-08       
  4.87      4.780e-15       3.131e-15       2.334e-15       3.293e-15       3.162e-15       1.723e-15       3.523e-13       5.797e-11       4.358e-07       3.385e-06       5.667e-06       6.746e-09       
  4.97      2.281e-15       1.494e-15       1.113e-15       1.571e-15       1.509e-15       8.221e-16       1.891e-13       3.374e-11       3.109e-07       2.571e-06       4.384e-06       4.464e-09       
  5.07      1.095e-15       7.170e-16       5.344e-16       7.542e-16       7.241e-16       3.946e-16       1.020e-13       1.972e-11       2.223e-07       1.957e-06       3.398e-06       2.962e-09       
  5.17      5.285e-16       3.461e-16       2.580e-16       3.641e-16       3.496e-16       1.905e-16       5.527e-14       1.157e-11       1.594e-07       1.494e-06       2.639e-06       1.972e-09       
  5.27      2.566e-16       1.681e-16       1.253e-16       1.768e-16       1.698e-16       9.250e-17       3.010e-14       6.821e-12       1.146e-07       1.143e-06       2.055e-06       1.317e-09       
  5.37      1.254e-16       8.214e-17       6.122e-17       8.640e-17       8.296e-17       4.521e-17       1.649e-14       4.043e-12       8.272e-08       8.775e-07       1.604e-06       8.830e-10       
  5.47      6.174e-17       4.044e-17       3.014e-17       4.253e-17       4.084e-17       2.225e-17       9.096e-15       2.411e-12       5.995e-08       6.760e-07       1.256e-06       5.950e-10       
  5.57      3.066e-17       2.008e-17       1.496e-17       2.112e-17       2.028e-17       1.105e-17       5.055e-15       1.448e-12       4.363e-08       5.226e-07       9.870e-07       4.030e-10       
  5.67      1.537e-17       1.007e-17       7.503e-18       1.059e-17       1.017e-17       5.540e-18       2.833e-15       8.756e-13       3.188e-08       4.053e-07       7.777e-07       2.743e-10       
  5.77      7.787e-18       5.100e-18       3.801e-18       5.365e-18       5.151e-18       2.807e-18       1.601e-15       5.334e-13       2.338e-08       3.153e-07       6.144e-07       1.876e-10       
  5.87      3.986e-18       2.611e-18       1.946e-18       2.746e-18       2.637e-18       1.437e-18       9.123e-16       3.270e-13       1.721e-08       2.459e-07       4.865e-07       1.288e-10       
  5.97      2.059e-18       1.349e-18       1.005e-18       1.419e-18       1.362e-18       7.422e-19       5.233e-16       2.016e-13       1.270e-08       1.923e-07       3.860e-07       8.879e-11       
  6.07      1.072e-18       7.023e-19       5.234e-19       7.387e-19       7.093e-19       3.865e-19       3.020e-16       1.249e-13       9.393e-09       1.506e-07       3.068e-07       6.138e-11       
  6.17      5.621e-19       3.682e-19       2.744e-19       3.873e-19       3.719e-19       2.026e-19       1.751e-16       7.765e-14       6.965e-09       1.182e-07       2.443e-07       4.256e-11       
  6.27      2.964e-19       1.941e-19       1.447e-19       2.042e-19       1.961e-19       1.068e-19       1.020e-16       4.847e-14       5.175e-09       9.298e-08       1.949e-07       2.958e-11       
  6.37      1.571e-19       1.029e-19       7.667e-20       1.082e-19       1.039e-19       5.662e-20       5.965e-17       3.036e-14       3.854e-09       7.326e-08       1.557e-07       2.061e-11       
  6.47      8.361e-20       5.476e-20       4.082e-20       5.760e-20       5.531e-20       3.014e-20       3.501e-17       1.908e-14       2.876e-09       5.782e-08       1.246e-07       1.439e-11       
  6.57      4.470e-20       2.928e-20       2.182e-20       3.080e-20       2.957e-20       1.611e-20       2.063e-17       1.203e-14       2.150e-09       4.571e-08       9.981e-08       1.008e-11       
  6.67      2.400e-20       1.572e-20       1.171e-20       1.653e-20       1.587e-20       8.650e-21       1.219e-17       7.604e-15       1.610e-09       3.620e-08       8.010e-08       7.068e-12       
  6.77      1.293e-20       8.471e-21       6.313e-21       8.910e-21       8.555e-21       4.662e-21       7.231e-18       4.822e-15       1.209e-09       2.871e-08       6.437e-08       4.969e-12       
  6.87      6.997e-21       4.583e-21       3.416e-21       4.820e-21       4.628e-21       2.522e-21       4.302e-18       3.066e-15       9.085e-10       2.281e-08       5.180e-08       3.501e-12       
  6.97      3.799e-21       2.489e-21       1.855e-21       2.618e-21       2.513e-21       1.370e-21       2.568e-18       1.955e-15       6.842e-10       1.815e-08       4.175e-08       2.471e-12       
  7.07      2.071e-21       1.356e-21       1.011e-21       1.427e-21       1.370e-21       7.464e-22       1.537e-18       1.250e-15       5.161e-10       1.446e-08       3.369e-08       1.748e-12       
  7.17      1.132e-21       7.417e-22       5.528e-22       7.801e-22       7.491e-22       4.082e-22       9.230e-19       8.014e-16       3.900e-10       1.154e-08       2.722e-08       1.239e-12       
  7.27      6.214e-22       4.070e-22       3.033e-22       4.281e-22       4.110e-22       2.240e-22       5.558e-19       5.150e-16       2.952e-10       9.221e-09       2.202e-08       8.795e-13       
  7.37      3.421e-22       2.241e-22       1.670e-22       2.357e-22       2.263e-22       1.233e-22       3.356e-19       3.318e-16       2.237e-10       7.378e-09       1.783e-08       6.255e-13       
  7.47      1.889e-22       1.238e-22       9.224e-23       1.302e-22       1.250e-22       6.811e-23       2.032e-19       2.143e-16       1.699e-10       5.911e-09       1.446e-08       4.457e-13       
  7.57      1.047e-22       6.857e-23       5.110e-23       7.212e-23       6.925e-23       3.773e-23       1.234e-19       1.387e-16       1.291e-10       4.742e-09       1.174e-08       3.182e-13       
  7.67      5.818e-23       3.811e-23       2.840e-23       4.008e-23       3.848e-23       2.097e-23       7.508e-20       8.997e-17       9.834e-11       3.809e-09       9.538e-09       2.275e-13       
  7.77      3.243e-23       2.124e-23       1.583e-23       2.234e-23       2.145e-23       1.169e-23       4.581e-20       5.850e-17       7.498e-11       3.064e-09       7.760e-09       1.629e-13       
  7.87      1.813e-23       1.187e-23       8.849e-24       1.249e-23       1.199e-23       6.534e-24       2.802e-20       3.812e-17       5.726e-11       2.467e-09       6.319e-09       1.169e-13       
  8.00      8.546e-24       5.598e-24       4.172e-24       5.888e-24       5.653e-24       3.081e-24       1.484e-20       2.191e-17       4.040e-11       1.864e-09       4.846e-09       7.605e-14       