* De conditionele overschrijdingskans van de windsnelheid met statistische
* onzekerheid gegeven de windrichting voor een 12-uursperiode te Schiphol
* 
* Het doel van deze aangepaste statistiek is de winddragcorrectie te verwerken,
* zonder dat deze in de database aangepast hoeft te worden.
* LET OP: deze windstatistiek is dus onjuist (dwz: hij volgt niet logischerwijs
* uit de bekende gegevens), maar dient als workaround om zonder de
* database aan te passen, de winddrag te corrigeren. De statistiek 
* moet dus niet voor andere doeleinden, en in andere systemen dan de meren en
* de Oosterschelde gebruikt worden
* 
* Door: G.W.F. Rongen van HKV lijn in water
* Project: PR3280.20.03
*
* u (m/s)        22.5            45.0            67.5            90.0           112.5           135.0           157.5           180.0           202.5           225.0           247.5           270.0           292.5           315.0           337.5           360.0
  0.00      1.000e+00       1.000e+00       1.000e+00       1.000e+00       1.000e+00       1.000e+00       1.000e+00       1.000e+00       1.000e+00       1.000e+00       1.000e+00       1.000e+00       1.000e+00       1.000e+00       1.000e+00       1.000e+00       
  2.00      9.731e-01       9.912e-01       9.957e-01       9.935e-01       9.904e-01       9.901e-01       9.975e-01       9.951e-01       9.965e-01       9.959e-01       9.974e-01       9.983e-01       9.949e-01       9.922e-01       9.936e-01       9.843e-01       
  2.50      9.446e-01       9.745e-01       9.734e-01       9.637e-01       9.656e-01       9.673e-01       9.796e-01       9.812e-01       9.882e-01       9.837e-01       9.918e-01       9.895e-01       9.834e-01       9.637e-01       9.645e-01       9.342e-01       
  3.00      9.123e-01       9.465e-01       9.567e-01       9.260e-01       9.213e-01       9.282e-01       9.470e-01       9.600e-01       9.754e-01       9.702e-01       9.863e-01       9.784e-01       9.636e-01       9.394e-01       9.374e-01       8.816e-01       
  3.50      8.530e-01       8.861e-01       9.122e-01       8.504e-01       8.384e-01       8.543e-01       8.871e-01       9.129e-01       9.517e-01       9.476e-01       9.661e-01       9.620e-01       9.290e-01       8.884e-01       8.820e-01       7.760e-01       
  4.00      7.882e-01       8.337e-01       8.665e-01       7.806e-01       7.572e-01       7.798e-01       8.132e-01       8.685e-01       9.244e-01       9.265e-01       9.460e-01       9.439e-01       8.947e-01       8.520e-01       8.335e-01       6.942e-01       
  4.50      7.062e-01       7.664e-01       7.922e-01       6.763e-01       6.418e-01       6.688e-01       7.202e-01       8.043e-01       8.843e-01       8.967e-01       9.159e-01       9.098e-01       8.449e-01       7.965e-01       7.696e-01       5.942e-01       
  5.00      6.259e-01       7.098e-01       7.259e-01       6.040e-01       5.449e-01       5.817e-01       6.523e-01       7.397e-01       8.343e-01       8.686e-01       8.882e-01       8.768e-01       8.055e-01       7.553e-01       7.210e-01       5.283e-01       
  5.50      5.095e-01       6.395e-01       6.362e-01       5.209e-01       4.444e-01       4.919e-01       5.710e-01       6.666e-01       7.717e-01       8.289e-01       8.511e-01       8.362e-01       7.622e-01       6.976e-01       6.685e-01       4.640e-01       
  6.00      4.348e-01       5.692e-01       5.636e-01       4.448e-01       3.616e-01       4.058e-01       4.861e-01       5.879e-01       7.065e-01       7.860e-01       8.133e-01       8.019e-01       7.249e-01       6.464e-01       6.051e-01       4.006e-01       
  6.50      3.633e-01       4.884e-01       4.900e-01       3.615e-01       2.638e-01       3.146e-01       4.034e-01       5.011e-01       6.440e-01       7.317e-01       7.688e-01       7.625e-01       6.782e-01       5.872e-01       5.376e-01       3.363e-01       
  7.00      2.995e-01       4.183e-01       4.229e-01       2.952e-01       1.856e-01       2.302e-01       3.313e-01       4.243e-01       5.773e-01       6.717e-01       7.260e-01       7.218e-01       6.252e-01       5.244e-01       4.656e-01       2.761e-01       
  7.50      2.511e-01       3.482e-01       3.518e-01       2.257e-01       1.243e-01       1.595e-01       2.608e-01       3.537e-01       5.137e-01       6.149e-01       6.813e-01       6.696e-01       5.684e-01       4.618e-01       4.031e-01       2.192e-01       
  8.00      2.127e-01       2.828e-01       2.941e-01       1.619e-01       8.443e-02       1.130e-01       1.989e-01       2.932e-01       4.497e-01       5.665e-01       6.334e-01       6.118e-01       5.112e-01       3.959e-01       3.419e-01       1.701e-01       
  8.50      1.722e-01       2.257e-01       2.418e-01       1.121e-01       5.946e-02       8.080e-02       1.492e-01       2.391e-01       3.898e-01       5.222e-01       5.795e-01       5.549e-01       4.519e-01       3.302e-01       2.864e-01       1.338e-01       
  9.00      1.347e-01       1.779e-01       1.927e-01       7.660e-02       4.210e-02       5.690e-02       1.112e-01       1.922e-01       3.337e-01       4.779e-01       5.268e-01       5.018e-01       3.954e-01       2.725e-01       2.388e-01       1.083e-01       
  9.50      1.049e-01       1.338e-01       1.417e-01       5.241e-02       2.977e-02       3.995e-02       8.256e-02       1.525e-01       2.827e-01       4.321e-01       4.732e-01       4.530e-01       3.431e-01       2.249e-01       1.991e-01       8.897e-02       
  10.00     8.166e-02       9.734e-02       9.730e-02       3.587e-02       2.089e-02       2.805e-02       6.016e-02       1.205e-01       2.352e-01       3.870e-01       4.197e-01       4.103e-01       2.989e-01       1.844e-01       1.645e-01       7.330e-02       
  10.50     6.358e-02       7.094e-02       6.577e-02       2.456e-02       1.434e-02       1.970e-02       4.310e-02       9.413e-02       1.926e-01       3.440e-01       3.693e-01       3.694e-01       2.606e-01       1.528e-01       1.347e-01       6.041e-02       
  11.00     4.952e-02       5.185e-02       4.445e-02       1.682e-02       9.579e-03       1.384e-02       3.073e-02       7.119e-02       1.563e-01       3.040e-01       3.241e-01       3.277e-01       2.248e-01       1.296e-01       1.091e-01       4.978e-02       
  11.50     3.856e-02       3.790e-02       3.006e-02       1.152e-02       6.289e-03       9.718e-03       2.190e-02       5.252e-02       1.271e-01       2.661e-01       2.828e-01       2.866e-01       1.892e-01       1.096e-01       8.758e-02       4.103e-02       
  12.00     3.000e-02       2.763e-02       2.036e-02       7.892e-03       4.111e-03       6.795e-03       1.561e-02       3.851e-02       1.033e-01       2.295e-01       2.430e-01       2.475e-01       1.538e-01       9.103e-02       7.004e-02       3.382e-02       
  12.50     2.321e-02       1.995e-02       1.387e-02       5.409e-03       2.690e-03       4.680e-03       1.111e-02       2.813e-02       8.274e-02       1.946e-01       2.046e-01       2.103e-01       1.223e-01       7.501e-02       5.600e-02       2.787e-02       
  13.00     1.764e-02       1.415e-02       9.548e-03       3.708e-03       1.763e-03       3.134e-03       7.865e-03       2.042e-02       6.516e-02       1.624e-01       1.690e-01       1.741e-01       9.728e-02       6.174e-02       4.477e-02       2.294e-02       
  13.50     1.301e-02       9.876e-03       6.639e-03       2.543e-03       1.157e-03       2.040e-03       5.502e-03       1.468e-02       5.047e-02       1.339e-01       1.376e-01       1.394e-01       7.854e-02       5.081e-02       3.580e-02       1.878e-02       
  14.00     9.325e-03       6.834e-03       4.640e-03       1.744e-03       7.608e-04       1.308e-03       3.798e-03       1.043e-02       3.861e-02       1.100e-01       1.110e-01       1.068e-01       6.398e-02       4.182e-02       2.863e-02       1.515e-02       
  14.50     6.575e-03       4.719e-03       3.248e-03       1.197e-03       5.012e-04       8.350e-04       2.598e-03       7.364e-03       2.936e-02       9.060e-02       8.842e-02       7.839e-02       5.224e-02       3.442e-02       2.289e-02       1.194e-02       
  15.00     4.618e-03       3.260e-03       2.275e-03       8.215e-04       3.307e-04       5.330e-04       1.771e-03       5.181e-03       2.230e-02       7.396e-02       6.937e-02       5.683e-02       4.267e-02       2.833e-02       1.829e-02       9.176e-03       
  15.50     3.249e-03       2.254e-03       1.594e-03       5.640e-04       2.186e-04       3.404e-04       1.209e-03       3.644e-03       1.695e-02       5.927e-02       5.401e-02       4.244e-02       3.485e-02       2.333e-02       1.459e-02       6.939e-03       
  16.00     2.292e-03       1.559e-03       1.117e-03       3.873e-04       1.448e-04       2.174e-04       8.265e-04       2.563e-03       1.291e-02       4.669e-02       4.227e-02       3.281e-02       2.844e-02       1.920e-02       1.157e-02       5.210e-03       
  16.50     1.622e-03       1.079e-03       7.830e-04       2.661e-04       9.601e-05       1.390e-04       5.662e-04       1.803e-03       9.870e-03       3.633e-02       3.344e-02       2.577e-02       2.317e-02       1.580e-02       9.091e-03       3.905e-03       
  17.00     1.152e-03       7.475e-04       5.490e-04       1.828e-04       6.379e-05       8.884e-05       3.888e-04       1.268e-03       7.569e-03       2.794e-02       2.667e-02       2.033e-02       1.878e-02       1.298e-02       7.082e-03       2.926e-03       
  17.50     8.203e-04       5.181e-04       3.850e-04       1.257e-04       4.246e-05       5.682e-05       2.674e-04       8.928e-04       5.818e-03       2.124e-02       2.132e-02       1.604e-02       1.510e-02       1.060e-02       5.480e-03       2.193e-03       
  18.00     5.860e-04       3.593e-04       2.701e-04       8.641e-05       2.831e-05       3.636e-05       1.843e-04       6.285e-04       4.478e-03       1.601e-02       1.705e-02       1.266e-02       1.202e-02       8.586e-03       4.226e-03       1.644e-03       
  18.50     4.199e-04       2.494e-04       1.896e-04       5.942e-05       1.890e-05       2.327e-05       1.272e-04       4.426e-04       3.448e-03       1.202e-02       1.363e-02       9.997e-03       9.477e-03       6.864e-03       3.256e-03       1.232e-03       
  19.00     3.018e-04       1.732e-04       1.331e-04       4.088e-05       1.264e-05       1.490e-05       8.799e-05       3.117e-04       2.656e-03       8.994e-03       1.090e-02       7.893e-03       7.430e-03       5.419e-03       2.508e-03       9.238e-04       
  19.50     2.175e-04       1.203e-04       9.343e-05       2.813e-05       8.469e-06       9.545e-06       6.095e-05       2.196e-04       2.046e-03       6.727e-03       8.699e-03       6.232e-03       5.808e-03       4.238e-03       1.932e-03       6.928e-04       
  20.00     1.572e-04       8.365e-05       6.561e-05       1.936e-05       5.682e-06       6.117e-06       4.228e-05       1.548e-04       1.577e-03       5.037e-03       6.927e-03       4.922e-03       4.537e-03       3.298e-03       1.489e-03       5.196e-04       
  20.50     1.140e-04       5.819e-05       4.609e-05       1.333e-05       3.818e-06       3.921e-06       2.937e-05       1.091e-04       1.216e-03       3.781e-03       5.487e-03       3.887e-03       3.544e-03       2.562e-03       1.147e-03       3.898e-04       
  21.00     8.282e-05       4.051e-05       3.239e-05       9.180e-06       2.569e-06       2.515e-06       2.043e-05       7.691e-05       9.374e-04       2.849e-03       4.313e-03       3.070e-03       2.768e-03       1.989e-03       8.842e-04       2.925e-04       
  21.50     6.034e-05       2.821e-05       2.277e-05       6.324e-06       1.732e-06       1.613e-06       1.423e-05       5.423e-05       7.229e-04       2.155e-03       3.360e-03       2.426e-03       2.163e-03       1.545e-03       6.816e-04       2.195e-04       
  22.00     4.406e-05       1.966e-05       1.601e-05       4.358e-06       1.169e-06       1.035e-06       9.927e-06       3.825e-05       5.576e-04       1.637e-03       2.596e-03       1.916e-03       1.690e-03       1.200e-03       5.256e-04       1.647e-04       
  22.50     3.225e-05       1.371e-05       1.126e-05       3.003e-06       7.898e-07       6.648e-07       6.931e-06       2.699e-05       4.302e-04       1.246e-03       1.993e-03       1.514e-03       1.321e-03       9.318e-04       4.053e-04       1.236e-04       
  23.00     2.366e-05       9.564e-06       7.918e-06       2.071e-06       5.345e-07       4.270e-07       4.844e-06       1.905e-05       3.320e-04       9.502e-04       1.525e-03       1.197e-03       1.032e-03       7.238e-04       3.126e-04       9.283e-05       
  23.50     1.739e-05       6.676e-06       5.571e-06       1.428e-06       3.621e-07       2.743e-07       3.389e-06       1.344e-05       2.563e-04       7.250e-04       1.165e-03       9.457e-04       8.071e-04       5.624e-04       2.411e-04       6.971e-05       
  24.00     1.281e-05       4.663e-06       3.921e-06       9.850e-07       2.457e-07       1.763e-07       2.374e-06       9.493e-06       1.978e-04       5.533e-04       8.901e-04       7.475e-04       6.311e-04       4.370e-04       1.861e-04       5.235e-05       
  24.50     9.450e-06       3.258e-06       2.760e-06       6.796e-07       1.669e-07       1.134e-07       1.664e-06       6.704e-06       1.527e-04       4.224e-04       6.799e-04       5.909e-04       4.936e-04       3.396e-04       1.436e-04       3.932e-05       
  25.00     6.984e-06       2.278e-06       1.943e-06       4.691e-07       1.135e-07       7.293e-08       1.167e-06       4.735e-06       1.180e-04       3.225e-04       5.194e-04       4.672e-04       3.861e-04       2.640e-04       1.108e-04       2.954e-05       
  25.50     5.170e-06       1.593e-06       1.369e-06       3.238e-07       7.725e-08       4.693e-08       8.196e-07       3.346e-06       9.111e-05       2.463e-04       3.969e-04       3.694e-04       3.020e-04       2.052e-04       8.554e-05       2.220e-05       
  26.00     3.833e-06       1.115e-06       9.643e-07       2.236e-07       5.265e-08       3.021e-08       5.759e-07       2.364e-06       7.038e-05       1.881e-04       3.034e-04       2.921e-04       2.363e-04       1.595e-04       6.604e-05       1.668e-05       
  26.50     2.845e-06       7.807e-07       6.795e-07       1.544e-07       3.592e-08       1.945e-08       4.049e-07       1.671e-06       5.438e-05       1.437e-04       2.320e-04       2.310e-04       1.850e-04       1.240e-04       5.099e-05       1.254e-05       
  27.00     2.115e-06       5.468e-07       4.789e-07       1.067e-07       2.453e-08       1.253e-08       2.849e-07       1.182e-06       4.202e-05       1.098e-04       1.774e-04       1.827e-04       1.448e-04       9.645e-05       3.938e-05       9.425e-06       
  27.50     1.573e-06       3.832e-07       3.376e-07       7.372e-08       1.676e-08       8.072e-09       2.005e-07       8.354e-07       3.246e-05       8.389e-05       1.357e-04       1.445e-04       1.133e-04       7.499e-05       3.041e-05       7.084e-06       
  28.00     1.171e-06       2.685e-07       2.379e-07       5.093e-08       1.146e-08       5.202e-09       1.412e-07       5.905e-07       2.507e-05       6.406e-05       1.038e-04       1.142e-04       8.861e-05       5.828e-05       2.347e-05       5.323e-06       
  28.50     8.715e-07       1.881e-07       1.675e-07       3.516e-08       7.838e-09       3.352e-09       9.937e-08       4.171e-07       1.934e-05       4.887e-05       7.928e-05       9.011e-05       6.923e-05       4.523e-05       1.809e-05       3.995e-06       
  29.00     6.476e-07       1.315e-07       1.178e-07       2.424e-08       5.354e-09       2.158e-09       6.982e-08       2.941e-07       1.488e-05       3.719e-05       6.043e-05       7.095e-05       5.396e-05       3.502e-05       1.391e-05       2.991e-06       
  29.50     4.797e-07       9.164e-08       8.248e-08       1.665e-08       3.647e-09       1.387e-09       4.890e-08       2.066e-07       1.140e-05       2.819e-05       4.587e-05       5.561e-05       4.187e-05       2.700e-05       1.065e-05       2.231e-06       
  30.00     3.532e-07       6.349e-08       5.742e-08       1.137e-08       2.471e-09       8.872e-10       3.404e-08       1.442e-07       8.680e-06       2.122e-05       3.460e-05       4.331e-05       3.229e-05       2.068e-05       8.105e-06       1.653e-06       
  30.50     2.578e-07       4.358e-08       3.960e-08       7.690e-09       1.660e-09       5.637e-10       2.349e-08       9.976e-08       6.548e-06       1.584e-05       2.587e-05       3.344e-05       2.468e-05       1.570e-05       6.111e-06       1.213e-06       
  31.00     1.861e-07       2.956e-08       2.697e-08       5.139e-09       1.102e-09       3.544e-10       1.601e-08       6.815e-08       4.886e-06       1.168e-05       1.913e-05       2.555e-05       1.866e-05       1.179e-05       4.557e-06       8.801e-07       
  31.50     1.326e-07       1.975e-08       1.811e-08       3.382e-09       7.206e-10       2.197e-10       1.075e-08       4.588e-08       3.601e-06       8.512e-06       1.397e-05       1.930e-05       1.394e-05       8.746e-06       3.356e-06       6.302e-07       
  32.00     9.326e-08       1.299e-08       1.196e-08       2.189e-09       4.636e-10       1.339e-10       7.111e-09       3.040e-08       2.622e-06       6.124e-06       1.008e-05       1.442e-05       1.030e-05       6.412e-06       2.442e-06       4.452e-07       
  32.50     6.479e-08       8.412e-09       7.777e-09       1.394e-09       2.934e-10       8.012e-11       4.630e-09       1.983e-08       1.888e-06       4.355e-06       7.189e-06       1.066e-05       7.534e-06       4.651e-06       1.758e-06       3.106e-07       
  33.00     4.455e-08       5.370e-09       4.987e-09       8.739e-10       1.829e-10       4.704e-11       2.973e-09       1.276e-08       1.348e-06       3.068e-06       5.081e-06       7.827e-06       5.464e-06       3.344e-06       1.254e-06       2.144e-07       
  33.50     3.039e-08       3.389e-09       3.161e-09       5.411e-10       1.126e-10       2.714e-11       1.888e-09       8.113e-09       9.550e-07       2.145e-06       3.566e-06       5.710e-06       3.937e-06       2.389e-06       8.877e-07       1.468e-07       
  34.00     2.062e-08       2.120e-09       1.986e-09       3.317e-10       6.865e-11       1.544e-11       1.188e-09       5.116e-09       6.734e-07       1.492e-06       2.491e-06       4.148e-06       2.825e-06       1.698e-06       6.256e-07       9.993e-08       
  34.50     1.393e-08       1.318e-09       1.240e-09       2.020e-10       4.157e-11       8.676e-12       7.434e-10       3.206e-09       4.732e-07       1.033e-06       1.734e-06       3.004e-06       2.020e-06       1.203e-06       4.392e-07       6.772e-08       
  35.00     9.382e-09       8.158e-10       7.707e-10       1.223e-10       2.505e-11       4.835e-12       4.632e-10       2.000e-09       3.316e-07       7.140e-07       1.204e-06       2.170e-06       1.441e-06       8.499e-07       3.076e-07       4.574e-08       
  35.50     6.307e-09       5.033e-10       4.774e-10       7.384e-11       1.505e-11       2.677e-12       2.876e-10       1.244e-09       2.318e-07       4.922e-07       8.347e-07       1.565e-06       1.026e-06       5.992e-07       2.149e-07       3.083e-08       
  36.00     4.232e-09       3.098e-10       2.950e-10       4.443e-11       9.018e-12       1.476e-12       1.782e-10       7.713e-10       1.618e-07       3.387e-07       5.777e-07       1.126e-06       7.292e-07       4.217e-07       1.499e-07       2.073e-08       
  36.50     2.835e-09       1.903e-10       1.818e-10       2.667e-11       5.392e-12       8.109e-13       1.101e-10       4.772e-10       1.127e-07       2.326e-07       3.993e-07       8.093e-07       5.175e-07       2.963e-07       1.044e-07       1.391e-08       
  37.00     1.896e-09       1.166e-10       1.118e-10       1.597e-11       3.217e-12       4.442e-13       6.794e-11       2.946e-10       7.839e-08       1.595e-07       2.757e-07       5.806e-07       3.666e-07       2.078e-07       7.253e-08       9.318e-09       
  37.50     1.266e-09       7.133e-11       6.864e-11       9.546e-12       1.916e-12       2.427e-13       4.182e-11       1.815e-10       5.442e-08       1.092e-07       1.901e-07       4.159e-07       2.594e-07       1.455e-07       5.032e-08       6.230e-09       
  38.00     8.437e-10       4.355e-11       4.204e-11       5.692e-12       1.139e-12       1.323e-13       2.569e-11       1.116e-10       3.772e-08       7.463e-08       1.309e-07       2.974e-07       1.832e-07       1.017e-07       3.486e-08       4.158e-09       
  38.50     5.615e-10       2.654e-11       2.570e-11       3.387e-12       6.758e-13       7.191e-14       1.575e-11       6.846e-11       2.610e-08       5.092e-08       9.006e-08       2.124e-07       1.292e-07       7.099e-08       2.411e-08       2.770e-09       
  39.00     3.730e-10       1.614e-11       1.567e-11       2.011e-12       4.002e-13       3.901e-14       9.639e-12       4.192e-11       1.803e-08       3.469e-08       6.189e-08       1.514e-07       9.100e-08       4.947e-08       1.664e-08       1.842e-09       
  39.50     2.475e-10       9.800e-12       9.543e-12       1.191e-12       2.366e-13       2.111e-14       5.887e-12       2.562e-11       1.244e-08       2.360e-08       4.249e-08       1.078e-07       6.400e-08       3.442e-08       1.147e-08       1.223e-09       
  40.00     1.639e-10       5.940e-12       5.798e-12       7.045e-13       1.396e-13       1.140e-14       3.589e-12       1.562e-11       8.565e-09       1.603e-08       2.914e-08       7.665e-08       4.495e-08       2.391e-08       7.898e-09       8.107e-10       
  40.50     1.084e-10       3.594e-12       3.517e-12       4.158e-13       8.222e-14       6.141e-15       2.184e-12       9.511e-12       5.890e-09       1.087e-08       1.997e-08       5.442e-08       3.153e-08       1.659e-08       5.428e-09       5.365e-10       
  41.00     7.157e-11       2.170e-12       2.129e-12       2.449e-13       4.834e-14       3.302e-15       1.327e-12       5.779e-12       4.044e-09       7.364e-09       1.368e-08       3.858e-08       2.209e-08       1.149e-08       3.726e-09       3.544e-10       
  41.50     4.719e-11       1.309e-12       1.287e-12       1.440e-13       2.838e-14       1.771e-15       8.044e-13       3.506e-12       2.773e-09       4.981e-09       9.356e-09       2.732e-08       1.546e-08       7.950e-09       2.554e-09       2.338e-10       
  42.00     3.108e-11       7.880e-13       7.762e-13       8.451e-14       1.663e-14       9.484e-16       4.870e-13       2.123e-12       1.899e-09       3.365e-09       6.397e-09       1.932e-08       1.080e-08       5.493e-09       1.748e-09       1.540e-10       