*
* Conditionele overschrijdingskansen potentiele windsnelheid Schiphol met 12 windrichtingssectoren. 
* WTI2017: 12-uursmaxima, gegeven windrichting
*
* Door: M.T. Duits van HKV lijn in water
* Project: PR3391.10
*
* u (m/s)  30           60           90           120          150          180          210          240          270          300          330          360
     0     1.000E+00    1.000E+00    1.000E+00    1.000E+00    1.000E+00    1.000E+00    1.000E+00    1.000E+00    1.000E+00    1.000E+00    1.000E+00    1.000E+00
     1     8.783E-01    8.248E-01    7.742E-01    8.159E-01    8.956E-01    8.834E-01    8.727E-01    8.384E-01    8.681E-01    8.558E-01    9.717E-01    9.279E-01
     2     7.247E-01    6.613E-01    6.020E-01    6.450E-01    7.522E-01    7.452E-01    7.404E-01    7.034E-01    7.400E-01    7.156E-01    8.928E-01    8.010E-01
     3     5.820E-01    5.257E-01    4.685E-01    5.034E-01    6.141E-01    6.182E-01    6.228E-01    5.901E-01    6.277E-01    5.958E-01    7.898E-01    6.673E-01
     4     4.587E-01    4.151E-01    3.636E-01    3.884E-01    4.910E-01    5.075E-01    5.213E-01    4.950E-01    5.312E-01    4.961E-01    6.817E-01    5.440E-01
     5     3.549E-01    3.249E-01    2.801E-01    2.950E-01    3.843E-01    4.126E-01    4.343E-01    4.145E-01    4.485E-01    4.134E-01    5.783E-01    4.358E-01
     6     2.687E-01    2.509E-01    2.127E-01    2.192E-01    2.931E-01    3.315E-01    3.598E-01    3.460E-01    3.777E-01    3.443E-01    4.835E-01    3.427E-01
     7     1.978E-01    1.900E-01    1.580E-01    1.580E-01    2.162E-01    2.620E-01    2.957E-01    2.873E-01    3.165E-01    2.861E-01    3.985E-01    2.631E-01
     8     1.406E-01    1.401E-01    1.141E-01    1.097E-01    1.529E-01    2.026E-01    2.405E-01    2.367E-01    2.636E-01    2.366E-01    3.234E-01    1.963E-01
     9     9.595E-02    1.000E-01    7.951E-02    7.264E-02    1.028E-01    1.524E-01    1.928E-01    1.932E-01    2.178E-01    1.942E-01    2.578E-01    1.412E-01
     10    6.245E-02    6.860E-02    5.311E-02    4.559E-02    6.528E-02    1.110E-01    1.519E-01    1.557E-01    1.781E-01    1.578E-01    2.014E-01    9.739E-02
     11    3.852E-02    4.488E-02    3.378E-02    2.688E-02    3.883E-02    7.772E-02    1.173E-01    1.236E-01    1.438E-01    1.266E-01    1.537E-01    6.416E-02
     12    2.242E-02    2.784E-02    2.027E-02    1.477E-02    2.158E-02    5.221E-02    8.857E-02    9.656E-02    1.145E-01    1.001E-01    1.141E-01    4.024E-02
     13    1.226E-02    1.625E-02    1.140E-02    7.503E-03    1.116E-02    3.348E-02    6.517E-02    7.404E-02    8.967E-02    7.767E-02    8.218E-02    2.404E-02
     14    6.280E-03    8.890E-03    5.963E-03    3.504E-03    5.364E-03    2.047E-02    4.668E-02    5.565E-02    6.903E-02    5.920E-02    5.734E-02    1.370E-02
     15    3.009E-03    4.532E-03    2.889E-03    1.494E-03    2.390E-03    1.190E-02    3.250E-02    4.094E-02    5.216E-02    4.420E-02    3.862E-02    7.488E-03
     16    1.348E-03    2.149E-03    1.290E-03    5.782E-04    9.865E-04    6.577E-03    2.198E-02    2.947E-02    3.862E-02    3.234E-02    2.511E-02    3.938E-03
     17    5.657E-04    9.459E-04    5.291E-04    2.023E-04    3.765E-04    3.445E-03    1.443E-02    2.075E-02    2.802E-02    2.318E-02    1.574E-02    2.000E-03
     18    2.227E-04    3.860E-04    1.989E-04    6.370E-05    1.327E-04    1.711E-03    9.202E-03    1.429E-02    1.993E-02    1.630E-02    9.535E-03    9.830E-04
     19    8.235E-05    1.459E-04    6.850E-05    1.800E-05    4.315E-05    8.038E-04    5.696E-03    9.631E-03    1.389E-02    1.124E-02    5.596E-03    4.673E-04
     20    2.863E-05    5.110E-05    2.159E-05    4.547E-06    1.292E-05    3.571E-04    3.425E-03    6.350E-03    9.495E-03    7.624E-03    3.186E-03    2.146E-04
     21    9.360E-06    1.659E-05    6.235E-06    1.025E-06    3.557E-06    1.497E-04    1.999E-03    4.103E-03    6.370E-03    5.088E-03    1.768E-03    9.495E-05
     22    2.875E-06    4.990E-06    1.653E-06    2.057E-07    8.995E-07    5.910E-05    1.133E-03    2.597E-03    4.201E-03    3.342E-03    9.585E-04    4.040E-05
     23    8.270E-07    1.391E-06    4.030E-07    3.675E-08    2.085E-07    2.197E-05    6.237E-04    1.612E-03    2.726E-03    2.163E-03    5.091E-04    1.650E-05
     24    2.225E-07    3.596E-07    9.070E-08    5.850E-09    4.423E-08    7.675E-06    3.335E-04    9.815E-04    1.742E-03    1.379E-03    2.653E-04    6.455E-06
     25    5.575E-08    8.615E-08    1.888E-08    8.350E-10    8.575E-09    2.516E-06    1.732E-04    5.862E-04    1.098E-03    8.664E-04    1.355E-04    2.420E-06
     26    1.300E-08    1.915E-08    3.641E-09    8.715E-11    1.518E-09    7.730E-07    8.735E-05    3.437E-04    6.827E-04    5.361E-04    6.780E-05    8.690E-07
     27    2.816E-09    3.949E-09    6.570E-10    8.935E-12    2.383E-10    2.223E-07    4.279E-05    1.978E-04    4.195E-04    3.263E-04    3.320E-05    2.989E-07
     28    5.655E-10    7.565E-10    1.231E-10    0.000E+00    3.640E-11    5.980E-08    2.036E-05    1.118E-04    2.547E-04    1.953E-04    1.588E-05    9.840E-08
     29    1.047E-10    1.333E-10    0.000E+00    0.000E+00    0.000E+00    1.503E-08    9.405E-06    6.205E-05    1.529E-04    1.149E-04    7.415E-06    3.105E-08
     30    1.720E-11    4.887E-12    0.000E+00    0.000E+00    0.000E+00    3.525E-09    4.220E-06    3.381E-05    9.070E-05    6.645E-05    3.377E-06    9.370E-09
     31    1.714E-12    0.000E+00    0.000E+00    0.000E+00    0.000E+00    7.720E-10    1.839E-06    1.810E-05    5.320E-05    3.778E-05    1.500E-06    2.694E-09
     32    0.000E+00    0.000E+00    0.000E+00    0.000E+00    0.000E+00    1.517E-10    7.775E-07    9.510E-06    3.085E-05    2.110E-05    6.495E-07    7.705E-10
     33    0.000E+00    0.000E+00    0.000E+00    0.000E+00    0.000E+00    1.887E-11    3.189E-07    4.911E-06    1.768E-05    1.158E-05    2.741E-07    9.355E-11
     34    0.000E+00    0.000E+00    0.000E+00    0.000E+00    0.000E+00    0.000E+00    1.269E-07    2.490E-06    1.002E-05    6.245E-06    1.128E-07    1.176E-12
     35    0.000E+00    0.000E+00    0.000E+00    0.000E+00    0.000E+00    0.000E+00    4.894E-08    1.239E-06    5.605E-06    3.311E-06    4.518E-08    0.000E+00
     36    0.000E+00    0.000E+00    0.000E+00    0.000E+00    0.000E+00    0.000E+00    1.829E-08    6.055E-07    3.098E-06    1.726E-06    1.764E-08    0.000E+00
     37    0.000E+00    0.000E+00    0.000E+00    0.000E+00    0.000E+00    0.000E+00    6.620E-09    2.904E-07    1.691E-06    8.850E-07    6.695E-09    0.000E+00
     38    0.000E+00    0.000E+00    0.000E+00    0.000E+00    0.000E+00    0.000E+00    2.326E-09    1.367E-07    9.110E-07    4.461E-07    2.437E-09    0.000E+00
     39    0.000E+00    0.000E+00    0.000E+00    0.000E+00    0.000E+00    0.000E+00    7.810E-10    6.305E-08    4.847E-07    2.213E-07    8.800E-10    0.000E+00
     40    0.000E+00    0.000E+00    0.000E+00    0.000E+00    0.000E+00    0.000E+00    2.531E-10    2.856E-08    2.544E-07    1.080E-07    0.000E+00    0.000E+00
     41    0.000E+00    0.000E+00    0.000E+00    0.000E+00    0.000E+00    0.000E+00    5.000E-11    4.000E-08    4.000E-08    2.500E-08    0.000E+00    0.000E+00
     42    0.000E+00    0.000E+00    0.000E+00    0.000E+00    0.000E+00    0.000E+00    2.500E-11    1.500E-08    1.500E-08    5.000E-09    0.000E+00    0.000E+00