* De conditionele overschrijdingskans van de windsnelheid zonder statistische
* onzekerheid gegeven de windrichting voor een 12-uursperiode te Schiphol
* 
* Het doel van deze aangepaste statistiek is de winddragcorrectie te verwerken,
* zonder dat deze in de database aangepast hoeft te worden.
* LET OP: deze windstatistiek is dus onjuist (dwz: hij volgt niet logischerwijs
* uit de bekende gegevens), maar dient als workaround om zonder de
* database aan te passen, de winddrag te corrigeren. De statistiek 
* moet dus niet voor andere doeleinden, en in andere systemen dan de meren en
* de Oosterschelde gebruikt worden
* 
* Door: G.W.F. Rongen van HKV lijn in water
* Project: PR3280.20.03
*
* u (m/s)        30.0            60.0            90.0           120.0           150.0           180.0           210.0           240.0           270.0           300.0           330.0           360.0
  0.00      1.000e+00       1.000e+00       1.000e+00       1.000e+00       1.000e+00       1.000e+00       1.000e+00       1.000e+00       1.000e+00       1.000e+00       1.000e+00       1.000e+00       
  2.00      9.840e-01       9.958e-01       9.952e-01       9.918e-01       9.975e-01       9.965e-01       9.974e-01       9.975e-01       9.986e-01       9.965e-01       9.931e-01       9.876e-01       
  2.50      9.663e-01       9.686e-01       9.671e-01       9.613e-01       9.780e-01       9.839e-01       9.882e-01       9.882e-01       9.901e-01       9.811e-01       9.559e-01       9.345e-01       
  3.00      9.433e-01       9.540e-01       9.401e-01       9.226e-01       9.459e-01       9.684e-01       9.752e-01       9.823e-01       9.795e-01       9.646e-01       9.366e-01       8.973e-01       
  3.50      8.830e-01       9.006e-01       8.580e-01       8.300e-01       8.774e-01       9.171e-01       9.521e-01       9.567e-01       9.619e-01       9.175e-01       8.774e-01       7.823e-01       
  4.00      8.404e-01       8.619e-01       8.068e-01       7.644e-01       8.123e-01       8.769e-01       9.321e-01       9.400e-01       9.457e-01       8.915e-01       8.457e-01       7.115e-01       
  4.50      7.429e-01       7.793e-01       6.831e-01       6.401e-01       6.889e-01       8.049e-01       8.933e-01       9.100e-01       9.006e-01       8.278e-01       7.741e-01       6.088e-01       
  5.00      6.862e-01       7.343e-01       6.309e-01       5.604e-01       6.323e-01       7.474e-01       8.580e-01       8.859e-01       8.766e-01       7.936e-01       7.397e-01       5.628e-01       
  5.50      5.585e-01       6.349e-01       5.246e-01       4.490e-01       5.402e-01       6.703e-01       7.988e-01       8.441e-01       8.248e-01       7.335e-01       6.887e-01       4.850e-01       
  6.00      5.142e-01       5.795e-01       4.686e-01       3.904e-01       4.582e-01       5.961e-01       7.409e-01       8.170e-01       7.983e-01       7.028e-01       6.281e-01       4.195e-01       
  6.50      4.131e-01       4.969e-01       3.556e-01       2.767e-01       3.559e-01       5.058e-01       6.873e-01       7.619e-01       7.482e-01       6.427e-01       5.689e-01       3.522e-01       
  7.00      3.511e-01       4.456e-01       3.179e-01       2.087e-01       2.874e-01       4.384e-01       6.115e-01       7.177e-01       7.207e-01       5.802e-01       4.931e-01       2.991e-01       
  7.50      2.890e-01       3.473e-01       2.329e-01       1.219e-01       2.139e-01       3.625e-01       5.527e-01       6.650e-01       6.594e-01       5.283e-01       4.325e-01       2.425e-01       
  8.00      2.429e-01       3.096e-01       1.749e-01       8.792e-02       1.665e-01       3.049e-01       4.865e-01       6.262e-01       6.058e-01       4.811e-01       3.554e-01       1.947e-01       
  8.50      1.844e-01       2.448e-01       1.140e-01       5.729e-02       1.158e-01       2.468e-01       4.412e-01       5.647e-01       5.331e-01       4.139e-01       3.017e-01       1.540e-01       
  9.00      1.525e-01       2.186e-01       7.651e-02       3.733e-02       8.960e-02       2.014e-01       3.828e-01       5.278e-01       4.845e-01       3.667e-01       2.452e-01       1.274e-01       
  9.50      1.117e-01       1.402e-01       5.135e-02       2.432e-02       6.678e-02       1.571e-01       3.358e-01       4.702e-01       4.267e-01       3.054e-01       2.107e-01       1.080e-01       
  10.00     7.994e-02       1.054e-01       3.446e-02       1.585e-02       4.422e-02       1.226e-01       2.818e-01       4.284e-01       3.928e-01       2.736e-01       1.598e-01       8.553e-02       
  10.50     5.721e-02       7.337e-02       2.312e-02       1.033e-02       2.929e-02       9.896e-02       2.404e-01       3.724e-01       3.498e-01       2.252e-01       1.322e-01       6.776e-02       
  11.00     4.094e-02       5.107e-02       1.552e-02       6.729e-03       1.940e-02       6.962e-02       1.986e-01       3.384e-01       3.096e-01       2.052e-01       1.006e-01       5.368e-02       
  11.50     2.930e-02       3.555e-02       1.041e-02       4.385e-03       1.284e-02       5.293e-02       1.692e-01       2.966e-01       2.652e-01       1.639e-01       7.713e-02       4.253e-02       
  12.00     2.097e-02       2.474e-02       7.089e-03       2.760e-03       8.506e-03       4.050e-02       1.372e-01       2.622e-01       2.285e-01       1.380e-01       6.169e-02       3.369e-02       
  12.50     1.501e-02       1.722e-02       4.826e-03       1.737e-03       5.633e-03       2.827e-02       1.102e-01       2.169e-01       1.911e-01       1.085e-01       4.934e-02       2.669e-02       
  13.00     1.074e-02       1.199e-02       3.285e-03       1.093e-03       3.731e-03       1.973e-02       8.929e-02       1.889e-01       1.559e-01       9.080e-02       3.946e-02       2.115e-02       
  13.50     7.685e-03       8.345e-03       2.236e-03       6.882e-04       2.471e-03       1.377e-02       6.583e-02       1.431e-01       1.255e-01       6.722e-02       3.156e-02       1.675e-02       
  14.00     5.500e-03       5.808e-03       1.522e-03       4.331e-04       1.562e-03       9.608e-03       4.854e-02       1.259e-01       1.058e-01       5.410e-02       2.524e-02       1.327e-02       
  14.50     3.663e-03       4.043e-03       1.036e-03       2.726e-04       9.871e-04       6.705e-03       3.578e-02       9.592e-02       6.438e-02       4.354e-02       2.019e-02       1.051e-02       
  15.00     2.439e-03       2.814e-03       7.053e-04       1.716e-04       6.239e-04       4.679e-03       2.638e-02       7.919e-02       5.062e-02       3.505e-02       1.614e-02       8.330e-03       
  15.50     1.624e-03       1.959e-03       4.801e-04       1.080e-04       3.944e-04       3.266e-03       1.945e-02       5.607e-02       3.980e-02       2.821e-02       1.291e-02       6.599e-03       
  16.00     1.082e-03       1.363e-03       3.268e-04       6.798e-05       2.493e-04       2.279e-03       1.434e-02       4.919e-02       3.130e-02       2.270e-02       1.033e-02       4.917e-03       
  16.50     7.205e-04       9.491e-04       2.225e-04       4.279e-05       1.576e-04       1.590e-03       1.101e-02       3.345e-02       2.461e-02       1.827e-02       8.259e-03       3.664e-03       
  17.00     4.798e-04       6.606e-04       1.514e-04       2.693e-05       9.960e-05       1.110e-03       8.449e-03       2.878e-02       1.935e-02       1.471e-02       6.605e-03       2.731e-03       
  17.50     3.195e-04       4.598e-04       1.031e-04       1.695e-05       6.296e-05       7.746e-04       6.485e-03       2.229e-02       1.522e-02       1.184e-02       5.283e-03       2.035e-03       
  18.00     2.128e-04       3.201e-04       7.017e-05       1.067e-05       3.980e-05       5.406e-04       4.978e-03       1.727e-02       1.197e-02       9.528e-03       4.225e-03       1.516e-03       
  18.50     1.417e-04       2.228e-04       4.777e-05       6.715e-06       2.515e-05       3.772e-04       3.821e-03       1.338e-02       9.409e-03       7.669e-03       3.243e-03       1.130e-03       
  19.00     9.438e-05       1.551e-04       3.251e-05       4.227e-06       1.590e-05       2.633e-04       2.933e-03       1.036e-02       7.398e-03       6.173e-03       2.489e-03       8.421e-04       
  19.50     6.286e-05       1.079e-04       2.213e-05       2.660e-06       1.005e-05       1.837e-04       2.251e-03       8.028e-03       5.818e-03       4.968e-03       1.910e-03       6.275e-04       
  20.00     4.186e-05       7.513e-05       1.507e-05       1.675e-06       6.353e-06       1.282e-04       1.728e-03       6.219e-03       4.574e-03       3.999e-03       1.466e-03       4.676e-04       
  20.50     2.788e-05       5.230e-05       1.026e-05       1.054e-06       4.016e-06       8.948e-05       1.326e-03       4.818e-03       3.597e-03       3.094e-03       1.126e-03       3.484e-04       
  21.00     1.857e-05       3.640e-05       6.981e-06       6.634e-07       2.538e-06       6.245e-05       1.018e-03       3.732e-03       2.828e-03       2.395e-03       8.639e-04       2.597e-04       
  21.50     1.236e-05       2.534e-05       4.752e-06       4.175e-07       1.604e-06       4.358e-05       7.812e-04       2.891e-03       2.224e-03       1.853e-03       6.631e-04       1.935e-04       
  22.00     8.235e-06       1.764e-05       3.235e-06       2.628e-07       1.014e-06       3.041e-05       5.996e-04       2.240e-03       1.749e-03       1.434e-03       5.090e-04       1.442e-04       
  22.50     5.484e-06       1.228e-05       2.202e-06       1.654e-07       6.410e-07       2.123e-05       4.603e-04       1.735e-03       1.375e-03       1.110e-03       3.906e-04       1.074e-04       
  23.00     3.652e-06       8.545e-06       1.499e-06       1.041e-07       4.052e-07       1.481e-05       3.533e-04       1.310e-03       1.081e-03       8.586e-04       2.998e-04       8.007e-05       
  23.50     2.432e-06       5.948e-06       1.020e-06       6.553e-08       2.561e-07       1.034e-05       2.712e-04       9.893e-04       8.503e-04       6.644e-04       2.301e-04       5.967e-05       
  24.00     1.620e-06       4.140e-06       6.946e-07       4.125e-08       1.619e-07       7.214e-06       2.081e-04       7.470e-04       6.686e-04       5.141e-04       1.766e-04       4.446e-05       
  24.50     1.079e-06       2.882e-06       4.728e-07       2.596e-08       1.023e-07       5.035e-06       1.597e-04       5.641e-04       5.257e-04       3.978e-04       1.356e-04       3.313e-05       
  25.00     7.184e-07       2.006e-06       3.218e-07       1.634e-08       6.468e-08       3.514e-06       1.226e-04       4.259e-04       4.134e-04       3.079e-04       1.041e-04       2.469e-05       
  25.50     4.785e-07       1.396e-06       2.191e-07       1.028e-08       4.089e-08       2.452e-06       9.411e-05       3.216e-04       3.251e-04       2.382e-04       7.988e-05       1.840e-05       
  26.00     3.186e-07       9.718e-07       1.491e-07       6.473e-09       2.584e-08       1.711e-06       7.224e-05       2.429e-04       2.556e-04       1.843e-04       6.131e-05       1.371e-05       
  26.50     2.122e-07       6.765e-07       1.015e-07       4.075e-09       1.634e-08       1.194e-06       5.544e-05       1.834e-04       2.010e-04       1.427e-04       4.706e-05       1.022e-05       
  27.00     1.413e-07       4.709e-07       6.910e-08       2.565e-09       1.033e-08       8.334e-07       4.256e-05       1.385e-04       1.580e-04       1.104e-04       3.612e-05       7.614e-06       
  27.50     9.412e-08       3.277e-07       4.704e-08       1.614e-09       6.527e-09       5.816e-07       3.266e-05       1.046e-04       1.243e-04       8.542e-05       2.772e-05       5.674e-06       
  28.00     6.268e-08       2.281e-07       3.202e-08       1.016e-09       4.126e-09       4.059e-07       2.507e-05       7.896e-05       9.772e-05       6.610e-05       2.128e-05       4.228e-06       
  28.50     4.174e-08       1.588e-07       2.180e-08       6.395e-10       2.608e-09       2.833e-07       1.924e-05       5.962e-05       7.684e-05       5.115e-05       1.633e-05       3.151e-06       
  29.00     2.780e-08       1.105e-07       1.484e-08       4.025e-10       1.648e-09       1.977e-07       1.477e-05       4.502e-05       6.042e-05       3.958e-05       1.254e-05       2.348e-06       
  29.50     1.851e-08       7.693e-08       1.010e-08       2.533e-10       1.042e-09       1.380e-07       1.134e-05       3.400e-05       4.751e-05       3.063e-05       9.622e-06       1.750e-06       
  30.00     1.233e-08       5.355e-08       6.875e-09       1.595e-10       6.586e-10       9.628e-08       8.702e-06       2.567e-05       3.736e-05       2.370e-05       7.386e-06       1.304e-06       
  30.50     7.194e-09       3.270e-08       4.073e-09       8.615e-11       3.579e-10       5.901e-08       6.071e-06       1.777e-05       2.693e-05       1.696e-05       5.228e-06       8.864e-07       
  31.00     4.124e-09       1.992e-08       2.406e-09       4.572e-11       1.910e-10       3.607e-08       4.227e-06       1.210e-05       1.938e-05       1.194e-05       3.640e-06       5.927e-07       
  31.50     2.352e-09       1.207e-08       1.414e-09       2.412e-11       1.014e-10       2.194e-08       2.933e-06       8.207e-06       1.391e-05       8.380e-06       2.526e-06       3.948e-07       
  32.00     1.337e-09       7.300e-09       8.290e-10       1.268e-11       5.360e-11       1.331e-08       2.031e-06       5.556e-06       9.959e-06       5.870e-06       1.749e-06       2.624e-07       
  32.50     7.605e-10       4.413e-09       4.859e-10       6.666e-12       2.835e-11       8.079e-09       1.406e-06       3.761e-06       7.132e-06       4.111e-06       1.211e-06       1.744e-07       
  33.00     4.275e-10       2.642e-09       2.818e-10       3.459e-12       1.480e-11       4.853e-09       9.669e-07       2.526e-06       5.074e-06       2.859e-06       8.326e-07       1.150e-07       
  33.50     2.411e-10       1.586e-09       1.639e-10       1.802e-12       7.756e-12       2.924e-09       6.661e-07       1.701e-06       3.616e-06       1.992e-06       5.736e-07       7.597e-08       
  34.00     1.349e-10       9.449e-10       9.463e-11       9.301e-13       4.028e-12       1.749e-09       4.564e-07       1.139e-06       2.565e-06       1.381e-06       3.931e-07       4.991e-08       
  34.50     7.549e-11       5.631e-10       5.463e-11       4.801e-13       2.091e-12       1.046e-09       3.128e-07       7.622e-07       1.820e-06       9.575e-07       2.694e-07       3.279e-08       
  35.00     4.175e-11       3.321e-10       3.119e-11       2.445e-13       1.072e-12       6.194e-10       2.127e-07       5.062e-07       1.282e-06       6.590e-07       1.832e-07       2.136e-08       
  35.50     2.323e-11       1.970e-10       1.791e-11       1.254e-13       5.532e-13       3.687e-10       1.453e-07       3.376e-07       9.063e-07       4.553e-07       1.251e-07       1.398e-08       
  36.00     1.278e-11       1.156e-10       1.017e-11       6.349e-14       2.818e-13       2.173e-10       9.844e-08       2.234e-07       6.365e-07       3.123e-07       8.477e-08       9.068e-09       
  36.50     7.028e-12       6.786e-11       5.779e-12       3.214e-14       1.435e-13       1.280e-10       6.672e-08       1.478e-07       4.469e-07       2.142e-07       5.745e-08       5.884e-09       
  37.00     3.865e-12       3.983e-11       3.282e-12       1.627e-14       7.311e-14       7.542e-11       4.521e-08       9.777e-08       3.138e-07       1.469e-07       3.894e-08       3.818e-09       
  37.50     2.101e-12       2.313e-11       1.844e-12       8.124e-15       3.674e-14       4.397e-11       3.040e-08       6.415e-08       2.188e-07       1.000e-07       2.618e-08       2.456e-09       
  38.00     1.143e-12       1.345e-11       1.037e-12       4.063e-15       1.849e-14       2.567e-11       2.046e-08       4.214e-08       1.527e-07       6.813e-08       1.762e-08       1.582e-09       
  38.50     6.176e-13       7.768e-12       5.789e-13       2.015e-15       9.230e-15       1.488e-11       1.371e-08       2.753e-08       1.061e-07       4.620e-08       1.180e-08       1.013e-09       
  39.00     3.336e-13       4.486e-12       3.232e-13       9.991e-16       4.606e-15       8.630e-12       9.180e-09       1.799e-08       7.371e-08       3.133e-08       7.905e-09       6.487e-10       
  39.50     1.802e-13       2.591e-12       1.805e-13       4.954e-16       2.299e-15       5.004e-12       6.148e-09       1.175e-08       5.121e-08       2.124e-08       5.295e-09       4.154e-10       
  40.00     9.732e-14       1.496e-12       1.008e-13       2.456e-16       1.147e-15       2.901e-12       4.118e-09       7.679e-09       3.558e-08       1.440e-08       3.546e-09       2.660e-10       
  40.50     5.161e-14       8.501e-13       5.529e-14       1.193e-16       5.607e-16       1.655e-12       2.725e-09       4.954e-09       2.445e-08       9.653e-09       2.347e-09       1.681e-10       
  41.00     2.769e-14       4.881e-13       3.068e-14       5.870e-17       2.778e-16       9.541e-13       1.817e-09       3.222e-09       1.692e-08       6.519e-09       1.565e-09       1.072e-10       
  41.50     1.467e-14       2.771e-13       1.682e-14       2.848e-17       1.357e-16       5.439e-13       1.202e-09       2.077e-09       1.162e-08       4.367e-09       1.035e-09       6.768e-11       
  42.00     7.759e-15       1.570e-13       9.206e-15       1.378e-17       6.609e-17       3.095e-13       7.940e-10       1.337e-09       7.973e-09       2.921e-09       6.838e-10       4.268e-11       