* De conditionele overschrijdingskans van de windsnelheid zonder statistische
* onzekerheid gegeven de windrichting voor een 12-uursperiode te Schiphol
* 
* Het doel van deze aangepaste statistiek is de winddragcorrectie te verwerken,
* zonder dat deze in de database aangepast hoeft te worden.
* LET OP: deze windstatistiek is dus onjuist (dwz: hij volgt niet logischerwijs
* uit de bekende gegevens), maar dient als workaround om zonder de
* database aan te passen, de winddrag te corrigeren. De statistiek 
* moet dus niet voor andere doeleinden, en in andere systemen dan de meren en
* de Oosterschelde gebruikt worden
* 
* Door: G.W.F. Rongen van HKV lijn in water
* Project: PR3280.20.03
*
* u (m/s)        22.5            45.0            67.5            90.0           112.5           135.0           157.5           180.0           202.5           225.0           247.5           270.0           292.5           315.0           337.5           360.0
  0.00      1.000e+00       1.000e+00       1.000e+00       1.000e+00       1.000e+00       1.000e+00       1.000e+00       1.000e+00       1.000e+00       1.000e+00       1.000e+00       1.000e+00       1.000e+00       1.000e+00       1.000e+00       1.000e+00       
  2.00      9.751e-01       9.924e-01       9.977e-01       9.960e-01       9.922e-01       9.918e-01       9.989e-01       9.962e-01       9.971e-01       9.969e-01       9.979e-01       9.991e-01       9.958e-01       9.947e-01       9.962e-01       9.886e-01       
  2.50      9.448e-01       9.753e-01       9.722e-01       9.640e-01       9.674e-01       9.687e-01       9.810e-01       9.816e-01       9.886e-01       9.838e-01       9.916e-01       9.897e-01       9.842e-01       9.627e-01       9.638e-01       9.336e-01       
  3.00      9.171e-01       9.525e-01       9.618e-01       9.332e-01       9.286e-01       9.347e-01       9.515e-01       9.647e-01       9.772e-01       9.719e-01       9.888e-01       9.794e-01       9.663e-01       9.449e-01       9.429e-01       8.924e-01       
  3.50      8.536e-01       8.840e-01       9.109e-01       8.478e-01       8.370e-01       8.531e-01       8.892e-01       9.117e-01       9.521e-01       9.470e-01       9.656e-01       9.616e-01       9.284e-01       8.845e-01       8.800e-01       7.712e-01       
  4.00      7.956e-01       8.403e-01       8.762e-01       7.944e-01       7.702e-01       7.932e-01       8.217e-01       8.748e-01       9.276e-01       9.295e-01       9.494e-01       9.486e-01       9.003e-01       8.597e-01       8.400e-01       7.048e-01       
  4.50      7.017e-01       7.624e-01       7.870e-01       6.662e-01       6.366e-01       6.626e-01       7.131e-01       8.041e-01       8.865e-01       8.952e-01       9.143e-01       9.083e-01       8.413e-01       7.904e-01       7.657e-01       5.858e-01       
  5.00      6.492e-01       7.186e-01       7.407e-01       6.155e-01       5.559e-01       5.891e-01       6.614e-01       7.450e-01       8.391e-01       8.740e-01       8.932e-01       8.821e-01       8.104e-01       7.655e-01       7.238e-01       5.332e-01       
  5.50      4.917e-01       6.369e-01       6.273e-01       5.154e-01       4.348e-01       4.912e-01       5.728e-01       6.682e-01       7.747e-01       8.284e-01       8.496e-01       8.321e-01       7.584e-01       6.927e-01       6.743e-01       4.645e-01       
  6.00      4.448e-01       5.817e-01       5.741e-01       4.593e-01       3.820e-01       4.150e-01       4.916e-01       5.975e-01       7.056e-01       7.923e-01       8.194e-01       8.082e-01       7.317e-01       6.536e-01       6.057e-01       4.050e-01       
  6.50      3.619e-01       4.810e-01       4.826e-01       3.498e-01       2.547e-01       3.143e-01       3.998e-01       4.969e-01       6.515e-01       7.349e-01       7.667e-01       7.596e-01       6.798e-01       5.897e-01       5.467e-01       3.364e-01       
  7.00      2.983e-01       4.278e-01       4.387e-01       3.084e-01       1.910e-01       2.354e-01       3.386e-01       4.301e-01       5.744e-01       6.737e-01       7.309e-01       7.315e-01       6.306e-01       5.258e-01       4.590e-01       2.792e-01       
  7.50      2.459e-01       3.460e-01       3.391e-01       2.243e-01       1.165e-01       1.497e-01       2.595e-01       3.495e-01       5.214e-01       6.120e-01       6.803e-01       6.717e-01       5.674e-01       4.671e-01       4.114e-01       2.197e-01       
  8.00      2.210e-01       2.871e-01       3.044e-01       1.615e-01       8.216e-02       1.129e-01       1.983e-01       2.972e-01       4.467e-01       5.683e-01       6.444e-01       6.155e-01       5.197e-01       3.996e-01       3.390e-01       1.670e-01       
  8.50      1.713e-01       2.186e-01       2.338e-01       1.081e-01       5.796e-02       7.893e-02       1.466e-01       2.366e-01       3.953e-01       5.228e-01       5.741e-01       5.529e-01       4.480e-01       3.304e-01       2.886e-01       1.304e-01       
  9.00      1.331e-01       1.863e-01       2.072e-01       7.385e-02       4.089e-02       5.517e-02       1.086e-01       1.935e-01       3.297e-01       4.835e-01       5.355e-01       5.070e-01       4.031e-01       2.682e-01       2.343e-01       1.073e-01       
  9.50      1.034e-01       1.293e-01       1.377e-01       5.027e-02       2.885e-02       3.856e-02       8.228e-02       1.498e-01       2.886e-01       4.317e-01       4.722e-01       4.462e-01       3.343e-01       2.274e-01       2.019e-01       8.835e-02       
  10.00     8.030e-02       9.415e-02       9.249e-02       3.422e-02       2.035e-02       2.695e-02       5.836e-02       1.183e-01       2.316e-01       3.905e-01       4.252e-01       4.153e-01       3.034e-01       1.812e-01       1.619e-01       7.271e-02       
  10.50     6.238e-02       6.857e-02       6.212e-02       2.329e-02       1.381e-02       1.884e-02       4.140e-02       9.677e-02       1.951e-01       3.419e-01       3.640e-01       3.714e-01       2.570e-01       1.456e-01       1.352e-01       5.984e-02       
  11.00     4.846e-02       4.994e-02       4.171e-02       1.586e-02       8.925e-03       1.317e-02       2.937e-02       6.836e-02       1.500e-01       3.069e-01       3.268e-01       3.312e-01       2.303e-01       1.332e-01       1.079e-01       4.925e-02       
  11.50     3.765e-02       3.637e-02       2.801e-02       1.079e-02       5.775e-03       9.203e-03       2.083e-02       5.069e-02       1.272e-01       2.664e-01       2.832e-01       2.862e-01       1.910e-01       1.094e-01       8.605e-02       4.053e-02       
  12.00     2.925e-02       2.649e-02       1.881e-02       7.347e-03       3.742e-03       6.432e-03       1.478e-02       3.686e-02       1.027e-01       2.333e-01       2.474e-01       2.479e-01       1.559e-01       8.990e-02       6.864e-02       3.336e-02       
  12.50     2.272e-02       1.929e-02       1.263e-02       5.001e-03       2.428e-03       4.496e-03       1.048e-02       2.680e-02       8.157e-02       1.909e-01       2.024e-01       2.142e-01       1.152e-01       7.386e-02       5.475e-02       2.745e-02       
  13.00     1.765e-02       1.323e-02       8.783e-03       3.404e-03       1.578e-03       2.836e-03       7.436e-03       1.948e-02       6.446e-02       1.678e-01       1.715e-01       1.749e-01       9.410e-02       6.067e-02       4.368e-02       2.260e-02       
  13.50     1.239e-02       9.056e-03       6.106e-03       2.317e-03       1.027e-03       1.789e-03       5.110e-03       1.378e-02       4.872e-02       1.254e-01       1.300e-01       1.375e-01       7.669e-02       4.984e-02       3.484e-02       1.860e-02       
  14.00     8.590e-03       6.202e-03       4.245e-03       1.577e-03       6.696e-04       1.128e-03       3.437e-03       9.619e-03       3.683e-02       1.098e-01       1.131e-01       1.160e-01       6.250e-02       4.095e-02       2.779e-02       1.530e-02       
  14.50     5.971e-03       4.250e-03       2.951e-03       1.074e-03       4.371e-04       7.116e-04       2.318e-03       6.713e-03       2.784e-02       8.734e-02       8.573e-02       6.404e-02       5.093e-02       3.364e-02       2.217e-02       1.169e-02       
  15.00     4.163e-03       2.913e-03       2.052e-03       7.309e-04       2.858e-04       4.489e-04       1.566e-03       4.685e-03       2.104e-02       7.798e-02       6.746e-02       5.036e-02       4.151e-02       2.764e-02       1.768e-02       8.712e-03       
  15.50     2.911e-03       1.998e-03       1.427e-03       4.976e-04       1.872e-04       2.831e-04       1.060e-03       3.269e-03       1.591e-02       5.427e-02       4.919e-02       3.960e-02       3.383e-02       2.270e-02       1.411e-02       6.492e-03       
  16.00     2.042e-03       1.371e-03       9.919e-04       3.387e-04       1.228e-04       1.786e-04       7.195e-04       2.282e-03       1.202e-02       4.616e-02       4.006e-02       3.114e-02       2.757e-02       1.865e-02       1.125e-02       4.838e-03       
  16.50     1.437e-03       9.408e-04       6.896e-04       2.306e-04       8.063e-05       1.126e-04       4.892e-04       1.592e-03       9.208e-03       3.474e-02       3.192e-02       2.448e-02       2.247e-02       1.532e-02       8.693e-03       3.605e-03       
  17.00     1.015e-03       6.460e-04       4.795e-04       1.569e-04       5.304e-05       7.105e-05       3.332e-04       1.111e-03       7.054e-03       2.615e-02       2.543e-02       1.925e-02       1.831e-02       1.259e-02       6.661e-03       2.687e-03       
  17.50     7.185e-04       4.438e-04       3.334e-04       1.068e-04       3.495e-05       4.482e-05       2.273e-04       7.755e-04       5.405e-03       1.968e-02       2.026e-02       1.514e-02       1.467e-02       1.034e-02       5.105e-03       2.002e-03       
  18.00     5.104e-04       3.050e-04       2.318e-04       7.272e-05       2.306e-05       2.827e-05       1.554e-04       5.412e-04       4.142e-03       1.460e-02       1.615e-02       1.190e-02       1.140e-02       8.464e-03       3.912e-03       1.492e-03       
  18.50     3.637e-04       2.097e-04       1.612e-04       4.950e-05       1.524e-05       1.783e-05       1.064e-04       3.777e-04       3.174e-03       1.084e-02       1.287e-02       9.360e-03       8.860e-03       6.537e-03       2.998e-03       1.112e-03       
  19.00     2.599e-04       1.442e-04       1.121e-04       3.370e-05       1.008e-05       1.125e-05       7.292e-05       2.636e-04       2.433e-03       8.043e-03       1.025e-02       7.360e-03       6.885e-03       5.048e-03       2.298e-03       8.284e-04       
  19.50     1.863e-04       9.921e-05       7.796e-05       2.294e-05       6.681e-06       7.094e-06       5.006e-05       1.839e-04       1.865e-03       5.969e-03       8.169e-03       5.788e-03       5.351e-03       3.899e-03       1.761e-03       6.173e-04       
  20.00     1.339e-04       6.828e-05       5.421e-05       1.561e-05       4.433e-06       4.475e-06       3.441e-05       1.284e-04       1.430e-03       4.430e-03       6.509e-03       4.551e-03       4.159e-03       3.011e-03       1.350e-03       4.600e-04       
  20.50     9.652e-05       4.702e-05       3.770e-05       1.063e-05       2.946e-06       2.822e-06       2.368e-05       8.959e-05       1.097e-03       3.287e-03       5.187e-03       3.579e-03       3.232e-03       2.326e-03       1.035e-03       3.428e-04       
  21.00     6.974e-05       3.238e-05       2.622e-05       7.235e-06       1.960e-06       1.780e-06       1.632e-05       6.252e-05       8.409e-04       2.491e-03       4.003e-03       2.814e-03       2.513e-03       1.796e-03       7.930e-04       2.555e-04       
  21.50     5.052e-05       2.231e-05       1.823e-05       4.925e-06       1.305e-06       1.123e-06       1.126e-05       4.363e-05       6.449e-04       1.888e-03       3.034e-03       2.213e-03       1.953e-03       1.387e-03       6.079e-04       1.904e-04       
  22.00     3.668e-05       1.538e-05       1.268e-05       3.353e-06       8.706e-07       7.083e-07       7.772e-06       3.045e-05       4.946e-04       1.431e-03       2.299e-03       1.740e-03       1.518e-03       1.071e-03       4.660e-04       1.419e-04       
  22.50     2.669e-05       1.060e-05       8.819e-06       2.282e-06       5.813e-07       4.467e-07       5.371e-06       2.125e-05       3.794e-04       1.084e-03       1.743e-03       1.368e-03       1.180e-03       8.275e-04       3.572e-04       1.057e-04       
  23.00     1.946e-05       7.314e-06       6.134e-06       1.553e-06       3.886e-07       2.818e-07       3.715e-06       1.483e-05       2.910e-04       8.219e-04       1.322e-03       1.076e-03       9.176e-04       6.391e-04       2.739e-04       7.877e-05       
  23.50     1.421e-05       5.046e-06       4.266e-06       1.057e-06       2.600e-07       1.777e-07       2.572e-06       1.035e-05       2.232e-04       6.230e-04       1.002e-03       8.459e-04       7.135e-04       4.937e-04       2.100e-04       5.870e-05       
  24.00     1.040e-05       3.482e-06       2.967e-06       7.198e-07       1.742e-07       1.121e-07       1.781e-06       7.223e-06       1.713e-04       4.722e-04       7.600e-04       6.652e-04       5.547e-04       3.813e-04       1.610e-04       4.374e-05       
  24.50     7.624e-06       2.404e-06       2.064e-06       4.900e-07       1.168e-07       7.072e-08       1.235e-06       5.041e-06       1.314e-04       3.580e-04       5.765e-04       5.230e-04       4.313e-04       2.945e-04       1.234e-04       3.260e-05       
  25.00     5.597e-06       1.660e-06       1.435e-06       3.335e-07       7.838e-08       4.460e-08       8.564e-07       3.518e-06       1.008e-04       2.714e-04       4.374e-04       4.113e-04       3.354e-04       2.275e-04       9.463e-05       2.429e-05       
  25.50     4.115e-06       1.147e-06       9.983e-07       2.271e-07       5.265e-08       2.813e-08       5.943e-07       2.455e-06       7.734e-05       2.057e-04       3.319e-04       3.234e-04       2.608e-04       1.757e-04       7.256e-05       1.810e-05       
  26.00     3.029e-06       7.924e-07       6.944e-07       1.546e-07       3.540e-08       1.775e-08       4.126e-07       1.713e-06       5.934e-05       1.560e-04       2.519e-04       2.543e-04       2.029e-04       1.357e-04       5.563e-05       1.349e-05       
  26.50     2.232e-06       5.476e-07       4.830e-07       1.052e-07       2.382e-08       1.119e-08       2.866e-07       1.196e-06       4.553e-05       1.183e-04       1.912e-04       2.000e-04       1.578e-04       1.048e-04       4.266e-05       1.005e-05       
  27.00     1.647e-06       3.786e-07       3.360e-07       7.162e-08       1.604e-08       7.060e-09       1.992e-07       8.344e-07       3.494e-05       8.968e-05       1.451e-04       1.572e-04       1.227e-04       8.098e-05       3.271e-05       7.491e-06       
  27.50     1.216e-06       2.618e-07       2.337e-07       4.875e-08       1.081e-08       4.453e-09       1.385e-07       5.823e-07       2.681e-05       6.800e-05       1.102e-04       1.236e-04       9.545e-05       6.255e-05       2.509e-05       5.582e-06       
  28.00     8.988e-07       1.811e-07       1.626e-07       3.319e-08       7.286e-09       2.809e-09       9.628e-08       4.064e-07       2.057e-05       5.157e-05       8.370e-05       9.722e-05       7.425e-05       4.832e-05       1.924e-05       4.160e-06       
  28.50     6.649e-07       1.253e-07       1.131e-07       2.259e-08       4.916e-09       1.772e-09       6.698e-08       2.836e-07       1.579e-05       3.911e-05       6.358e-05       7.644e-05       5.776e-05       3.733e-05       1.475e-05       3.100e-06       
  29.00     4.922e-07       8.667e-08       7.866e-08       1.538e-08       3.319e-09       1.118e-09       4.661e-08       1.979e-07       1.212e-05       2.966e-05       4.831e-05       6.011e-05       4.494e-05       2.883e-05       1.131e-05       2.310e-06       
  29.50     3.646e-07       5.999e-08       5.472e-08       1.047e-08       2.242e-09       7.049e-10       3.244e-08       1.381e-07       9.298e-06       2.249e-05       3.672e-05       4.727e-05       3.496e-05       2.227e-05       8.677e-06       1.721e-06       
  30.00     2.703e-07       4.153e-08       3.806e-08       7.125e-09       1.515e-09       4.446e-10       2.259e-08       9.639e-08       7.135e-06       1.706e-05       2.791e-05       3.717e-05       2.720e-05       1.721e-05       6.654e-06       1.283e-06       
  30.50     1.799e-07       2.518e-08       2.323e-08       4.221e-09       8.896e-10       2.535e-10       1.380e-08       5.908e-08       4.977e-06       1.171e-05       1.922e-05       2.679e-05       1.933e-05       1.211e-05       4.637e-06       8.595e-07       
  31.00     1.196e-07       1.523e-08       1.413e-08       2.494e-09       5.212e-10       1.352e-10       8.414e-09       3.611e-08       3.464e-06       8.024e-06       1.322e-05       1.928e-05       1.371e-05       8.505e-06       3.225e-06       5.747e-07       
  31.50     7.931e-08       9.175e-09       8.562e-09       1.466e-09       3.041e-10       7.168e-11       5.108e-09       2.197e-08       2.403e-06       5.478e-06       9.060e-06       1.383e-05       9.700e-06       5.955e-06       2.236e-06       3.828e-07       
  32.00     5.249e-08       5.513e-09       5.172e-09       8.592e-10       1.770e-10       3.787e-11       3.093e-09       1.333e-08       1.664e-06       3.733e-06       6.201e-06       9.907e-06       6.848e-06       4.161e-06       1.547e-06       2.544e-07       
  32.50     3.477e-08       3.314e-09       3.125e-09       5.036e-10       1.031e-10       2.001e-11       1.874e-09       8.088e-09       1.152e-06       2.544e-06       4.247e-06       7.095e-06       4.836e-06       2.908e-06       1.070e-06       1.691e-07       
  33.00     2.285e-08       1.972e-09       1.869e-09       2.921e-10       5.948e-11       1.044e-11       1.124e-09       4.859e-09       7.921e-07       1.721e-06       2.888e-06       5.047e-06       3.391e-06       2.017e-06       7.351e-07       1.115e-07       
  33.50     1.506e-08       1.178e-09       1.121e-09       1.699e-10       3.442e-11       5.466e-12       6.761e-10       2.927e-09       5.456e-07       1.167e-06       1.969e-06       3.597e-06       2.383e-06       1.403e-06       5.059e-07       7.367e-08       
  34.00     9.868e-09       6.983e-10       6.676e-10       9.807e-11       1.978e-11       2.836e-12       4.040e-10       1.751e-09       3.739e-07       7.867e-07       1.336e-06       2.552e-06       1.667e-06       9.702e-07       3.464e-07       4.839e-08       
  34.50     6.470e-09       4.142e-10       3.976e-10       5.661e-11       1.137e-11       1.471e-12       2.414e-10       1.047e-09       2.562e-07       5.305e-07       9.073e-07       1.810e-06       1.166e-06       6.711e-07       2.372e-07       3.179e-08       
  35.00     4.208e-09       2.432e-10       2.344e-10       3.232e-11       6.468e-12       7.534e-13       1.428e-10       6.201e-10       1.742e-07       3.550e-07       6.117e-07       1.275e-06       8.097e-07       4.608e-07       1.612e-07       2.071e-08       
  35.50     2.749e-09       1.436e-10       1.389e-10       1.856e-11       3.702e-12       3.885e-13       8.493e-11       3.692e-10       1.190e-07       2.386e-07       4.144e-07       9.017e-07       5.646e-07       3.177e-07       1.100e-07       1.355e-08       
  36.00     1.782e-09       8.394e-11       8.148e-11       1.054e-11       2.096e-12       1.977e-13       5.001e-11       2.175e-10       8.061e-08       1.591e-07       2.787e-07       6.332e-07       3.909e-07       2.174e-07       7.449e-08       8.793e-09       
  36.50     1.155e-09       4.908e-11       4.779e-11       5.989e-12       1.188e-12       1.006e-13       2.945e-11       1.282e-10       5.463e-08       1.061e-07       1.876e-07       4.446e-07       2.707e-07       1.488e-07       5.045e-08       5.706e-09       
  37.00     7.487e-10       2.870e-11       2.804e-11       3.402e-12       6.729e-13       5.121e-14       1.734e-11       7.551e-11       3.702e-08       7.078e-08       1.264e-07       3.122e-07       1.875e-07       1.018e-07       3.417e-08       3.702e-09       
  37.50     4.812e-10       1.661e-11       1.627e-11       1.911e-12       3.771e-13       2.571e-14       1.011e-11       4.402e-11       2.489e-08       4.684e-08       8.454e-08       2.177e-07       1.289e-07       6.914e-08       2.296e-08       2.382e-09       
  38.00     3.097e-10       9.627e-12       9.457e-12       1.075e-12       2.116e-13       1.293e-14       5.897e-12       2.570e-11       1.676e-08       3.103e-08       5.665e-08       1.519e-07       8.873e-08       4.700e-08       1.544e-08       1.534e-09       
  38.50     1.982e-10       5.543e-12       5.459e-12       6.000e-13       1.180e-13       6.448e-15       3.418e-12       1.490e-11       1.122e-08       2.046e-08       3.780e-08       1.056e-07       6.080e-08       3.180e-08       1.034e-08       9.822e-10       
  39.00     1.269e-10       3.192e-12       3.151e-12       3.350e-13       6.576e-14       3.215e-15       1.981e-12       8.640e-12       7.516e-09       1.349e-08       2.524e-08       7.333e-08       4.167e-08       2.152e-08       6.920e-09       6.290e-10       
  39.50     8.122e-11       1.838e-12       1.819e-12       1.870e-13       3.667e-14       1.603e-15       1.149e-12       5.010e-12       5.034e-09       8.892e-09       1.687e-08       5.095e-08       2.856e-08       1.456e-08       4.632e-09       4.028e-10       
  40.00     5.200e-11       1.059e-12       1.050e-12       1.044e-13       2.045e-14       7.994e-16       6.658e-13       2.905e-12       3.371e-09       5.864e-09       1.129e-08       3.540e-08       1.958e-08       9.850e-09       3.101e-09       2.580e-10       
  40.50     3.285e-11       6.002e-13       5.962e-13       5.730e-14       1.121e-14       3.903e-16       3.797e-13       1.657e-12       2.231e-09       3.820e-09       7.469e-09       2.432e-08       1.327e-08       6.587e-09       2.051e-09       1.630e-10       
  41.00     2.093e-11       3.438e-13       3.422e-13       3.180e-14       6.213e-15       1.932e-16       2.189e-13       9.552e-13       1.488e-09       2.509e-09       4.985e-09       1.683e-08       9.064e-09       4.439e-09       1.367e-09       1.039e-10       
  41.50     1.322e-11       1.948e-13       1.942e-13       1.744e-14       3.403e-15       9.427e-17       1.247e-13       5.445e-13       9.841e-10       1.634e-09       3.303e-09       1.156e-08       6.144e-09       2.967e-09       9.038e-10       6.562e-11       
  42.00     8.334e-12       1.102e-13       1.100e-13       9.541e-15       1.861e-15       4.589e-17       7.097e-14       3.098e-13       6.500e-10       1.063e-09       2.187e-09       7.932e-09       4.160e-09       1.981e-09       5.967e-10       4.138e-11       