*
* Overschrijdingskansen potentiele windsnelheid Schiphol_met_Volkerfactor. Zonder statistische onzekerheid.
* WTI2017: 12-uursmaxima, gegeven windrichting
*
* Door: K.A. Wojciechowska van HKV lijn in water
* Project: PR3280.10
*
* u         NNO             NO              ONO             O               OZO             ZO              ZZO             Z               ZZW             ZW              WZW             W               WNW             NW              NNW             N
  0.00      1.000e+000      1.000e+000      1.000e+000      1.000e+000      1.000e+000      1.000e+000      1.000e+000      1.000e+000      1.000e+000      1.000e+000      1.000e+000      1.000e+000      1.000e+000      1.000e+000      1.000e+000      1.000e+000 
  2.00      9.751e-001      9.924e-001      9.977e-001      9.960e-001      9.922e-001      9.918e-001      9.989e-001      9.962e-001      9.971e-001      9.969e-001      9.979e-001      9.991e-001      9.958e-001      9.947e-001      9.962e-001      9.886e-001 
  2.50      9.448e-001      9.753e-001      9.722e-001      9.640e-001      9.674e-001      9.687e-001      9.810e-001      9.816e-001      9.886e-001      9.843e-001      9.933e-001      9.892e-001      9.809e-001      9.695e-001      9.692e-001      9.393e-001 
  3.00      9.171e-001      9.525e-001      9.618e-001      9.332e-001      9.286e-001      9.347e-001      9.515e-001      9.647e-001      9.772e-001      9.719e-001      9.888e-001      9.794e-001      9.663e-001      9.449e-001      9.429e-001      8.924e-001 
  3.50      8.536e-001      8.840e-001      9.109e-001      8.478e-001      8.370e-001      8.531e-001      8.892e-001      9.117e-001      9.521e-001      9.505e-001      9.689e-001      9.639e-001      9.327e-001      9.013e-001      8.899e-001      7.931e-001 
  4.00      7.956e-001      8.403e-001      8.762e-001      7.944e-001      7.702e-001      7.932e-001      8.217e-001      8.748e-001      9.276e-001      9.295e-001      9.494e-001      9.486e-001      9.003e-001      8.597e-001      8.400e-001      7.048e-001 
  4.50      7.017e-001      7.624e-001      7.870e-001      6.662e-001      6.366e-001      6.626e-001      7.131e-001      8.041e-001      8.865e-001      9.013e-001      9.209e-001      9.147e-001      8.542e-001      8.112e-001      7.797e-001      6.130e-001 
  5.00      6.492e-001      7.186e-001      7.407e-001      6.155e-001      5.559e-001      5.891e-001      6.614e-001      7.450e-001      8.391e-001      8.740e-001      8.932e-001      8.821e-001      8.104e-001      7.655e-001      7.238e-001      5.332e-001 
  5.50      4.917e-001      6.369e-001      6.273e-001      5.154e-001      4.348e-001      4.912e-001      5.728e-001      6.682e-001      7.747e-001      8.321e-001      8.555e-001      8.444e-001      7.701e-001      7.074e-001      6.621e-001      4.647e-001 
  6.00      4.448e-001      5.817e-001      5.741e-001      4.593e-001      3.820e-001      4.150e-001      4.916e-001      5.975e-001      7.056e-001      7.923e-001      8.194e-001      8.082e-001      7.317e-001      6.536e-001      6.057e-001      4.050e-001 
  6.50      3.619e-001      4.810e-001      4.826e-001      3.498e-001      2.547e-001      3.143e-001      3.998e-001      4.969e-001      6.515e-001      7.306e-001      7.739e-001      7.689e-001      6.793e-001      5.862e-001      5.273e-001      3.363e-001 
  7.00      2.983e-001      4.278e-001      4.387e-001      3.084e-001      1.910e-001      2.354e-001      3.386e-001      4.301e-001      5.744e-001      6.737e-001      7.309e-001      7.315e-001      6.306e-001      5.258e-001      4.590e-001      2.792e-001 
  7.50      2.459e-001      3.460e-001      3.391e-001      2.243e-001      1.165e-001      1.497e-001      2.595e-001      3.495e-001      5.214e-001      6.188e-001      6.863e-001      6.710e-001      5.725e-001      4.584e-001      3.945e-001      2.160e-001 
  8.00      2.210e-001      2.871e-001      3.044e-001      1.548e-001      8.216e-002      1.129e-001      1.983e-001      2.972e-001      4.467e-001      5.683e-001      6.444e-001      6.155e-001      5.197e-001      3.996e-001      3.390e-001      1.670e-001 
  8.50      1.713e-001      2.186e-001      2.338e-001      1.068e-001      5.796e-002      7.893e-002      1.466e-001      2.366e-001      3.953e-001      5.242e-001      5.874e-001      5.586e-001      4.577e-001      3.274e-001      2.818e-001      1.270e-001 
  9.00      1.331e-001      1.863e-001      2.072e-001      7.374e-002      4.089e-002      5.517e-002      1.086e-001      1.935e-001      3.297e-001      4.835e-001      5.355e-001      5.070e-001      4.031e-001      2.682e-001      2.343e-001      9.661e-002 
  9.50      1.034e-001      1.293e-001      1.377e-001      5.027e-002      2.791e-002      3.856e-002      8.228e-002      1.498e-001      2.886e-001      4.345e-001      4.771e-001      4.589e-001      3.497e-001      2.204e-001      1.948e-001      7.497e-002 
 10.00      8.030e-002      9.415e-002      8.955e-002      3.422e-002      1.905e-002      2.695e-002      5.836e-002      1.183e-001      2.316e-001      3.905e-001      4.252e-001      4.153e-001      3.034e-001      1.812e-001      1.619e-001      5.817e-002 
 10.50      6.238e-002      6.857e-002      5.823e-002      2.329e-002      1.300e-002      1.884e-002      4.140e-002      9.677e-002      1.951e-001      3.462e-001      3.727e-001      3.709e-001      2.643e-001      1.554e-001      1.254e-001      4.478e-002 
 11.00      4.846e-002      4.994e-002      3.786e-002      1.586e-002      8.876e-003      1.317e-002      2.937e-002      6.836e-002      1.500e-001      3.069e-001      3.268e-001      3.312e-001      2.303e-001      1.332e-001      9.709e-002      3.448e-002 
 11.50      3.765e-002      3.637e-002      2.614e-002      1.079e-002      5.775e-003      9.203e-003      2.083e-002      5.069e-002      1.272e-001      2.676e-001      2.843e-001      2.865e-001      1.895e-001      1.038e-001      7.302e-002      2.627e-002 
 12.00      2.925e-002      2.649e-002      1.817e-002      7.347e-003      3.742e-003      6.432e-003      1.478e-002      3.686e-002      9.968e-002      2.333e-001      2.474e-001      2.479e-001      1.559e-001      8.091e-002      5.491e-002      2.002e-002 
 12.50      2.150e-002      1.869e-002      1.263e-002      5.001e-003      2.428e-003      4.290e-003      1.016e-002      2.633e-002      7.811e-002      1.979e-001      2.059e-001      2.082e-001      1.211e-001      6.267e-002      4.097e-002      1.504e-002 
 13.00      1.581e-002      1.319e-002      8.783e-003      3.404e-003      1.578e-003      2.861e-003      6.989e-003      1.881e-002      5.986e-002      1.678e-001      1.715e-001      1.749e-001      9.410e-002      4.854e-002      3.057e-002      1.130e-002 
 13.50      1.162e-002      9.056e-003      6.106e-003      2.317e-003      1.027e-003      1.817e-003      4.807e-003      1.343e-002      4.578e-002      1.357e-001      1.393e-001      1.329e-001      7.275e-002      3.730e-002      2.258e-002      8.891e-003 
 14.00      8.541e-003      6.202e-003      4.245e-003      1.577e-003      6.696e-004      1.148e-003      3.306e-003      9.596e-003      3.502e-002      1.098e-001      1.131e-001      1.009e-001      5.625e-002      2.866e-002      1.667e-002      6.996e-003 
 14.50      5.971e-003      4.250e-003      2.951e-003      1.074e-003      4.371e-004      7.248e-004      2.273e-003      6.713e-003      2.679e-002      8.628e-002      8.737e-002      7.025e-002      4.322e-002      2.180e-002      1.214e-002      5.505e-003 
 15.00      4.163e-003      2.913e-003      2.052e-003      7.309e-004      2.858e-004      4.578e-004      1.563e-003      4.685e-003      2.051e-002      6.780e-002      6.746e-002      4.890e-002      3.321e-002      1.658e-002      8.841e-003      4.332e-003 
 15.50      2.911e-003      1.998e-003      1.427e-003      4.976e-004      1.872e-004      2.892e-004      1.060e-003      3.269e-003      1.570e-002      4.939e-002      4.932e-002      3.490e-002      2.531e-002      1.243e-002      6.923e-003      3.237e-003 
 16.00      2.042e-003      1.371e-003      9.919e-004      3.387e-004      1.228e-004      1.827e-004      7.195e-004      2.282e-003      1.202e-002      3.597e-002      3.605e-002      2.491e-002      1.930e-002      9.325e-003      5.421e-003      2.419e-003 
 16.50      1.437e-003      9.408e-004      6.896e-004      2.306e-004      8.063e-005      1.154e-004      4.892e-004      1.592e-003      9.208e-003      2.569e-002      2.708e-002      1.832e-002      1.448e-002      7.495e-003      4.244e-003      1.803e-003 
 17.00      1.015e-003      6.460e-004      4.795e-004      1.569e-004      5.304e-005      7.288e-005      3.332e-004      1.111e-003      7.054e-003      1.835e-002      2.035e-002      1.348e-002      1.087e-002      6.024e-003      3.323e-003      1.343e-003 
 17.50      7.185e-004      4.438e-004      3.334e-004      1.068e-004      3.495e-005      4.604e-005      2.273e-004      7.755e-004      5.405e-003      1.300e-002      1.516e-002      9.811e-003      7.873e-003      4.842e-003      2.550e-003      1.001e-003 
 18.00      5.104e-004      3.050e-004      2.318e-004      7.272e-005      2.306e-005      2.908e-005      1.554e-004      5.412e-004      4.142e-003      9.215e-003      1.130e-002      7.142e-003      5.701e-003      3.892e-003      1.956e-003      7.459e-004 
 18.50      3.637e-004      2.097e-004      1.612e-004      4.950e-005      1.524e-005      1.837e-005      1.064e-004      3.777e-004      3.174e-003      6.463e-003      8.338e-003      5.127e-003      4.430e-003      3.128e-003      1.499e-003      5.559e-004 
 19.00      2.599e-004      1.442e-004      1.121e-004      3.370e-005      1.008e-005      1.160e-005      7.292e-005      2.636e-004      2.433e-003      4.534e-003      6.151e-003      3.680e-003      3.443e-003      2.514e-003      1.149e-003      4.142e-004 
 19.50      1.863e-004      9.921e-005      7.796e-005      2.294e-005      6.681e-006      7.329e-006      5.006e-005      1.839e-004      1.865e-003      3.136e-003      4.474e-003      2.894e-003      2.676e-003      1.945e-003      8.805e-004      3.087e-004 
 20.00      1.339e-004      6.828e-005      5.421e-005      1.561e-005      4.433e-006      4.630e-006      3.441e-005      1.284e-004      1.430e-003      2.169e-003      3.255e-003      2.275e-003      2.079e-003      1.506e-003      6.748e-004      2.300e-004 
 20.50      9.652e-005      4.702e-005      3.770e-005      1.063e-005      2.946e-006      2.924e-006      2.368e-005      8.959e-005      1.097e-003      1.644e-003      2.522e-003      1.789e-003      1.616e-003      1.163e-003      5.173e-004      1.714e-004 
 21.00      6.974e-005      3.238e-005      2.622e-005      7.235e-006      1.960e-006      1.847e-006      1.632e-005      6.252e-005      8.409e-004      1.246e-003      1.954e-003      1.407e-003      1.256e-003      8.980e-004      3.965e-004      1.277e-004 
 21.50      5.052e-005      2.231e-005      1.823e-005      4.925e-006      1.305e-006      1.167e-006      1.126e-005      4.363e-005      6.449e-004      9.440e-004      1.499e-003      1.106e-003      9.766e-004      6.936e-004      3.039e-004      9.518e-005 
 22.00      3.668e-005      1.538e-005      1.268e-005      3.353e-006      8.706e-007      7.371e-007      7.772e-006      3.045e-005      4.946e-004      7.154e-004      1.150e-003      8.699e-004      7.591e-004      5.357e-004      2.330e-004      7.093e-005 
 22.50      2.669e-005      1.060e-005      8.819e-006      2.282e-006      5.813e-007      4.656e-007      5.371e-006      2.125e-005      3.794e-004      5.422e-004      8.716e-004      6.840e-004      5.902e-004      4.138e-004      1.786e-004      5.286e-005 
 23.00      1.946e-005      7.314e-006      6.134e-006      1.553e-006      3.886e-007      2.941e-007      3.715e-006      1.483e-005      2.910e-004      4.110e-004      6.608e-004      5.379e-004      4.588e-004      3.196e-004      1.369e-004      3.939e-005 
 23.50      1.421e-005      5.046e-006      4.266e-006      1.057e-006      2.600e-007      1.858e-007      2.572e-006      1.035e-005      2.232e-004      3.115e-004      5.011e-004      4.229e-004      3.567e-004      2.468e-004      1.050e-004      2.935e-005 
 24.00      1.040e-005      3.482e-006      2.967e-006      7.198e-007      1.742e-007      1.173e-007      1.781e-006      7.223e-006      1.713e-004      2.361e-004      3.800e-004      3.326e-004      2.774e-004      1.906e-004      8.048e-005      2.187e-005 
 24.50      7.624e-006      2.404e-006      2.064e-006      4.900e-007      1.168e-007      7.413e-008      1.235e-006      5.041e-006      1.314e-004      1.790e-004      2.883e-004      2.615e-004      2.157e-004      1.473e-004      6.171e-005      1.630e-005 
 25.00      5.597e-006      1.660e-006      1.435e-006      3.335e-007      7.838e-008      4.682e-008      8.564e-007      3.518e-006      1.008e-004      1.357e-004      2.187e-004      2.056e-004      1.677e-004      1.137e-004      4.731e-005      1.215e-005 
 25.50      4.115e-006      1.147e-006      9.983e-007      2.271e-007      5.265e-008      2.958e-008      5.943e-007      2.455e-006      7.734e-005      1.029e-004      1.659e-004      1.617e-004      1.304e-004      8.786e-005      3.628e-005      9.051e-006 
 26.00      3.029e-006      7.924e-007      6.944e-007      1.546e-007      3.540e-008      1.868e-008      4.126e-007      1.713e-006      5.934e-005      7.799e-005      1.259e-004      1.271e-004      1.014e-004      6.786e-005      2.782e-005      6.745e-006 
 26.50      2.232e-006      5.476e-007      4.830e-007      1.052e-007      2.382e-008      1.180e-008      2.866e-007      1.196e-006      4.553e-005      5.914e-005      9.560e-005      9.998e-005      7.889e-005      5.242e-005      2.133e-005      5.026e-006 
 27.00      1.647e-006      3.786e-007      3.360e-007      7.162e-008      1.604e-008      7.455e-009      1.992e-007      8.344e-007      3.494e-005      4.484e-005      7.257e-005      7.861e-005      6.136e-005      4.049e-005      1.636e-005      3.745e-006 
 27.50      1.216e-006      2.618e-007      2.337e-007      4.875e-008      1.081e-008      4.710e-009      1.385e-007      5.823e-007      2.681e-005      3.400e-005      5.511e-005      6.182e-005      4.773e-005      3.128e-005      1.254e-005      2.791e-006 
 28.00      8.988e-007      1.811e-007      1.626e-007      3.319e-008      7.286e-009      2.975e-009      9.628e-008      4.064e-007      2.057e-005      2.578e-005      4.185e-005      4.861e-005      3.712e-005      2.416e-005      9.619e-006      2.080e-006 
 28.50      6.649e-007      1.253e-007      1.131e-007      2.259e-008      4.916e-009      1.879e-009      6.698e-008      2.836e-007      1.579e-005      1.955e-005      3.180e-005      3.822e-005      2.888e-005      1.866e-005      7.376e-006      1.550e-006 
 29.00      4.922e-007      8.667e-008      7.866e-008      1.538e-008      3.319e-009      1.187e-009      4.661e-008      1.979e-007      1.212e-005      1.483e-005      2.416e-005      3.005e-005      2.247e-005      1.442e-005      5.657e-006      1.155e-006 
 29.50      3.646e-007      5.999e-008      5.472e-008      1.047e-008      2.242e-009      7.499e-010      3.244e-008      1.381e-007      9.298e-006      1.125e-005      1.836e-005      2.363e-005      1.748e-005      1.114e-005      4.338e-006      8.606e-007 
 30.00      2.703e-007      4.153e-008      3.806e-008      7.125e-009      1.515e-009      4.737e-010      2.259e-008      9.639e-008      7.135e-006      8.530e-006      1.395e-005      1.858e-005      1.360e-005      8.603e-006      3.327e-006      6.413e-007 
 30.50      2.004e-007      2.875e-008      2.648e-008      4.850e-009      1.024e-009      2.992e-010      1.573e-008      6.727e-008      5.476e-006      6.470e-006      1.061e-005      1.461e-005      1.058e-005      6.646e-006      2.552e-006      4.779e-007 
 31.00      1.487e-007      1.991e-008      1.842e-008      3.302e-009      6.930e-010      1.890e-010      1.095e-008      4.695e-008      4.202e-006      4.908e-006      8.069e-006      1.149e-005      8.235e-006      5.134e-006      1.957e-006      3.561e-007 
 31.50      1.104e-007      1.379e-008      1.281e-008      2.247e-009      4.690e-010      1.194e-010      7.631e-009      3.276e-008      3.225e-006      3.723e-006      6.138e-006      9.035e-006      6.408e-006      3.966e-006      1.501e-006      2.654e-007 
 32.00      8.198e-008      9.557e-009      8.914e-009      1.530e-009      3.176e-010      7.543e-011      5.317e-009      2.286e-008      2.475e-006      2.825e-006      4.670e-006      7.104e-006      4.987e-006      3.064e-006      1.151e-006      1.978e-007 
 32.50      6.090e-008      6.622e-009      6.201e-009      1.041e-009      2.151e-010      4.765e-011      3.705e-009      1.596e-008      1.900e-006      2.143e-006      3.554e-006      5.586e-006      3.881e-006      2.367e-006      8.831e-007      1.474e-007 
 33.00      4.525e-008      4.590e-009      4.314e-009      7.089e-010      1.457e-010      3.010e-011      2.582e-009      1.114e-008      1.458e-006      1.626e-006      2.705e-006      4.393e-006      3.021e-006      1.829e-006      6.774e-007      1.098e-007 
 33.50      3.364e-008      3.182e-009      3.001e-009      4.825e-010      9.878e-011      1.901e-011      1.800e-009      7.771e-009      1.119e-006      1.234e-006      2.060e-006      3.454e-006      2.351e-006      1.413e-006      5.196e-007      8.184e-008 
 34.00      2.501e-008      2.206e-009      2.088e-009      3.285e-010      6.697e-011      1.201e-011      1.255e-009      5.423e-009      8.588e-007      9.361e-007      1.569e-006      2.716e-006      1.830e-006      1.091e-006      3.986e-007      6.098e-008 
 34.50      1.860e-008      1.530e-009      1.453e-009      2.236e-010      4.542e-011      7.588e-012      8.748e-010      3.785e-009      6.591e-007      7.104e-007      1.196e-006      2.136e-006      1.425e-006      8.432e-007      3.057e-007      4.544e-008 
 35.00      1.384e-008      1.061e-009      1.011e-009      1.522e-010      3.081e-011      4.793e-012      6.099e-010      2.641e-009      5.059e-007      5.391e-007      9.110e-007      1.679e-006      1.109e-006      6.514e-007      2.345e-007      3.386e-008 
 35.50      1.029e-008      7.357e-010      7.032e-010      1.036e-010      2.091e-011      3.028e-012      4.253e-010      1.843e-009      3.883e-007      4.091e-007      6.946e-007      1.321e-006      8.637e-007      5.033e-007      1.799e-007      2.524e-008 
 36.00      7.660e-009      5.104e-010      4.892e-010      7.053e-011      1.419e-011      1.913e-012      2.966e-010      1.286e-009      2.980e-007      3.105e-007      5.296e-007      1.038e-006      6.724e-007      3.888e-007      1.380e-007      1.881e-008 
 36.50      5.701e-009      3.541e-010      3.404e-010      4.801e-011      9.632e-012      1.208e-012      2.068e-010      8.978e-010      2.287e-007      2.357e-007      4.040e-007      8.165e-007      5.236e-007      3.004e-007      1.059e-007      1.401e-008 
 37.00      4.243e-009      2.457e-010      2.368e-010      3.268e-011      6.540e-012      7.633e-013      1.443e-010      6.265e-010      1.755e-007      1.789e-007      3.082e-007      6.420e-007      4.077e-007      2.321e-007      8.121e-008      1.044e-008 
 37.50      3.159e-009      1.705e-010      1.648e-010      2.225e-011      4.441e-012      4.822e-013      1.006e-010      4.372e-010      1.347e-007      1.358e-007      2.353e-007      5.048e-007      3.175e-007      1.793e-007      6.230e-008      7.782e-009 
 38.00      2.352e-009      1.184e-010      1.146e-010      1.514e-011      3.017e-012      3.046e-013      7.019e-011      3.051e-010      1.034e-007      1.031e-007      1.796e-007      3.970e-007      2.473e-007      1.386e-007      4.780e-008      5.799e-009 
 38.50      1.751e-009      8.215e-011      7.976e-011      1.031e-011      2.049e-012      1.924e-013      4.896e-011      2.130e-010      7.937e-008      7.828e-008      1.372e-007      3.121e-007      1.926e-007      1.071e-007      3.667e-008      4.321e-009 
 39.00      1.304e-009      5.703e-011      5.549e-011      7.017e-012      1.392e-012      1.216e-013      3.415e-011      1.486e-010      6.092e-008      5.943e-008      1.048e-007      2.454e-007      1.500e-007      8.271e-008      2.813e-008      3.220e-009 
 39.50      9.710e-010      3.960e-011      3.861e-011      4.776e-012      9.461e-013      7.680e-014      2.383e-011      1.037e-010      4.676e-008      4.513e-008      8.011e-008      1.930e-007      1.169e-007      6.391e-008      2.158e-008      2.400e-009 
 40.00      7.231e-010      2.750e-011      2.687e-011      3.251e-012      6.430e-013      4.851e-014      1.662e-011      7.238e-011      3.589e-008      3.426e-008      6.123e-008      1.518e-007      9.103e-008      4.938e-008      1.656e-008      1.788e-009 
 40.50      5.386e-010      1.909e-011      1.869e-011      2.213e-012      4.370e-013      3.065e-014      1.160e-011      5.051e-011      2.754e-008      2.602e-008      4.684e-008      1.193e-007      7.091e-008      3.815e-008      1.270e-008      1.333e-009 
 41.00      4.012e-010      1.326e-011      1.301e-011      1.507e-012      2.971e-013      1.936e-014      8.091e-012      3.525e-011      2.114e-008      1.976e-008      3.583e-008      9.384e-008      5.525e-008      2.948e-008      9.747e-009      9.930e-010 
 41.50      2.988e-010      9.211e-012      9.050e-012      1.026e-012      2.020e-013      1.223e-014      5.645e-012      2.460e-011      1.623e-008      1.501e-008      2.743e-008      7.379e-008      4.305e-008      2.278e-008      7.478e-009      7.400e-010 
 42.00      2.226e-010      6.398e-012      6.297e-012      6.981e-013      1.373e-013      7.726e-015      3.939e-012      1.717e-011      1.245e-008      1.140e-008      2.099e-008      5.802e-008      3.354e-008      1.760e-008      5.737e-009      5.514e-010 
