* De conditionele overschrijdingskans van de zeewaterstand zonder statistische onzekerheid gegeven de windrichting
* voor een 12-uursperiode te Den Helder, gelegen op locatie: 
* 111850, 553230
* 
* Het waterstandsbereik waarvoor de overschrijdingskansen zijn gegeven is het hoogwater 1991 tot 8.00 m + NAP
* met een stapgrootte van 0.1 m. De laatste stapgrootte kan afwijken om op 8.00 m uit te komen. Hierbij wordt
* een stapgrootte van mimimaal 6 en maximaal 15 cm gekozen.
* 
* Betreft zichtjaar 1985 (het jaar waarvoor de basispeilen zijn afgeleid); 
* zeespiegelstijging sinds 1985 moet apart in rekening worden gebracht.
*
* Door: G.W.F. Rongen van HKV lijn in water
* Project: PR3280.20.03
*
* m (m+NAP) 30              60              90              120             150             180             210             240             270             300             330             360
  0.58      1.000e+00       1.000e+00       1.000e+00       1.000e+00       1.000e+00       1.000e+00       1.000e+00       1.000e+00       1.000e+00       1.000e+00       1.000e+00       1.000e+00       
  0.68      1.000e+00       1.000e+00       1.000e+00       1.000e+00       1.000e+00       1.000e+00       5.861e-01       5.221e-01       5.670e-01       5.103e-01       3.904e-01       2.734e-01       
  0.78      1.000e+00       1.000e+00       1.000e+00       1.000e+00       1.000e+00       1.000e+00       3.435e-01       2.726e-01       3.215e-01       2.604e-01       1.524e-01       7.472e-02       
  0.88      1.000e+00       1.000e+00       1.000e+00       1.000e+00       1.000e+00       1.000e+00       2.013e-01       1.423e-01       1.823e-01       1.329e-01       5.950e-02       2.043e-02       
  0.98      1.000e+00       1.000e+00       1.000e+00       1.000e+00       1.000e+00       1.000e+00       8.693e-02       9.596e-02       1.499e-01       1.154e-01       5.264e-02       1.604e-02       
  1.08      1.000e+00       1.000e+00       1.000e+00       1.000e+00       1.000e+00       1.000e+00       3.579e-02       6.368e-02       1.217e-01       9.908e-02       4.607e-02       1.244e-02       
  1.18      1.000e+00       1.000e+00       1.000e+00       1.000e+00       1.000e+00       1.000e+00       1.408e-02       4.163e-02       9.746e-02       8.406e-02       3.989e-02       9.541e-03       
  1.28      1.000e+00       1.000e+00       1.000e+00       1.000e+00       1.000e+00       1.000e+00       5.301e-03       2.682e-02       7.710e-02       7.049e-02       3.418e-02       7.236e-03       
  1.38      1.333e-01       8.730e-02       6.506e-02       9.182e-02       8.817e-02       4.804e-02       1.913e-03       1.705e-02       6.025e-02       5.844e-02       2.899e-02       5.430e-03       
  1.48      1.790e-03       1.172e-03       8.739e-04       1.233e-03       1.184e-03       6.453e-04       6.632e-04       1.070e-02       4.652e-02       4.792e-02       2.433e-02       4.034e-03       
  1.58      1.479e-05       9.689e-06       7.221e-06       1.019e-05       9.786e-06       5.332e-06       2.210e-04       6.631e-03       3.551e-02       3.886e-02       2.022e-02       2.967e-03       
  1.68      7.382e-08       4.835e-08       3.603e-08       5.085e-08       4.883e-08       2.661e-08       7.087e-05       4.060e-03       2.680e-02       3.117e-02       1.664e-02       2.162e-03       
  1.78      2.184e-10       1.430e-10       1.066e-10       1.505e-10       1.445e-10       7.872e-11       2.190e-05       2.458e-03       2.000e-02       2.473e-02       1.355e-02       1.561e-03       
  1.88      3.763e-13       2.465e-13       1.837e-13       2.592e-13       2.489e-13       1.356e-13       6.526e-06       1.471e-03       1.477e-02       1.942e-02       1.093e-02       1.117e-03       
  1.98      3.711e-16       2.431e-16       1.811e-16       2.557e-16       2.455e-16       1.338e-16       1.878e-06       8.714e-04       1.078e-02       1.509e-02       8.733e-03       7.925e-04       
  2.08      2.059e-19       1.349e-19       1.005e-19       1.419e-19       1.362e-19       7.423e-20       5.219e-07       5.107e-04       7.795e-03       1.160e-02       6.910e-03       5.575e-04       
  2.18      6.324e-23       4.142e-23       3.087e-23       4.357e-23       4.183e-23       2.279e-23       1.403e-07       2.963e-04       5.576e-03       8.826e-03       5.416e-03       3.890e-04       
  2.28      1.057e-26       6.925e-27       5.161e-27       7.284e-27       6.994e-27       3.811e-27       3.647e-08       1.702e-04       3.949e-03       6.649e-03       4.205e-03       2.693e-04       
  2.38      9.470e-31       6.203e-31       4.623e-31       6.524e-31       6.264e-31       3.413e-31       9.182e-09       9.687e-05       2.769e-03       4.958e-03       3.234e-03       1.849e-04       
  2.48      4.474e-35       2.930e-35       2.184e-35       3.082e-35       2.959e-35       1.613e-35       2.240e-09       5.461e-05       1.922e-03       3.660e-03       2.464e-03       1.260e-04       
  2.58      1.097e-39       7.188e-40       5.357e-40       7.561e-40       7.260e-40       3.956e-40       5.296e-10       3.051e-05       1.322e-03       2.675e-03       1.860e-03       8.524e-05       
  2.68      1.377e-44       9.020e-45       6.722e-45       9.487e-45       9.109e-45       4.964e-45       1.215e-10       1.690e-05       9.001e-04       1.936e-03       1.392e-03       5.724e-05       
  2.78      8.707e-50       5.703e-50       4.250e-50       5.998e-50       5.759e-50       3.138e-50       2.703e-11       9.275e-06       6.073e-04       1.387e-03       1.032e-03       3.816e-05       
  2.88      2.733e-55       1.790e-55       1.334e-55       1.883e-55       1.808e-55       9.852e-56       5.843e-12       5.049e-06       4.059e-04       9.848e-04       7.578e-04       2.526e-05       
  2.98      4.199e-61       2.750e-61       2.050e-61       2.893e-61       2.778e-61       1.514e-61       1.227e-12       2.725e-06       2.688e-04       6.922e-04       5.517e-04       1.661e-05       
  3.08      3.112e-67       2.038e-67       1.519e-67       2.144e-67       2.059e-67       1.122e-67       2.503e-13       1.459e-06       1.764e-04       4.819e-04       3.980e-04       1.084e-05       
  3.18      1.097e-73       7.187e-74       5.356e-74       7.559e-74       7.258e-74       3.955e-74       4.965e-14       7.752e-07       1.147e-04       3.323e-04       2.846e-04       7.033e-06       
  3.28      1.815e-80       1.189e-80       8.859e-81       1.250e-80       1.200e-80       6.541e-81       9.580e-15       4.086e-07       7.396e-05       2.270e-04       2.017e-04       4.531e-06       
  3.38      1.389e-87       9.097e-88       6.780e-88       9.568e-88       9.187e-88       5.006e-88       1.799e-15       2.137e-07       4.726e-05       1.536e-04       1.417e-04       2.901e-06       
  3.48      4.852e-95       3.178e-95       2.369e-95       3.343e-95       3.210e-95       1.749e-95       3.287e-16       1.110e-07       2.994e-05       1.030e-04       9.868e-05       1.845e-06       
  3.58      7.636e-103      5.001e-103      3.727e-103      5.260e-103      5.051e-103      2.752e-103      5.850e-17       5.718e-08       1.880e-05       6.840e-05       6.812e-05       1.166e-06       
  3.68      5.341e-111      3.498e-111      2.607e-111      3.680e-111      3.533e-111      1.925e-111      1.014e-17       2.925e-08       1.171e-05       4.502e-05       4.662e-05       7.327e-07       
  3.78      1.639e-119      1.074e-119      8.003e-120      1.129e-119      1.084e-119      5.909e-120      1.713e-18       1.486e-08       7.230e-06       2.935e-05       3.163e-05       4.575e-07       
  3.88      2.179e-128      1.427e-128      1.064e-128      1.501e-128      1.442e-128      7.856e-129      2.821e-19       7.495e-09       4.427e-06       1.897e-05       2.127e-05       2.839e-07       
  3.98      1.239e-137      8.115e-138      6.048e-138      8.535e-138      8.195e-138      4.466e-138      4.529e-20       3.754e-09       2.689e-06       1.214e-05       1.419e-05       1.752e-07       
  4.08      2.974e-147      1.948e-147      1.452e-147      2.049e-147      1.967e-147      1.072e-147      7.092e-21       1.868e-09       1.619e-06       7.705e-06       9.381e-06       1.074e-07       
  4.18      2.977e-157      1.950e-157      1.453e-157      2.051e-157      1.969e-157      1.073e-157      1.083e-21       9.231e-10       9.675e-07       4.845e-06       6.151e-06       6.552e-08       
  4.28      1.228e-167      8.040e-168      5.993e-168      8.457e-168      8.120e-168      4.425e-168      1.615e-22       4.532e-10       5.734e-07       3.019e-06       3.999e-06       3.973e-08       
  4.38      2.059e-178      1.349e-178      1.005e-178      1.419e-178      1.362e-178      7.424e-179      2.350e-23       2.211e-10       3.371e-07       1.865e-06       2.578e-06       2.395e-08       
  4.48      1.389e-189      9.097e-190      6.780e-190      9.569e-190      9.188e-190      5.006e-190      3.339e-24       1.071e-10       1.966e-07       1.142e-06       1.648e-06       1.436e-08       
  4.58      3.720e-201      2.437e-201      1.816e-201      2.563e-201      2.461e-201      1.341e-201      4.634e-25       5.159e-11       1.138e-07       6.928e-07       1.045e-06       8.564e-09       
  4.68      3.911e-213      2.562e-213      1.909e-213      2.694e-213      2.587e-213      1.410e-213      6.281e-26       2.469e-11       6.533e-08       4.167e-07       6.567e-07       5.079e-09       
  4.78      1.595e-225      1.044e-225      7.785e-226      1.099e-225      1.055e-225      5.748e-226      8.318e-27       1.174e-11       3.722e-08       2.485e-07       4.094e-07       2.996e-09       
  4.88      2.493e-238      1.633e-238      1.217e-238      1.717e-238      1.649e-238      8.986e-239      1.077e-27       5.552e-12       2.104e-08       1.469e-07       2.531e-07       1.758e-09       
  4.98      1.477e-251      9.672e-252      7.209e-252      1.017e-251      9.769e-252      5.323e-252      1.362e-28       2.609e-12       1.181e-08       8.605e-08       1.552e-07       1.026e-09       
  5.08      3.277e-265      2.147e-265      1.600e-265      2.258e-265      2.168e-265      1.181e-265      1.685e-29       1.219e-12       6.573e-09       4.999e-08       9.442e-08       5.956e-10       
  5.18      2.694e-279      1.764e-279      1.315e-279      1.856e-279      1.782e-279      9.710e-280      2.038e-30       5.660e-13       3.633e-09       2.879e-08       5.696e-08       3.440e-10       
  5.28      8.110e-294      5.312e-294      3.959e-294      5.587e-294      5.365e-294      2.923e-294      2.412e-31       2.613e-13       1.993e-09       1.644e-08       3.408e-08       1.977e-10       
  5.38      0.000e+00       0.000e+00       0.000e+00       0.000e+00       0.000e+00       0.000e+00       2.791e-32       1.200e-13       1.085e-09       9.306e-09       2.023e-08       1.130e-10       
  5.48      0.000e+00       0.000e+00       0.000e+00       0.000e+00       0.000e+00       0.000e+00       3.162e-33       5.476e-14       5.863e-10       5.223e-09       1.191e-08       6.431e-11       
  5.58      0.000e+00       0.000e+00       0.000e+00       0.000e+00       0.000e+00       0.000e+00       3.504e-34       2.486e-14       3.145e-10       2.907e-09       6.954e-09       3.641e-11       
  5.68      0.000e+00       0.000e+00       0.000e+00       0.000e+00       0.000e+00       0.000e+00       3.802e-35       1.122e-14       1.675e-10       1.604e-09       4.028e-09       2.051e-11       
  5.78      0.000e+00       0.000e+00       0.000e+00       0.000e+00       0.000e+00       0.000e+00       4.039e-36       5.038e-15       8.856e-11       8.780e-10       2.315e-09       1.150e-11       
  5.88      0.000e+00       0.000e+00       0.000e+00       0.000e+00       0.000e+00       0.000e+00       4.201e-37       2.250e-15       4.649e-11       4.765e-10       1.320e-09       6.414e-12       
  5.98      0.000e+00       0.000e+00       0.000e+00       0.000e+00       0.000e+00       0.000e+00       4.279e-38       9.992e-16       2.423e-11       2.564e-10       7.463e-10       3.561e-12       
  6.08      0.000e+00       0.000e+00       0.000e+00       0.000e+00       0.000e+00       0.000e+00       4.269e-39       4.414e-16       1.254e-11       1.368e-10       4.187e-10       1.968e-12       
  6.18      0.000e+00       0.000e+00       0.000e+00       0.000e+00       0.000e+00       0.000e+00       4.172e-40       1.940e-16       6.442e-12       7.242e-11       2.330e-10       1.082e-12       
  6.28      0.000e+00       0.000e+00       0.000e+00       0.000e+00       0.000e+00       0.000e+00       3.995e-41       8.481e-17       3.287e-12       3.801e-11       1.287e-10       5.925e-13       
  6.38      0.000e+00       0.000e+00       0.000e+00       0.000e+00       0.000e+00       0.000e+00       3.749e-42       3.689e-17       1.665e-12       1.979e-11       7.050e-11       3.229e-13       
  6.48      0.000e+00       0.000e+00       0.000e+00       0.000e+00       0.000e+00       0.000e+00       3.449e-43       1.596e-17       8.380e-13       1.022e-11       3.832e-11       1.751e-13       
  6.58      0.000e+00       0.000e+00       0.000e+00       0.000e+00       0.000e+00       0.000e+00       3.109e-44       6.873e-18       4.187e-13       5.231e-12       2.067e-11       9.456e-14       
  6.68      0.000e+00       0.000e+00       0.000e+00       0.000e+00       0.000e+00       0.000e+00       2.748e-45       2.944e-18       2.078e-13       2.657e-12       1.106e-11       5.083e-14       
  6.78      0.000e+00       0.000e+00       0.000e+00       0.000e+00       0.000e+00       0.000e+00       2.381e-46       1.255e-18       1.024e-13       1.338e-12       5.871e-12       2.720e-14       
  6.88      0.000e+00       0.000e+00       0.000e+00       0.000e+00       0.000e+00       0.000e+00       2.024e-47       5.324e-19       5.013e-14       6.688e-13       3.093e-12       1.449e-14       
  6.98      0.000e+00       0.000e+00       0.000e+00       0.000e+00       0.000e+00       0.000e+00       1.687e-48       2.247e-19       2.437e-14       3.315e-13       1.617e-12       7.687e-15       
  7.08      0.000e+00       0.000e+00       0.000e+00       0.000e+00       0.000e+00       0.000e+00       1.379e-49       9.440e-20       1.177e-14       1.630e-13       8.386e-13       4.059e-15       
  7.18      0.000e+00       0.000e+00       0.000e+00       0.000e+00       0.000e+00       0.000e+00       1.106e-50       3.947e-20       5.647e-15       7.948e-14       4.316e-13       2.134e-15       
  7.28      0.000e+00       0.000e+00       0.000e+00       0.000e+00       0.000e+00       0.000e+00       8.704e-52       1.642e-20       2.691e-15       3.845e-14       2.204e-13       1.118e-15       
  7.38      0.000e+00       0.000e+00       0.000e+00       0.000e+00       0.000e+00       0.000e+00       6.721e-53       6.801e-21       1.274e-15       1.845e-14       1.117e-13       5.826e-16       
  7.48      0.000e+00       0.000e+00       0.000e+00       0.000e+00       0.000e+00       0.000e+00       5.093e-54       2.804e-21       5.989e-16       8.786e-15       5.618e-14       3.024e-16       
  7.58      0.000e+00       0.000e+00       0.000e+00       0.000e+00       0.000e+00       0.000e+00       3.788e-55       1.150e-21       2.798e-16       4.150e-15       2.804e-14       1.563e-16       
  7.68      0.000e+00       0.000e+00       0.000e+00       0.000e+00       0.000e+00       0.000e+00       2.765e-56       4.698e-22       1.298e-16       1.944e-15       1.389e-14       8.047e-17       
  7.78      0.000e+00       0.000e+00       0.000e+00       0.000e+00       0.000e+00       0.000e+00       1.982e-57       1.910e-22       5.987e-17       9.039e-16       6.825e-15       4.125e-17       
  7.88      0.000e+00       0.000e+00       0.000e+00       0.000e+00       0.000e+00       0.000e+00       1.394e-58       7.731e-23       2.742e-17       4.169e-16       3.329e-15       2.106e-17       
  8.00      0.000e+00       0.000e+00       0.000e+00       0.000e+00       0.000e+00       0.000e+00       5.633e-60       2.596e-23       1.066e-17       1.630e-16       1.393e-15       9.347e-18       