* De conditionele overschrijdingskans van de zeewaterstand met statistische onzekerheid gegeven de windrichting
* voor een 12-uursperiode te Den Helder, gelegen op locatie: 
* 111850, 553230
* 
* Deze statistiek is afgeleid met dezelfde methode als gebruikt in 3280.20.03.
* De door Deltares op 10 november 2016 aangeleverde statistiek is gebruikt als bron.
*
* Het waterstandsbereik waarvoor de overschrijdingskansen zijn gegeven is het hoogwater 2017 tot 8.00 m + NAP
* met een stapgrootte van 0.1 m. De laatste stapgrootte kan afwijken om op 8.00 m uit te komen. Hierbij wordt
* een stapgrootte van minimaal 6 en maximaal 15 cm gekozen.
* 
* Door: G.W.F. Rongen van HKV lijn in water
* Project: PR3510.10
*
* m (m+NAP) 30              60              90              120             150             180             210             240             270             300             330             360
  0.65      1.000e+00       1.000e+00       1.000e+00       1.000e+00       1.000e+00       1.000e+00       1.000e+00       1.000e+00       1.000e+00       1.000e+00       1.000e+00       1.000e+00       
  0.75      1.000e+00       1.000e+00       1.000e+00       1.000e+00       1.000e+00       1.000e+00       5.853e-01       5.155e-01       5.602e-01       5.039e-01       3.864e-01       2.737e-01       
  0.85      1.000e+00       1.000e+00       1.000e+00       1.000e+00       1.000e+00       1.000e+00       3.480e-01       2.701e-01       3.189e-01       2.581e-01       1.513e-01       7.499e-02       
  0.95      1.000e+00       1.000e+00       1.000e+00       1.000e+00       1.000e+00       1.000e+00       1.998e-01       1.456e-01       1.895e-01       1.405e-01       6.472e-02       2.279e-02       
  1.05      1.000e+00       1.000e+00       1.000e+00       1.000e+00       1.000e+00       1.000e+00       8.808e-02       9.507e-02       1.496e-01       1.153e-01       5.254e-02       1.590e-02       
  1.15      1.000e+00       1.000e+00       1.000e+00       1.000e+00       1.000e+00       1.000e+00       3.587e-02       6.277e-02       1.208e-01       9.853e-02       4.578e-02       1.228e-02       
  1.25      1.000e+00       1.000e+00       1.000e+00       1.000e+00       1.000e+00       1.000e+00       1.399e-02       4.085e-02       9.628e-02       8.321e-02       3.948e-02       9.384e-03       
  1.35      9.847e-01       9.630e-01       9.373e-01       9.669e-01       9.640e-01       8.968e-01       5.229e-03       2.623e-02       7.585e-02       6.949e-02       3.370e-02       7.094e-03       
  1.45      1.911e-01       1.300e-01       9.827e-02       1.363e-01       1.312e-01       7.320e-02       1.878e-03       1.662e-02       5.905e-02       5.740e-02       2.848e-02       5.309e-03       
  1.55      3.031e-03       1.985e-03       1.480e-03       2.088e-03       2.005e-03       1.093e-03       6.484e-04       1.040e-02       4.544e-02       4.689e-02       2.383e-02       3.934e-03       
  1.65      2.865e-05       1.877e-05       1.399e-05       1.974e-05       1.895e-05       1.033e-05       2.156e-04       6.430e-03       3.458e-02       3.790e-02       1.974e-02       2.887e-03       
  1.75      1.704e-07       1.116e-07       8.318e-08       1.174e-07       1.127e-07       6.142e-08       6.906e-05       3.930e-03       2.602e-02       3.031e-02       1.620e-02       2.100e-03       
  1.85      6.276e-10       4.111e-10       3.064e-10       4.324e-10       4.152e-10       2.262e-10       2.135e-05       2.375e-03       1.937e-02       2.399e-02       1.316e-02       1.514e-03       
  1.95      1.411e-12       9.242e-13       6.888e-13       9.721e-13       9.334e-13       5.086e-13       6.373e-06       1.420e-03       1.427e-02       1.879e-02       1.060e-02       1.082e-03       
  2.05      1.908e-15       1.250e-15       9.315e-16       1.315e-15       1.262e-15       6.878e-16       1.838e-06       8.403e-04       1.040e-02       1.457e-02       8.447e-03       7.667e-04       
  2.15      1.530e-18       1.002e-18       7.470e-19       1.054e-18       1.012e-18       5.516e-19       5.129e-07       4.922e-04       7.508e-03       1.118e-02       6.672e-03       5.389e-04       
  2.25      7.177e-22       4.701e-22       3.503e-22       4.944e-22       4.747e-22       2.587e-22       1.385e-07       2.855e-04       5.364e-03       8.491e-03       5.221e-03       3.758e-04       
  2.35      1.942e-25       1.272e-25       9.480e-26       1.338e-25       1.285e-25       7.000e-26       3.624e-08       1.640e-04       3.795e-03       6.387e-03       4.048e-03       2.600e-04       
  2.45      2.992e-29       1.960e-29       1.461e-29       2.061e-29       1.979e-29       1.079e-29       9.186e-09       9.337e-05       2.658e-03       4.757e-03       3.110e-03       1.786e-04       
  2.55      2.591e-33       1.697e-33       1.265e-33       1.785e-33       1.714e-33       9.340e-34       2.258e-09       5.266e-05       1.844e-03       3.508e-03       2.368e-03       1.217e-04       
  2.65      1.245e-37       8.155e-38       6.078e-38       8.578e-38       8.236e-38       4.488e-38       5.387e-10       2.944e-05       1.268e-03       2.562e-03       1.786e-03       8.233e-05       
  2.75      3.281e-42       2.149e-42       1.602e-42       2.261e-42       2.171e-42       1.183e-42       1.233e-10       1.620e-05       8.585e-04       1.844e-03       1.330e-03       5.499e-05       
  2.85      1.002e-46       6.563e-47       4.892e-47       6.903e-47       6.629e-47       3.612e-47       2.862e-11       8.929e-06       5.794e-04       1.321e-03       9.849e-04       3.671e-05       
  2.95      5.911e-51       3.872e-51       2.886e-51       4.073e-51       3.910e-51       2.131e-51       6.571e-12       4.899e-06       3.883e-04       9.388e-04       7.241e-04       2.438e-05       
  3.05      3.091e-55       2.025e-55       1.509e-55       2.130e-55       2.045e-55       1.114e-55       1.484e-12       2.671e-06       2.581e-04       6.614e-04       5.279e-04       1.609e-05       
  3.15      1.440e-59       9.432e-60       7.029e-60       9.921e-60       9.526e-60       5.191e-60       3.300e-13       1.448e-06       1.702e-04       4.619e-04       3.818e-04       1.056e-05       
  3.25      6.031e-64       3.950e-64       2.944e-64       4.155e-64       3.989e-64       2.174e-64       7.227e-14       7.798e-07       1.113e-04       3.197e-04       2.738e-04       6.892e-06       
  3.35      2.288e-68       1.499e-68       1.117e-68       1.577e-68       1.514e-68       8.248e-69       1.556e-14       4.160e-07       7.202e-05       2.187e-04       1.942e-04       4.457e-06       
  3.45      7.919e-73       5.187e-73       3.866e-73       5.456e-73       5.239e-73       2.855e-73       3.343e-15       2.215e-07       4.634e-05       1.487e-04       1.368e-04       2.873e-06       
  3.55      2.511e-77       1.645e-77       1.226e-77       1.730e-77       1.661e-77       9.051e-78       7.369e-16       1.184e-07       2.977e-05       1.007e-04       9.607e-05       1.853e-06       
  3.65      7.347e-82       4.812e-82       3.586e-82       5.061e-82       4.860e-82       2.648e-82       1.639e-16       6.325e-08       1.903e-05       6.780e-05       6.705e-05       1.191e-06       
  3.75      2.105e-86       1.378e-86       1.027e-86       1.450e-86       1.392e-86       7.586e-87       3.645e-17       3.369e-08       1.210e-05       4.533e-05       4.647e-05       7.629e-07       
  3.85      1.026e-90       6.723e-91       5.011e-91       7.072e-91       6.790e-91       3.700e-91       8.099e-18       1.789e-08       7.639e-06       3.008e-05       3.197e-05       4.863e-07       
  3.95      8.487e-95       5.559e-95       4.143e-95       5.847e-95       5.614e-95       3.059e-95       1.798e-18       9.471e-09       4.798e-06       1.983e-05       2.185e-05       3.089e-07       
  4.05      7.111e-99       4.657e-99       3.471e-99       4.899e-99       4.704e-99       2.563e-99       4.007e-19       5.024e-09       3.007e-06       1.302e-05       1.488e-05       1.961e-07       
  4.15      5.892e-103      3.859e-103      2.876e-103      4.059e-103      3.898e-103      2.124e-103      9.060e-20       2.678e-09       1.885e-06       8.539e-06       1.011e-05       1.247e-07       
  4.25      5.558e-107      3.641e-107      2.713e-107      3.829e-107      3.677e-107      2.004e-107      2.099e-20       1.434e-09       1.180e-06       5.583e-06       6.849e-06       7.928e-08       
  4.35      3.266e-111      2.139e-111      1.594e-111      2.250e-111      2.161e-111      1.177e-111      4.968e-21       7.688e-10       7.370e-07       3.637e-06       4.620e-06       5.036e-08       
  4.45      2.167e-115      1.420e-115      1.058e-115      1.493e-115      1.434e-115      7.813e-116      1.190e-21       4.126e-10       4.592e-07       2.361e-06       3.105e-06       3.196e-08       
  4.55      8.244e-120      5.400e-120      4.024e-120      5.680e-120      5.453e-120      2.972e-120      2.872e-22       2.218e-10       2.858e-07       1.529e-06       2.081e-06       2.028e-08       
  4.65      4.109e-124      2.691e-124      2.006e-124      2.831e-124      2.718e-124      1.481e-124      6.979e-23       1.197e-10       1.780e-07       9.891e-07       1.394e-06       1.289e-08       
  4.75      2.238e-128      1.466e-128      1.093e-128      1.542e-128      1.481e-128      8.069e-129      1.711e-23       6.497e-11       1.110e-07       6.403e-07       9.330e-07       8.217e-09       
  4.85      3.069e-133      2.010e-133      1.498e-133      2.114e-133      2.030e-133      1.106e-133      4.250e-24       3.548e-11       6.938e-08       4.146e-07       6.246e-07       5.252e-09       
  4.95      1.527e-137      1.000e-137      7.454e-138      1.052e-137      1.010e-137      5.504e-138      1.076e-24       1.949e-11       4.341e-08       2.685e-07       4.179e-07       3.363e-09       
  5.05      1.098e-141      7.194e-142      5.362e-142      7.567e-142      7.266e-142      3.959e-142      2.788e-25       1.074e-11       2.718e-08       1.737e-07       2.792e-07       2.157e-09       
  5.15      1.360e-145      8.910e-146      6.641e-146      9.372e-146      8.999e-146      4.903e-146      7.373e-26       5.942e-12       1.701e-08       1.123e-07       1.863e-07       1.384e-09       
  5.25      4.621e-150      3.027e-150      2.256e-150      3.184e-150      3.057e-150      1.666e-150      1.982e-26       3.294e-12       1.065e-08       7.246e-08       1.242e-07       8.885e-10       
  5.35      1.270e-154      8.319e-155      6.200e-155      8.750e-155      8.401e-155      4.578e-155      5.392e-27       1.829e-12       6.660e-09       4.671e-08       8.260e-08       5.707e-10       
  5.45      1.778e-158      1.164e-158      8.678e-159      1.225e-158      1.176e-158      6.408e-159      1.479e-27       1.018e-12       4.165e-09       3.007e-08       5.487e-08       3.667e-10       
  5.55      3.099e-163      2.030e-163      1.513e-163      2.135e-163      2.050e-163      1.117e-163      4.087e-28       5.676e-13       2.604e-09       1.934e-08       3.640e-08       2.357e-10       
  5.65      4.759e-168      3.117e-168      2.323e-168      3.278e-168      3.148e-168      1.715e-168      1.136e-28       3.170e-13       1.628e-09       1.243e-08       2.412e-08       1.516e-10       
  5.75      4.356e-172      2.853e-172      2.126e-172      3.001e-172      2.881e-172      1.570e-172      3.179e-29       1.774e-13       1.017e-09       7.974e-09       1.596e-08       9.754e-11       
  5.85      4.578e-177      2.998e-177      2.235e-177      3.154e-177      3.028e-177      1.650e-177      8.942e-30       9.940e-14       6.354e-10       5.112e-09       1.055e-08       6.278e-11       
  5.95      3.571e-182      2.339e-182      1.743e-182      2.460e-182      2.362e-182      1.287e-182      2.529e-30       5.580e-14       3.969e-10       3.274e-09       6.963e-09       4.043e-11       
  6.05      2.454e-186      1.608e-186      1.198e-186      1.691e-186      1.624e-186      8.847e-187      7.193e-31       3.137e-14       2.478e-10       2.095e-09       4.591e-09       2.604e-11       
  6.15      1.429e-191      9.357e-192      6.974e-192      9.842e-192      9.450e-192      5.150e-192      2.056e-31       1.767e-14       1.547e-10       1.339e-09       3.024e-09       1.678e-11       
  6.25      7.186e-196      4.707e-196      3.508e-196      4.951e-196      4.754e-196      2.590e-196      5.905e-32       9.964e-15       9.658e-11       8.555e-10       1.990e-09       1.082e-11       
  6.35      2.969e-200      1.945e-200      1.449e-200      2.046e-200      1.964e-200      1.070e-200      1.704e-32       5.628e-15       6.028e-11       5.460e-10       1.308e-09       6.980e-12       
  6.45      1.140e-204      7.465e-205      5.563e-205      7.852e-205      7.539e-205      4.108e-205      4.940e-33       3.183e-15       3.762e-11       3.482e-10       8.589e-10       4.504e-12       
  6.55      3.804e-209      2.492e-209      1.857e-209      2.621e-209      2.516e-209      1.371e-209      1.438e-33       1.803e-15       2.347e-11       2.219e-10       5.635e-10       2.907e-12       
  6.65      1.108e-213      7.258e-214      5.409e-214      7.634e-214      7.330e-214      3.994e-214      4.207e-34       1.023e-15       1.464e-11       1.413e-10       3.694e-10       1.877e-12       
  6.75      2.621e-218      1.716e-218      1.279e-218      1.805e-218      1.734e-218      9.446e-219      1.235e-34       5.809e-16       9.134e-12       8.989e-11       2.419e-10       1.213e-12       
  6.85      5.751e-223      3.767e-223      2.807e-223      3.962e-223      3.804e-223      2.073e-223      3.642e-35       3.304e-16       5.697e-12       5.716e-11       1.583e-10       7.838e-13       
  6.95      1.089e-227      7.131e-228      5.315e-228      7.501e-228      7.202e-228      3.924e-228      1.078e-35       1.881e-16       3.553e-12       3.632e-11       1.035e-10       5.067e-13       
  7.05      1.189e-233      7.786e-234      5.803e-234      8.189e-234      7.863e-234      4.285e-234      3.203e-36       1.073e-16       2.216e-12       2.307e-11       6.762e-11       3.277e-13       
  7.15      1.626e-238      1.065e-238      7.940e-239      1.121e-238      1.076e-238      5.863e-239      9.550e-37       6.123e-17       1.382e-12       1.464e-11       4.414e-11       2.120e-13       
  7.25      1.918e-243      1.256e-243      9.361e-244      1.321e-243      1.269e-243      6.912e-244      2.858e-37       3.500e-17       8.616e-13       9.285e-12       2.880e-11       1.372e-13       
  7.35      1.862e-248      1.220e-248      9.090e-249      1.283e-248      1.232e-248      6.712e-249      8.584e-38       2.003e-17       5.372e-13       5.885e-12       1.877e-11       8.886e-14       
  7.45      1.643e-253      1.076e-253      8.023e-254      1.132e-253      1.087e-253      5.924e-254      2.587e-38       1.147e-17       3.350e-13       3.729e-12       1.223e-11       5.756e-14       
  7.55      1.248e-258      8.172e-259      6.090e-259      8.595e-259      8.253e-259      4.497e-259      7.820e-39       6.580e-18       2.088e-13       2.361e-12       7.959e-12       3.730e-14       
  7.65      8.183e-264      5.359e-264      3.994e-264      5.637e-264      5.413e-264      2.949e-264      2.372e-39       3.778e-18       1.302e-13       1.494e-12       5.178e-12       2.418e-14       
  7.75      4.620e-269      3.026e-269      2.255e-269      3.183e-269      3.056e-269      1.665e-269      7.217e-40       2.172e-18       8.116e-14       9.451e-13       3.366e-12       1.568e-14       
  7.85      1.076e-275      7.048e-276      5.253e-276      7.414e-276      7.119e-276      3.879e-276      2.203e-40       1.250e-18       5.059e-14       5.975e-13       2.187e-12       1.017e-14       
  8.00      7.859e-284      5.148e-284      3.836e-284      5.414e-284      5.199e-284      2.833e-284      3.735e-41       5.466e-19       2.490e-14       3.001e-13       1.144e-12       5.317e-15       