* De conditionele overschrijdingskans van de zeewaterstand met statistische onzekerheid gegeven de windrichting
* voor een 12-uursperiode te Den Helder, gelegen op locatie: 
* 111850, 553230
* 
* Het waterstandsbereik waarvoor de overschrijdingskansen zijn gegeven is het hoogwater 1991 tot 8.00 m + NAP
* met een stapgrootte van 0.1 m. De laatste stapgrootte kan afwijken om op 8.00 m uit te komen. Hierbij wordt
* een stapgrootte van mimimaal 6 en maximaal 15 cm gekozen.
* 
* Betreft zichtjaar 1985 (het jaar waarvoor de basispeilen zijn afgeleid); 
* zeespiegelstijging sinds 1985 moet apart in rekening worden gebracht.
*
* Door: G.W.F. Rongen van HKV lijn in water
* Project: PR3280.20.03
*
* m (m+NAP) 30              60              90              120             150             180             210             240             270             300             330             360
  0.58      1.000e+00       1.000e+00       1.000e+00       1.000e+00       1.000e+00       1.000e+00       1.000e+00       1.000e+00       1.000e+00       1.000e+00       1.000e+00       1.000e+00       
  0.68      1.000e+00       1.000e+00       1.000e+00       1.000e+00       1.000e+00       1.000e+00       5.769e-01       5.136e-01       5.580e-01       5.020e-01       3.853e-01       2.732e-01       
  0.78      1.000e+00       1.000e+00       1.000e+00       1.000e+00       1.000e+00       1.000e+00       3.381e-01       2.681e-01       3.164e-01       2.562e-01       1.504e-01       7.468e-02       
  0.88      1.000e+00       1.000e+00       1.000e+00       1.000e+00       1.000e+00       1.000e+00       1.920e-01       1.442e-01       1.875e-01       1.391e-01       6.422e-02       2.266e-02       
  0.98      1.000e+00       1.000e+00       1.000e+00       1.000e+00       1.000e+00       1.000e+00       8.551e-02       9.457e-02       1.486e-01       1.146e-01       5.231e-02       1.587e-02       
  1.08      1.000e+00       1.000e+00       1.000e+00       1.000e+00       1.000e+00       1.000e+00       3.524e-02       6.274e-02       1.205e-01       9.835e-02       4.577e-02       1.231e-02       
  1.18      1.000e+00       1.000e+00       1.000e+00       1.000e+00       1.000e+00       1.000e+00       1.387e-02       4.101e-02       9.650e-02       8.340e-02       3.961e-02       9.435e-03       
  1.28      9.826e-01       9.586e-01       9.341e-01       9.636e-01       9.596e-01       8.907e-01       5.230e-03       2.642e-02       7.631e-02       6.991e-02       3.393e-02       7.153e-03       
  1.38      1.861e-01       1.263e-01       9.548e-02       1.325e-01       1.275e-01       7.100e-02       1.890e-03       1.679e-02       5.961e-02       5.794e-02       2.876e-02       5.367e-03       
  1.48      3.027e-03       1.982e-03       1.477e-03       2.085e-03       2.002e-03       1.091e-03       6.560e-04       1.053e-02       4.601e-02       4.749e-02       2.414e-02       3.986e-03       
  1.58      2.905e-05       1.903e-05       1.418e-05       2.001e-05       1.921e-05       1.047e-05       2.189e-04       6.527e-03       3.511e-02       3.849e-02       2.005e-02       2.931e-03       
  1.68      1.725e-07       1.130e-07       8.420e-08       1.188e-07       1.141e-07       6.217e-08       7.029e-05       3.997e-03       2.649e-02       3.086e-02       1.649e-02       2.135e-03       
  1.78      6.233e-10       4.083e-10       3.043e-10       4.294e-10       4.123e-10       2.247e-10       2.175e-05       2.419e-03       1.976e-02       2.448e-02       1.343e-02       1.541e-03       
  1.88      1.349e-12       8.837e-13       6.586e-13       9.295e-13       8.925e-13       4.863e-13       6.493e-06       1.448e-03       1.459e-02       1.922e-02       1.083e-02       1.103e-03       
  1.98      1.722e-15       1.128e-15       8.407e-16       1.186e-15       1.139e-15       6.207e-16       1.871e-06       8.574e-04       1.065e-02       1.492e-02       8.648e-03       7.822e-04       
  2.08      1.277e-18       8.362e-19       6.232e-19       8.795e-19       8.445e-19       4.602e-19       5.209e-07       5.025e-04       7.697e-03       1.147e-02       6.841e-03       5.502e-04       
  2.18      5.416e-22       3.548e-22       2.644e-22       3.731e-22       3.583e-22       1.952e-22       1.402e-07       2.915e-04       5.505e-03       8.727e-03       5.360e-03       3.838e-04       
  2.28      1.296e-25       8.489e-26       6.327e-26       8.929e-26       8.574e-26       4.672e-26       3.653e-08       1.675e-04       3.897e-03       6.572e-03       4.160e-03       2.656e-04       
  2.38      1.725e-29       1.130e-29       8.420e-30       1.188e-29       1.141e-29       6.217e-30       9.213e-09       9.530e-05       2.732e-03       4.899e-03       3.199e-03       1.824e-04       
  2.48      1.259e-33       8.246e-34       6.146e-34       8.673e-34       8.328e-34       4.538e-34       2.251e-09       5.372e-05       1.896e-03       3.616e-03       2.437e-03       1.243e-04       
  2.58      4.972e-38       3.257e-38       2.427e-38       3.425e-38       3.289e-38       1.792e-38       5.333e-10       3.001e-05       1.304e-03       2.642e-03       1.839e-03       8.405e-05       
  2.68      1.048e-42       6.867e-43       5.118e-43       7.223e-43       6.936e-43       3.779e-43       1.224e-10       1.660e-05       8.868e-04       1.910e-03       1.374e-03       5.638e-05       
  2.78      1.222e-47       8.002e-48       5.964e-48       8.417e-48       8.082e-48       4.404e-48       2.723e-11       9.054e-06       5.950e-04       1.362e-03       1.014e-03       3.739e-05       
  2.88      3.295e-52       2.158e-52       1.609e-52       2.270e-52       2.180e-52       1.188e-52       6.160e-12       4.956e-06       3.983e-04       9.675e-04       7.452e-04       2.479e-05       
  2.98      1.138e-56       7.454e-57       5.556e-57       7.841e-57       7.529e-57       4.102e-57       1.370e-12       2.695e-06       2.645e-04       6.811e-04       5.430e-04       1.634e-05       
  3.08      3.493e-61       2.288e-61       1.705e-61       2.407e-61       2.311e-61       1.259e-61       2.998e-13       1.457e-06       1.742e-04       4.753e-04       3.924e-04       1.071e-05       
  3.18      9.620e-66       6.301e-66       4.696e-66       6.627e-66       6.363e-66       3.467e-66       6.461e-14       7.829e-07       1.138e-04       3.288e-04       2.812e-04       6.980e-06       
  3.28      2.397e-70       1.570e-70       1.170e-70       1.651e-70       1.585e-70       8.639e-71       1.371e-14       4.175e-07       7.367e-05       2.251e-04       1.996e-04       4.515e-06       
  3.38      5.441e-75       3.564e-75       2.656e-75       3.748e-75       3.599e-75       1.961e-75       2.864e-15       2.207e-07       4.720e-05       1.525e-04       1.402e-04       2.897e-06       
  3.48      1.131e-79       7.407e-80       5.521e-80       7.791e-80       7.481e-80       4.076e-80       6.058e-16       1.170e-07       3.017e-05       1.028e-04       9.809e-05       1.859e-06       
  3.58      2.170e-84       1.421e-84       1.059e-84       1.495e-84       1.435e-84       7.821e-85       1.312e-16       6.218e-08       1.922e-05       6.906e-05       6.830e-05       1.191e-06       
  3.68      3.777e-89       2.474e-89       1.844e-89       2.602e-89       2.498e-89       1.361e-89       2.850e-17       3.297e-08       1.218e-05       4.607e-05       4.724e-05       7.609e-07       
  3.78      7.182e-94       4.704e-94       3.506e-94       4.948e-94       4.751e-94       2.589e-94       6.190e-18       1.743e-08       7.676e-06       3.050e-05       3.244e-05       4.839e-07       
  3.88      2.573e-98       1.685e-98       1.256e-98       1.773e-98       1.702e-98       9.274e-99       1.343e-18       9.186e-09       4.805e-06       2.005e-05       2.211e-05       3.064e-07       
  3.98      1.537e-102      1.007e-102      7.504e-103      1.059e-102      1.017e-102      5.541e-103      2.917e-19       4.835e-09       2.995e-06       1.310e-05       1.499e-05       1.935e-07       
  4.08      7.792e-107      5.103e-107      3.804e-107      5.368e-107      5.154e-107      2.809e-107      6.379e-20       2.554e-09       1.865e-06       8.542e-06       1.013e-05       1.223e-07       
  4.18      4.249e-111      2.783e-111      2.074e-111      2.927e-111      2.811e-111      1.532e-111      1.423e-20       1.356e-09       1.161e-06       5.559e-06       6.834e-06       7.735e-08       
  4.28      1.709e-115      1.120e-115      8.344e-116      1.178e-115      1.131e-115      6.161e-116      3.256e-21       7.223e-10       7.217e-07       3.606e-06       4.592e-06       4.893e-08       
  4.38      6.550e-120      4.290e-120      3.197e-120      4.512e-120      4.333e-120      2.361e-120      7.589e-22       3.852e-10       4.475e-07       2.330e-06       3.073e-06       3.091e-08       
  4.48      3.246e-124      2.126e-124      1.585e-124      2.237e-124      2.148e-124      1.170e-124      1.787e-22       2.056e-10       2.769e-07       1.500e-06       2.050e-06       1.951e-08       
  4.58      6.230e-129      4.081e-129      3.041e-129      4.292e-129      4.121e-129      2.246e-129      4.236e-23       1.101e-10       1.712e-07       9.647e-07       1.364e-06       1.233e-08       
  4.68      1.686e-133      1.105e-133      8.232e-134      1.162e-133      1.116e-133      6.079e-134      1.012e-23       5.918e-11       1.060e-07       6.201e-07       9.076e-07       7.805e-09       
  4.78      5.520e-138      3.616e-138      2.695e-138      3.803e-138      3.652e-138      1.990e-138      2.442e-24       3.203e-11       6.579e-08       3.989e-07       6.038e-07       4.957e-09       
  4.88      3.185e-143      2.086e-143      1.555e-143      2.194e-143      2.107e-143      1.148e-143      5.987e-25       1.744e-11       4.090e-08       2.567e-07       4.017e-07       3.156e-09       
  4.98      9.427e-148      6.175e-148      4.602e-148      6.495e-148      6.236e-148      3.398e-148      1.499e-25       9.542e-12       2.545e-08       1.651e-07       2.670e-07       2.013e-09       
  5.08      3.308e-152      2.167e-152      1.615e-152      2.279e-152      2.188e-152      1.192e-152      3.841e-26       5.241e-12       1.584e-08       1.061e-07       1.772e-07       1.285e-09       
  5.18      2.383e-156      1.561e-156      1.163e-156      1.642e-156      1.576e-156      8.589e-157      1.004e-26       2.886e-12       9.855e-09       6.810e-08       1.174e-07       8.210e-10       
  5.28      3.927e-161      2.572e-161      1.917e-161      2.706e-161      2.598e-161      1.416e-161      2.665e-27       1.593e-12       6.131e-09       4.366e-08       7.773e-08       5.248e-10       
  5.38      5.166e-166      3.384e-166      2.522e-166      3.559e-166      3.417e-166      1.862e-166      7.149e-28       8.809e-13       3.813e-09       2.796e-08       5.137e-08       3.356e-10       
  5.48      4.126e-170      2.703e-170      2.014e-170      2.843e-170      2.730e-170      1.487e-170      1.933e-28       4.881e-13       2.370e-09       1.788e-08       3.390e-08       2.147e-10       
  5.58      3.415e-175      2.237e-175      1.667e-175      2.353e-175      2.259e-175      1.231e-175      5.264e-29       2.710e-13       1.473e-09       1.142e-08       2.234e-08       1.374e-10       
  5.68      2.402e-180      1.573e-180      1.173e-180      1.655e-180      1.589e-180      8.659e-181      1.442e-29       1.507e-13       9.155e-10       7.289e-09       1.471e-08       8.800e-11       
  5.78      1.313e-184      8.600e-185      6.410e-185      9.046e-185      8.686e-185      4.733e-185      3.976e-30       8.395e-14       5.688e-10       4.647e-09       9.667e-09       5.638e-11       
  5.88      5.765e-190      3.776e-190      2.814e-190      3.972e-190      3.814e-190      2.078e-190      1.102e-30       4.685e-14       3.533e-10       2.959e-09       6.348e-09       3.613e-11       
  5.98      2.163e-195      1.417e-195      1.056e-195      1.490e-195      1.431e-195      7.797e-196      3.073e-31       2.619e-14       2.194e-10       1.883e-09       4.163e-09       2.317e-11       
  6.08      7.346e-200      4.812e-200      3.586e-200      5.061e-200      4.859e-200      2.648e-200      8.613e-32       1.466e-14       1.362e-10       1.197e-09       2.728e-09       1.486e-11       
  6.18      2.298e-204      1.505e-204      1.122e-204      1.583e-204      1.520e-204      8.284e-205      2.426e-32       8.222e-15       8.456e-11       7.603e-10       1.785e-09       9.538e-12       
  6.28      6.212e-209      4.069e-209      3.033e-209      4.280e-209      4.109e-209      2.239e-209      6.869e-33       4.618e-15       5.249e-11       4.825e-10       1.167e-09       6.124e-12       
  6.38      1.364e-213      8.933e-214      6.657e-214      9.396e-214      9.021e-214      4.916e-214      1.954e-33       2.597e-15       3.257e-11       3.060e-10       7.623e-10       3.933e-12       
  6.48      2.050e-219      1.343e-219      1.001e-219      1.412e-219      1.356e-219      7.389e-220      5.584e-34       1.463e-15       2.021e-11       1.939e-10       4.974e-10       2.527e-12       
  6.58      3.235e-224      2.119e-224      1.579e-224      2.229e-224      2.140e-224      1.166e-224      1.603e-34       8.253e-16       1.254e-11       1.228e-10       3.243e-10       1.625e-12       
  6.68      4.655e-229      3.049e-229      2.273e-229      3.207e-229      3.080e-229      1.678e-229      4.621e-35       4.662e-16       7.781e-12       7.768e-11       2.112e-10       1.045e-12       
  6.78      5.742e-234      3.761e-234      2.803e-234      3.956e-234      3.798e-234      2.070e-234      1.338e-35       2.637e-16       4.827e-12       4.911e-11       1.375e-10       6.722e-13       
  6.88      6.086e-239      3.986e-239      2.971e-239      4.193e-239      4.026e-239      2.194e-239      3.889e-36       1.493e-16       2.994e-12       3.103e-11       8.940e-11       4.326e-13       
  6.98      5.285e-244      3.462e-244      2.580e-244      3.641e-244      3.496e-244      1.905e-244      1.135e-36       8.469e-17       1.857e-12       1.960e-11       5.809e-11       2.786e-13       
  7.08      4.142e-249      2.713e-249      2.022e-249      2.854e-249      2.740e-249      1.493e-249      3.325e-37       4.809e-17       1.152e-12       1.237e-11       3.771e-11       1.794e-13       
  7.18      2.775e-254      1.818e-254      1.355e-254      1.912e-254      1.836e-254      1.000e-254      9.778e-38       2.734e-17       7.144e-13       7.799e-12       2.447e-11       1.156e-13       
  7.28      1.596e-259      1.045e-259      7.792e-260      1.100e-259      1.056e-259      5.754e-260      2.885e-38       1.556e-17       4.431e-13       4.916e-12       1.586e-11       7.453e-14       
  7.38      3.782e-266      2.477e-266      1.846e-266      2.606e-266      2.502e-266      1.363e-266      8.545e-39       8.868e-18       2.748e-13       3.097e-12       1.028e-11       4.807e-14       
  7.48      1.524e-271      9.984e-272      7.441e-272      1.050e-271      1.008e-271      5.494e-272      2.539e-39       5.060e-18       1.704e-13       1.950e-12       6.654e-12       3.101e-14       
  7.58      5.055e-277      3.311e-277      2.468e-277      3.483e-277      3.344e-277      1.822e-277      7.572e-40       2.890e-18       1.057e-13       1.227e-12       4.305e-12       2.001e-14       
  7.68      1.491e-282      9.763e-283      7.277e-283      1.027e-282      9.860e-283      5.373e-283      2.265e-40       1.653e-18       6.551e-14       7.719e-13       2.783e-12       1.292e-14       
  7.78      3.744e-288      2.452e-288      1.827e-288      2.579e-288      2.476e-288      1.349e-288      6.797e-41       9.463e-19       4.062e-14       4.852e-13       1.799e-12       8.345e-15       
  7.88      8.026e-294      5.257e-294      3.918e-294      5.529e-294      5.309e-294      2.893e-294      2.046e-41       5.423e-19       2.519e-14       3.049e-13       1.161e-12       5.392e-15       
  8.00      5.253e-301      3.441e-301      2.565e-301      3.619e-301      3.475e-301      1.894e-301      4.864e-42       2.784e-19       1.419e-14       1.745e-13       6.867e-13       3.194e-15       