* De conditionele overschrijdingskans van de zeewaterstand met statistische onzekerheid gegeven de windrichting
* voor een 12-uursperiode te Vlissingen - Additional, gelegen op locatie: 
* 35480, 393880
* 
* Het waterstandsbereik waarvoor de overschrijdingskansen zijn gegeven is het hoogwater 1991 tot 8.00 m + NAP
* met een stapgrootte van 0.1 m. De laatste stapgrootte kan afwijken om op 8.00 m uit te komen. Hierbij wordt
* een stapgrootte van mimimaal 6 en maximaal 15 cm gekozen.
* 
* Betreft zichtjaar 1985 (het jaar waarvoor de basispeilen zijn afgeleid); 
* zeespiegelstijging sinds 1985 moet apart in rekening worden gebracht.
*
* Door: G.W.F. Rongen van HKV lijn in water
* Project: PR3280.20.03
*
* m (m+NAP) 30              60              90              120             150             180             210             240             270             300             330             360
  2.05      1.000e+00       1.000e+00       1.000e+00       1.000e+00       1.000e+00       1.000e+00       1.000e+00       1.000e+00       1.000e+00       1.000e+00       1.000e+00       1.000e+00       
  2.15      1.000e+00       1.000e+00       1.000e+00       1.000e+00       1.000e+00       1.000e+00       5.390e-01       6.421e-01       7.029e-01       6.497e-01       5.838e-01       5.709e-01       
  2.25      1.000e+00       1.000e+00       1.000e+00       1.000e+00       1.000e+00       1.000e+00       2.960e-01       4.188e-01       5.007e-01       4.286e-01       3.469e-01       3.318e-01       
  2.35      1.000e+00       1.000e+00       1.000e+00       1.000e+00       1.000e+00       9.996e-01       1.592e-01       2.691e-01       3.534e-01       2.857e-01       2.109e-01       1.931e-01       
  2.45      9.902e-01       9.226e-01       8.068e-01       9.364e-01       9.252e-01       6.461e-01       7.226e-02       1.544e-01       2.334e-01       2.048e-01       1.512e-01       1.134e-01       
  2.55      4.206e-01       2.761e-01       2.057e-01       2.904e-01       2.788e-01       1.519e-01       3.180e-02       8.659e-02       1.523e-01       1.473e-01       1.099e-01       6.638e-02       
  2.65      9.171e-02       6.007e-02       4.477e-02       6.318e-02       6.066e-02       3.306e-02       1.383e-02       4.807e-02       9.895e-02       1.055e-01       7.955e-02       3.869e-02       
  2.75      1.903e-02       1.247e-02       9.290e-03       1.311e-02       1.259e-02       6.860e-03       5.953e-03       2.642e-02       6.401e-02       7.518e-02       5.732e-02       2.246e-02       
  2.85      3.768e-03       2.468e-03       1.839e-03       2.596e-03       2.493e-03       1.358e-03       2.534e-03       1.438e-02       4.122e-02       5.336e-02       4.114e-02       1.299e-02       
  2.95      7.122e-04       4.665e-04       3.476e-04       4.906e-04       4.711e-04       2.567e-04       1.067e-03       7.749e-03       2.644e-02       3.772e-02       2.940e-02       7.481e-03       
  3.05      1.285e-04       8.416e-05       6.272e-05       8.852e-05       8.499e-05       4.631e-05       4.449e-04       4.137e-03       1.689e-02       2.655e-02       2.093e-02       4.293e-03       
  3.15      2.214e-05       1.450e-05       1.081e-05       1.525e-05       1.464e-05       7.980e-06       1.836e-04       2.188e-03       1.075e-02       1.861e-02       1.484e-02       2.455e-03       
  3.25      3.644e-06       2.387e-06       1.779e-06       2.510e-06       2.410e-06       1.313e-06       7.503e-05       1.147e-03       6.810e-03       1.299e-02       1.048e-02       1.399e-03       
  3.35      5.731e-07       3.754e-07       2.797e-07       3.948e-07       3.791e-07       2.066e-07       3.036e-05       5.956e-04       4.299e-03       9.038e-03       7.375e-03       7.940e-04       
  3.45      8.614e-08       5.642e-08       4.205e-08       5.935e-08       5.698e-08       3.105e-08       1.217e-05       3.066e-04       2.704e-03       6.262e-03       5.170e-03       4.493e-04       
  3.55      1.238e-08       8.108e-09       6.042e-09       8.529e-09       8.188e-09       4.462e-09       4.834e-06       1.565e-04       1.695e-03       4.323e-03       3.612e-03       2.534e-04       
  3.65      1.701e-09       1.114e-09       8.303e-10       1.172e-09       1.125e-09       6.132e-10       1.902e-06       7.919e-05       1.058e-03       2.973e-03       2.514e-03       1.424e-04       
  3.75      2.234e-10       1.464e-10       1.091e-10       1.539e-10       1.478e-10       8.054e-11       7.414e-07       3.971e-05       6.584e-04       2.037e-03       1.743e-03       7.978e-05       
  3.85      2.806e-11       1.838e-11       1.370e-11       1.933e-11       1.856e-11       1.011e-11       2.834e-07       1.955e-05       4.048e-04       1.381e-03       1.196e-03       4.414e-05       
  3.95      3.737e-12       2.448e-12       1.824e-12       2.575e-12       2.472e-12       1.347e-12       1.107e-07       9.736e-06       2.510e-04       9.408e-04       8.252e-04       2.472e-05       
  4.05      4.931e-13       3.230e-13       2.407e-13       3.397e-13       3.262e-13       1.777e-13       4.316e-08       4.829e-06       1.554e-04       6.397e-04       5.680e-04       1.384e-05       
  4.15      6.441e-14       4.219e-14       3.144e-14       4.437e-14       4.260e-14       2.322e-14       1.680e-08       2.386e-06       9.608e-05       4.340e-04       3.901e-04       7.746e-06       
  4.25      8.336e-15       5.460e-15       4.069e-15       5.743e-15       5.514e-15       3.004e-15       6.528e-09       1.173e-06       5.927e-05       2.936e-04       2.672e-04       4.330e-06       
  4.35      1.068e-15       6.996e-16       5.213e-16       7.358e-16       7.065e-16       3.850e-16       2.522e-09       5.725e-07       3.636e-05       1.975e-04       1.819e-04       2.409e-06       
  4.45      1.371e-16       8.982e-17       6.694e-17       9.448e-17       9.071e-17       4.943e-17       9.786e-10       2.794e-07       2.232e-05       1.327e-04       1.238e-04       1.344e-06       
  4.55      1.853e-17       1.214e-17       9.047e-18       1.277e-17       1.226e-17       6.681e-18       3.872e-10       1.378e-07       1.380e-05       8.958e-05       8.456e-05       7.568e-07       
  4.65      2.624e-18       1.718e-18       1.281e-18       1.808e-18       1.735e-18       9.457e-19       1.548e-10       6.823e-08       8.546e-06       6.048e-05       5.778e-05       4.282e-07       
  4.75      3.774e-19       2.472e-19       1.842e-19       2.600e-19       2.496e-19       1.360e-19       6.219e-11       3.380e-08       5.294e-06       4.078e-05       3.943e-05       2.427e-07       
  4.85      5.484e-20       3.592e-20       2.677e-20       3.778e-20       3.627e-20       1.977e-20       2.508e-11       1.675e-08       3.278e-06       2.746e-05       2.686e-05       1.377e-07       
  4.95      8.045e-21       5.269e-21       3.927e-21       5.542e-21       5.321e-21       2.900e-21       1.015e-11       8.302e-09       2.031e-06       1.847e-05       1.828e-05       7.825e-08       
  5.05      1.191e-21       7.804e-22       5.816e-22       8.208e-22       7.881e-22       4.295e-22       4.143e-12       4.135e-09       1.262e-06       1.245e-05       1.247e-05       4.472e-08       
  5.15      1.790e-22       1.172e-22       8.736e-23       1.233e-22       1.184e-22       6.451e-23       1.716e-12       2.080e-09       7.899e-07       8.429e-06       8.538e-06       2.578e-08       
  5.25      2.763e-23       1.810e-23       1.349e-23       1.904e-23       1.828e-23       9.959e-24       7.233e-13       1.057e-09       4.972e-07       5.726e-06       5.864e-06       1.499e-08       
  5.35      4.456e-24       2.919e-24       2.175e-24       3.070e-24       2.947e-24       1.606e-24       3.095e-13       5.416e-10       3.142e-07       3.898e-06       4.036e-06       8.775e-09       
  5.45      7.532e-25       4.933e-25       3.676e-25       5.189e-25       4.982e-25       2.715e-25       1.338e-13       2.789e-10       1.991e-07       2.657e-06       2.781e-06       5.159e-09       
  5.55      1.318e-25       8.633e-26       6.433e-26       9.080e-26       8.718e-26       4.751e-26       5.826e-14       1.442e-10       1.265e-07       1.815e-06       1.920e-06       3.046e-09       
  5.65      2.355e-26       1.543e-26       1.150e-26       1.623e-26       1.558e-26       8.489e-27       2.556e-14       7.497e-11       8.076e-08       1.243e-06       1.329e-06       1.808e-09       
  5.75      4.268e-27       2.796e-27       2.083e-27       2.941e-27       2.823e-27       1.539e-27       1.132e-14       3.923e-11       5.182e-08       8.545e-07       9.234e-07       1.080e-09       
  5.85      7.829e-28       5.128e-28       3.822e-28       5.394e-28       5.179e-28       2.822e-28       5.064e-15       2.070e-11       3.345e-08       5.902e-07       6.443e-07       6.506e-10       
  5.95      1.453e-28       9.519e-29       7.093e-29       1.001e-28       9.612e-29       5.238e-29       2.296e-15       1.103e-11       2.173e-08       4.094e-07       4.515e-07       3.950e-10       
  6.05      2.733e-29       1.790e-29       1.334e-29       1.883e-29       1.808e-29       9.850e-30       1.056e-15       5.931e-12       1.419e-08       2.851e-07       3.175e-07       2.417e-10       
  6.15      5.223e-30       3.421e-30       2.550e-30       3.599e-30       3.455e-30       1.883e-30       4.925e-16       3.217e-12       9.314e-09       1.991e-07       2.239e-07       1.488e-10       
  6.25      1.020e-30       6.682e-31       4.980e-31       7.029e-31       6.748e-31       3.677e-31       2.324e-16       1.757e-12       6.135e-09       1.394e-07       1.583e-07       9.209e-11       
  6.35      2.049e-31       1.342e-31       1.000e-31       1.412e-31       1.355e-31       7.386e-32       1.107e-16       9.652e-13       4.053e-09       9.784e-08       1.121e-07       5.725e-11       
  6.45      4.250e-32       2.784e-32       2.075e-32       2.928e-32       2.811e-32       1.532e-32       5.313e-17       5.325e-13       2.686e-09       6.878e-08       7.957e-08       3.572e-11       
  6.55      9.106e-33       5.964e-33       4.445e-33       6.273e-33       6.023e-33       3.282e-33       2.566e-17       2.949e-13       1.784e-09       4.843e-08       5.655e-08       2.237e-11       
  6.65      2.006e-33       1.314e-33       9.792e-34       1.382e-33       1.327e-33       7.231e-34       1.246e-17       1.639e-13       1.188e-09       3.416e-08       4.026e-08       1.405e-11       
  6.75      4.516e-34       2.958e-34       2.204e-34       3.111e-34       2.987e-34       1.628e-34       6.084e-18       9.139e-14       7.928e-10       2.413e-08       2.870e-08       8.855e-12       
  6.85      1.033e-34       6.764e-35       5.041e-35       7.115e-35       6.831e-35       3.722e-35       2.984e-18       5.112e-14       5.303e-10       1.707e-08       2.049e-08       5.596e-12       
  6.95      2.390e-35       1.565e-35       1.167e-35       1.646e-35       1.581e-35       8.614e-36       1.471e-18       2.868e-14       3.555e-10       1.210e-08       1.465e-08       3.547e-12       
  7.05      5.585e-36       3.658e-36       2.726e-36       3.847e-36       3.694e-36       2.013e-36       7.280e-19       1.614e-14       2.388e-10       8.584e-09       1.049e-08       2.254e-12       
  7.15      1.316e-36       8.621e-37       6.424e-37       9.068e-37       8.706e-37       4.744e-37       3.618e-19       9.105e-15       1.607e-10       6.099e-09       7.517e-09       1.437e-12       
  7.25      3.127e-37       2.048e-37       1.526e-37       2.154e-37       2.068e-37       1.127e-37       1.806e-19       5.151e-15       1.084e-10       4.339e-09       5.395e-09       9.178e-13       
  7.35      7.484e-38       4.902e-38       3.653e-38       5.156e-38       4.950e-38       2.698e-38       9.049e-20       2.922e-15       7.321e-11       3.091e-09       3.877e-09       5.878e-13       
  7.45      1.804e-38       1.182e-38       8.807e-39       1.243e-38       1.194e-38       6.504e-39       4.552e-20       1.661e-15       4.955e-11       2.204e-09       2.789e-09       3.774e-13       
  7.55      4.381e-39       2.869e-39       2.138e-39       3.018e-39       2.898e-39       1.579e-39       2.298e-20       9.470e-16       3.359e-11       1.574e-09       2.009e-09       2.428e-13       
  7.65      1.071e-39       7.012e-40       5.226e-40       7.376e-40       7.081e-40       3.859e-40       1.164e-20       5.411e-16       2.281e-11       1.125e-09       1.449e-09       1.566e-13       
  7.75      2.633e-40       1.725e-40       1.285e-40       1.814e-40       1.742e-40       9.492e-41       5.917e-21       3.099e-16       1.552e-11       8.055e-10       1.046e-09       1.012e-13       
  7.85      6.517e-41       4.269e-41       3.181e-41       4.490e-41       4.311e-41       2.349e-41       3.018e-21       1.778e-16       1.057e-11       5.772e-10       7.556e-10       6.557e-14       
  8.00      8.114e-42       5.314e-42       3.960e-42       5.590e-42       5.367e-42       2.925e-42       1.106e-21       7.762e-17       5.964e-12       3.508e-10       4.651e-10       3.431e-14       