* De conditionele overschrijdingskans van de zeewaterstand zonder statistische onzekerheid gegeven de windrichting
* voor een 12-uursperiode te Vlissingen - Additional, gelegen op locatie: 
* 35480, 393880
* 
* Deze statistiek is afgeleid met dezelfde methode als gebruikt in 3280.20.03.
* De door Deltares op 10 november 2016 aangeleverde statistiek is gebruikt als bron.
*
* Het waterstandsbereik waarvoor de overschrijdingskansen zijn gegeven is het hoogwater 2017 tot 8.00 m + NAP
* met een stapgrootte van 0.1 m. De laatste stapgrootte kan afwijken om op 8.00 m uit te komen. Hierbij wordt
* een stapgrootte van minimaal 6 en maximaal 15 cm gekozen.
* 
* Door: G.W.F. Rongen van HKV lijn in water
* Project: PR3510.10
*
* m (m+NAP) 30              60              90              120             150             180             210             240             270             300             330             360
  2.13      1.000e+00       1.000e+00       1.000e+00       1.000e+00       1.000e+00       1.000e+00       1.000e+00       1.000e+00       1.000e+00       1.000e+00       1.000e+00       1.000e+00       
  2.23      1.000e+00       1.000e+00       1.000e+00       1.000e+00       1.000e+00       1.000e+00       5.190e-01       6.264e-01       6.900e-01       6.432e-01       5.797e-01       5.588e-01       
  2.33      1.000e+00       1.000e+00       1.000e+00       1.000e+00       1.000e+00       1.000e+00       2.694e-01       3.924e-01       4.761e-01       4.138e-01       3.360e-01       3.123e-01       
  2.43      1.000e+00       1.000e+00       1.000e+00       1.000e+00       1.000e+00       1.000e+00       1.398e-01       2.458e-01       3.285e-01       2.661e-01       1.948e-01       1.745e-01       
  2.53      1.000e+00       9.042e-01       6.738e-01       9.511e-01       9.131e-01       4.976e-01       6.199e-02       1.389e-01       2.151e-01       1.920e-01       1.420e-01       1.024e-01       
  2.63      3.104e-01       2.033e-01       1.515e-01       2.138e-01       2.053e-01       1.119e-01       2.718e-02       7.763e-02       1.402e-01       1.379e-01       1.031e-01       5.989e-02       
  2.73      6.658e-02       4.361e-02       3.250e-02       4.587e-02       4.404e-02       2.400e-02       1.179e-02       4.296e-02       9.095e-02       9.861e-02       7.450e-02       3.487e-02       
  2.83      1.363e-02       8.929e-03       6.654e-03       9.392e-03       9.017e-03       4.914e-03       5.055e-03       2.354e-02       5.875e-02       7.020e-02       5.362e-02       2.022e-02       
  2.93      2.665e-03       1.746e-03       1.301e-03       1.836e-03       1.763e-03       9.607e-04       2.145e-03       1.278e-02       3.780e-02       4.977e-02       3.844e-02       1.168e-02       
  3.03      4.977e-04       3.260e-04       2.429e-04       3.429e-04       3.292e-04       1.794e-04       9.012e-04       6.869e-03       2.422e-02       3.513e-02       2.744e-02       6.720e-03       
  3.13      8.880e-05       5.816e-05       4.334e-05       6.118e-05       5.874e-05       3.201e-05       3.747e-04       3.659e-03       1.545e-02       2.470e-02       1.951e-02       3.853e-03       
  3.23      1.514e-05       9.917e-06       7.391e-06       1.043e-05       1.002e-05       5.458e-06       1.543e-04       1.931e-03       9.822e-03       1.730e-02       1.382e-02       2.201e-03       
  3.33      2.468e-06       1.616e-06       1.205e-06       1.700e-06       1.632e-06       8.895e-07       6.291e-05       1.010e-03       6.219e-03       1.207e-02       9.755e-03       1.253e-03       
  3.43      3.846e-07       2.519e-07       1.877e-07       2.650e-07       2.544e-07       1.386e-07       2.541e-05       5.236e-04       3.924e-03       8.387e-03       6.859e-03       7.109e-04       
  3.53      5.733e-08       3.755e-08       2.798e-08       3.950e-08       3.792e-08       2.066e-08       1.017e-05       2.691e-04       2.466e-03       5.806e-03       4.805e-03       4.020e-04       
  3.63      8.175e-09       5.355e-09       3.990e-09       5.632e-09       5.407e-09       2.947e-09       4.031e-06       1.371e-04       1.545e-03       4.005e-03       3.354e-03       2.266e-04       
  3.73      1.115e-09       7.306e-10       5.445e-10       7.685e-10       7.378e-10       4.021e-10       1.584e-06       6.928e-05       9.640e-04       2.753e-03       2.333e-03       1.273e-04       
  3.83      1.457e-10       9.542e-11       7.110e-11       1.004e-10       9.636e-11       5.251e-11       6.170e-07       3.472e-05       5.996e-04       1.885e-03       1.618e-03       7.130e-05       
  3.93      1.821e-11       1.193e-11       8.889e-12       1.255e-11       1.205e-11       6.564e-12       2.382e-07       1.725e-05       3.717e-04       1.287e-03       1.118e-03       3.981e-05       
  4.03      2.180e-12       1.428e-12       1.064e-12       1.502e-12       1.442e-12       7.858e-13       9.121e-08       8.506e-06       2.296e-04       8.753e-04       7.697e-04       2.217e-05       
  4.13      2.499e-13       1.637e-13       1.220e-13       1.722e-13       1.653e-13       9.009e-14       3.463e-08       4.160e-06       1.414e-04       5.933e-04       5.283e-04       1.230e-05       
  4.23      2.745e-14       1.798e-14       1.340e-14       1.891e-14       1.816e-14       9.893e-15       1.304e-08       2.019e-06       8.682e-05       4.009e-04       3.615e-04       6.811e-06       
  4.33      2.888e-15       1.892e-15       1.410e-15       1.990e-15       1.910e-15       1.041e-15       4.869e-09       9.722e-07       5.313e-05       2.700e-04       2.466e-04       3.760e-06       
  4.43      2.912e-16       1.907e-16       1.421e-16       2.006e-16       1.926e-16       1.050e-16       1.804e-09       4.646e-07       3.241e-05       1.812e-04       1.676e-04       2.069e-06       
  4.53      2.814e-17       1.843e-17       1.374e-17       1.939e-17       1.861e-17       1.014e-17       6.631e-10       2.203e-07       1.971e-05       1.213e-04       1.136e-04       1.136e-06       
  4.63      2.607e-18       1.707e-18       1.272e-18       1.796e-18       1.724e-18       9.396e-19       2.419e-10       1.037e-07       1.196e-05       8.089e-05       7.679e-05       6.220e-07       
  4.73      2.315e-19       1.517e-19       1.130e-19       1.595e-19       1.532e-19       8.346e-20       8.754e-11       4.846e-08       7.229e-06       5.379e-05       5.174e-05       3.397e-07       
  4.83      1.972e-20       1.292e-20       9.627e-21       1.359e-20       1.305e-20       7.109e-21       3.145e-11       2.248e-08       4.358e-06       3.566e-05       3.476e-05       1.850e-07       
  4.93      1.611e-21       1.055e-21       7.864e-22       1.110e-21       1.066e-21       5.808e-22       1.121e-11       1.035e-08       2.620e-06       2.357e-05       2.328e-05       1.005e-07       
  5.03      1.263e-22       8.270e-23       6.163e-23       8.699e-23       8.352e-23       4.551e-23       3.968e-12       4.734e-09       1.571e-06       1.554e-05       1.555e-05       5.448e-08       
  5.13      9.494e-24       6.218e-24       4.634e-24       6.540e-24       6.280e-24       3.422e-24       1.394e-12       2.150e-09       9.392e-07       1.021e-05       1.036e-05       2.945e-08       
  5.23      6.849e-25       4.486e-25       3.343e-25       4.719e-25       4.531e-25       2.469e-25       4.864e-13       9.694e-10       5.600e-07       6.690e-06       6.881e-06       1.588e-08       
  5.33      4.743e-26       3.106e-26       2.315e-26       3.267e-26       3.137e-26       1.709e-26       1.685e-13       4.341e-10       3.330e-07       4.371e-06       4.558e-06       8.547e-09       
  5.43      3.152e-27       2.065e-27       1.539e-27       2.172e-27       2.085e-27       1.136e-27       5.796e-14       1.931e-10       1.975e-07       2.848e-06       3.011e-06       4.588e-09       
  5.53      2.011e-28       1.317e-28       9.817e-29       1.386e-28       1.330e-28       7.249e-29       1.980e-14       8.529e-11       1.168e-07       1.850e-06       1.984e-06       2.457e-09       
  5.63      1.232e-29       8.070e-30       6.014e-30       8.488e-30       8.149e-30       4.441e-30       6.717e-15       3.743e-11       6.892e-08       1.199e-06       1.303e-06       1.313e-09       
  5.73      7.248e-31       4.747e-31       3.538e-31       4.993e-31       4.794e-31       2.612e-31       2.264e-15       1.632e-11       4.056e-08       7.748e-07       8.541e-07       7.000e-10       
  5.83      4.095e-32       2.682e-32       1.999e-32       2.821e-32       2.708e-32       1.476e-32       7.578e-16       7.067e-12       2.381e-08       4.994e-07       5.583e-07       3.724e-10       
  5.93      2.222e-33       1.455e-33       1.085e-33       1.531e-33       1.470e-33       8.009e-34       2.520e-16       3.041e-12       1.394e-08       3.210e-07       3.640e-07       1.977e-10       
  6.03      1.158e-34       7.587e-35       5.654e-35       7.980e-35       7.662e-35       4.175e-35       8.326e-17       1.300e-12       8.145e-09       2.058e-07       2.367e-07       1.047e-10       
  6.13      5.802e-36       3.800e-36       2.832e-36       3.997e-36       3.838e-36       2.091e-36       2.733e-17       5.522e-13       4.746e-09       1.316e-07       1.536e-07       5.535e-11       
  6.23      2.792e-37       1.829e-37       1.363e-37       1.924e-37       1.847e-37       1.006e-37       8.914e-18       2.331e-13       2.759e-09       8.393e-08       9.937e-08       2.920e-11       
  6.33      1.291e-38       8.459e-39       6.304e-39       8.897e-39       8.542e-39       4.655e-39       2.889e-18       9.779e-14       1.600e-09       5.339e-08       6.414e-08       1.537e-11       
  6.43      5.741e-40       3.760e-40       2.802e-40       3.955e-40       3.797e-40       2.069e-40       9.306e-19       4.077e-14       9.260e-10       3.388e-08       4.130e-08       8.074e-12       
  6.53      2.453e-41       1.607e-41       1.197e-41       1.690e-41       1.623e-41       8.842e-42       2.979e-19       1.689e-14       5.346e-10       2.145e-08       2.653e-08       4.233e-12       
  6.63      1.008e-42       6.601e-43       4.919e-43       6.943e-43       6.666e-43       3.632e-43       9.477e-20       6.956e-15       3.079e-10       1.354e-08       1.700e-08       2.215e-12       
  6.73      3.980e-44       2.607e-44       1.943e-44       2.742e-44       2.633e-44       1.435e-44       2.997e-20       2.847e-15       1.769e-10       8.531e-09       1.087e-08       1.157e-12       
  6.83      1.512e-45       9.901e-46       7.378e-46       1.041e-45       9.998e-46       5.448e-46       9.420e-21       1.159e-15       1.015e-10       5.361e-09       6.934e-09       6.028e-13       
  6.93      5.521e-47       3.616e-47       2.695e-47       3.803e-47       3.652e-47       1.990e-47       2.943e-21       4.686e-16       5.805e-11       3.361e-09       4.413e-09       3.136e-13       
  7.03      1.939e-48       1.270e-48       9.465e-49       1.336e-48       1.283e-48       6.990e-49       9.143e-22       1.884e-16       3.314e-11       2.102e-09       2.802e-09       1.628e-13       
  7.13      6.552e-50       4.292e-50       3.198e-50       4.514e-50       4.334e-50       2.362e-50       2.823e-22       7.532e-17       1.888e-11       1.311e-09       1.775e-09       8.437e-14       
  7.23      2.130e-51       1.395e-51       1.039e-51       1.467e-51       1.409e-51       7.676e-52       8.669e-23       2.993e-17       1.073e-11       8.164e-10       1.122e-09       4.365e-14       
  7.33      6.659e-53       4.362e-53       3.251e-53       4.588e-53       4.405e-53       2.400e-53       2.646e-23       1.183e-17       6.088e-12       5.071e-10       7.075e-10       2.254e-14       
  7.43      2.004e-54       1.312e-54       9.780e-55       1.380e-54       1.325e-54       7.222e-55       8.033e-24       4.647e-18       3.446e-12       3.142e-10       4.452e-10       1.162e-14       
  7.53      5.801e-56       3.800e-56       2.832e-56       3.997e-56       3.837e-56       2.091e-56       2.425e-24       1.815e-18       1.947e-12       1.943e-10       2.795e-10       5.976e-15       
  7.63      1.616e-57       1.059e-57       7.890e-58       1.114e-57       1.069e-57       5.826e-58       7.277e-25       7.052e-19       1.097e-12       1.198e-10       1.751e-10       3.069e-15       
  7.73      4.335e-59       2.839e-59       2.116e-59       2.986e-59       2.867e-59       1.562e-59       2.172e-25       2.724e-19       6.173e-13       7.375e-11       1.095e-10       1.573e-15       
  7.83      1.119e-60       7.329e-61       5.461e-61       7.709e-61       7.401e-61       4.033e-61       6.449e-26       1.046e-19       3.466e-13       4.530e-11       6.830e-11       8.053e-16       
  7.93      2.780e-62       1.821e-62       1.357e-62       1.915e-62       1.839e-62       1.002e-62       1.904e-26       3.998e-20       1.942e-13       2.776e-11       4.252e-11       4.114e-16       
  8.00      2.046e-63       1.340e-63       9.988e-64       1.410e-63       1.354e-63       7.376e-64       8.079e-27       2.032e-20       1.293e-13       1.968e-11       3.048e-11       2.569e-16       