* De conditionele overschrijdingskans van de zeewaterstand gegeven de windrichting
* voor een 12-uursperiode te Vlissingen. Voor Vlissingen is hier sprake van een virtuele locatie, gelegen op:  
* 35480, 393880
*
* De getallen zijn afkomstig uit het spreadsheet Afleiding_zeewaterstandstatistiek.xls,               
* tabblad OvKans_Zeewaterstand.
* Speadsheet gemaakt door Matthijs Duits van HKV lijn in water op 29 april 2013
*
* De parameters voor de Weibullverdelingen (geldig voor een winterhalfjaar), die de basis vormen van 
* onderstaande conditionele overschrijdingskansen, zijn ontleend aan:
* Hydra-K, versie 3.6.5. Bestand: vls.e30
*
* Onderstaand is m de zeewaterstand en r de windrichting
*
*m \ r   30            60            90            120           150           180           210           240           270           300           330           360
2.12     1.000E+00     1.000E+00     1.000E+00     1.000E+00     1.000E+00     1.000E+00     1.000E+00     1.000E+00     1.000E+00     1.000E+00     1.000E+00     1.000E+00
2.22     1.000E+00     1.000E+00     1.000E+00     1.000E+00     1.000E+00     1.000E+00     6.026E-01     6.880E-01     7.087E-01     6.510E-01     5.344E-01     5.041E-01
2.32     1.000E+00     1.000E+00     1.000E+00     1.000E+00     1.000E+00     1.000E+00     3.631E-01     4.733E-01     5.023E-01     4.239E-01     2.856E-01     2.541E-01
2.42     1.000E+00     1.000E+00     1.000E+00     1.000E+00     1.000E+00     1.000E+00     2.188E-01     3.256E-01     3.560E-01     2.760E-01     1.526E-01     1.281E-01
2.52     1.000E+00     9.801E-01     1.000E+00     1.000E+00     1.000E+00     8.047E-01     9.721E-02     1.842E-01     2.332E-01     1.992E-01     1.113E-01     7.525E-02
2.62     2.761E-01     2.220E-01     2.408E-01     3.189E-01     2.559E-01     1.822E-01     4.270E-02     1.031E-01     1.521E-01     1.432E-01     8.085E-02     4.402E-02
2.72     5.967E-02     4.798E-02     5.205E-02     6.893E-02     5.530E-02     3.939E-02     1.855E-02     5.716E-02     9.871E-02     1.024E-01     5.846E-02     2.565E-02
2.82     1.231E-02     9.901E-03     1.074E-02     1.422E-02     1.141E-02     8.129E-03     7.975E-03     3.137E-02     6.381E-02     7.295E-02     4.210E-02     1.488E-02
2.92     2.427E-03     1.951E-03     2.117E-03     2.804E-03     2.249E-03     1.602E-03     3.392E-03     1.705E-02     4.107E-02     5.174E-02     3.019E-02     8.604E-03
3.02     4.570E-04     3.674E-04     3.986E-04     5.279E-04     4.236E-04     3.017E-04     1.428E-03     9.182E-03     2.633E-02     3.655E-02     2.157E-02     4.955E-03
3.12     8.223E-05     6.612E-05     7.172E-05     9.499E-05     7.621E-05     5.428E-05     5.949E-04     4.898E-03     1.681E-02     2.571E-02     1.534E-02     2.843E-03
3.22     1.414E-05     1.137E-05     1.234E-05     1.634E-05     1.311E-05     9.336E-06     2.455E-04     2.589E-03     1.069E-02     1.802E-02     1.088E-02     1.625E-03
3.32     2.326E-06     1.870E-06     2.029E-06     2.687E-06     2.156E-06     1.535E-06     1.003E-04     1.357E-03     6.775E-03     1.258E-02     7.680E-03     9.261E-04
3.42     3.658E-07     2.941E-07     3.191E-07     4.226E-07     3.391E-07     2.415E-07     4.060E-05     7.044E-04     4.277E-03     8.745E-03     5.403E-03     5.259E-04
3.52     5.504E-08     4.426E-08     4.801E-08     6.358E-08     5.102E-08     3.634E-08     1.628E-05     3.627E-04     2.690E-03     6.058E-03     3.787E-03     2.976E-04
3.62     7.925E-09     6.372E-09     6.912E-09     9.154E-09     7.345E-09     5.231E-09     6.470E-06     1.851E-04     1.686E-03     4.182E-03     2.645E-03     1.679E-04
3.72     1.092E-09     8.780E-10     9.525E-10     1.261E-09     1.012E-09     7.208E-10     2.548E-06     9.369E-05     1.053E-03     2.876E-03     1.841E-03     9.440E-05
3.82     1.440E-10     1.158E-10     1.256E-10     1.664E-10     1.335E-10     9.509E-11     9.948E-07     4.703E-05     6.552E-04     1.971E-03     1.277E-03     5.292E-05
3.92     1.819E-11     1.463E-11     1.587E-11     2.102E-11     1.686E-11     1.201E-11     3.850E-07     2.342E-05     4.064E-04     1.346E-03     8.830E-04     2.957E-05
4.02     2.201E-12     1.770E-12     1.920E-12     2.542E-12     2.040E-12     1.453E-12     1.477E-07     1.156E-05     2.513E-04     9.161E-04     6.084E-04     1.648E-05
4.12     2.550E-13     2.050E-13     2.224E-13     2.946E-13     2.364E-13     1.683E-13     5.622E-08     5.667E-06     1.548E-04     6.214E-04     4.179E-04     9.155E-06
4.22     2.831E-14     2.276E-14     2.470E-14     3.271E-14     2.624E-14     1.869E-14     2.122E-08     2.755E-06     9.512E-05     4.201E-04     2.861E-04     5.072E-06
4.32     3.012E-15     2.422E-15     2.627E-15     3.480E-15     2.792E-15     1.988E-15     7.944E-09     1.329E-06     5.825E-05     2.831E-04     1.952E-04     2.802E-06
4.42     3.072E-16     2.470E-16     2.679E-16     3.548E-16     2.847E-16     2.028E-16     2.950E-09     6.363E-07     3.556E-05     1.902E-04     1.328E-04     1.544E-06
4.52     3.003E-17     2.414E-17     2.619E-17     3.469E-17     2.783E-17     1.982E-17     1.087E-09     3.023E-07     2.164E-05     1.273E-04     9.010E-05     8.482E-07
4.62     2.815E-18     2.263E-18     2.455E-18     3.251E-18     2.609E-18     1.858E-18     3.974E-10     1.426E-07     1.313E-05     8.499E-05     6.093E-05     4.648E-07
4.72     2.530E-19     2.034E-19     2.207E-19     2.923E-19     2.345E-19     1.670E-19     1.442E-10     6.676E-08     7.947E-06     5.656E-05     4.108E-05     2.540E-07
4.82     2.181E-20     1.754E-20     1.903E-20     2.520E-20     2.022E-20     1.440E-20     5.193E-11     3.103E-08     4.794E-06     3.752E-05     2.761E-05     1.385E-07
4.92     1.804E-21     1.451E-21     1.574E-21     2.084E-21     1.672E-21     1.191E-21     1.856E-11     1.432E-08     2.884E-06     2.482E-05     1.851E-05     7.530E-08
5.02     1.432E-22     1.151E-22     1.249E-22     1.654E-22     1.327E-22     9.451E-23     6.586E-12     6.560E-09     1.730E-06     1.637E-05     1.237E-05     4.085E-08
5.12     1.090E-23     8.766E-24     9.510E-24     1.259E-23     1.010E-23     7.197E-24     2.320E-12     2.985E-09     1.035E-06     1.076E-05     8.245E-06     2.210E-08
5.22     7.969E-25     6.407E-25     6.951E-25     9.205E-25     7.386E-25     5.260E-25     8.114E-13     1.349E-09     6.177E-07     7.058E-06     5.480E-06     1.193E-08
5.32     5.591E-26     4.495E-26     4.876E-26     6.458E-26     5.182E-26     3.691E-26     2.818E-13     6.051E-10     3.676E-07     4.615E-06     3.632E-06     6.425E-09
5.42     3.766E-27     3.028E-27     3.285E-27     4.350E-27     3.490E-27     2.486E-27     9.718E-14     2.697E-10     2.182E-07     3.009E-06     2.401E-06     3.452E-09
5.52     2.435E-28     1.958E-28     2.124E-28     2.813E-28     2.257E-28     1.608E-28     3.328E-14     1.194E-10     1.291E-07     1.956E-06     1.583E-06     1.851E-09
5.62     1.513E-29     1.216E-29     1.319E-29     1.747E-29     1.402E-29     9.985E-30     1.132E-14     5.250E-11     7.624E-08     1.269E-06     1.041E-06     9.897E-10
5.72     9.023E-31     7.255E-31     7.871E-31     1.042E-30     8.363E-31     5.957E-31     3.825E-15     2.294E-11     4.490E-08     8.204E-07     6.826E-07     5.282E-10
5.82     5.171E-32     4.157E-32     4.510E-32     5.973E-32     4.792E-32     3.413E-32     1.284E-15     9.954E-12     2.638E-08     5.291E-07     4.465E-07     2.812E-10
5.92     2.847E-33     2.289E-33     2.483E-33     3.288E-33     2.638E-33     1.879E-33     4.281E-16     4.292E-12     1.546E-08     3.403E-07     2.913E-07     1.494E-10
6.02     1.506E-34     1.211E-34     1.313E-34     1.739E-34     1.396E-34     9.939E-35     1.418E-16     1.839E-12     9.036E-09     2.184E-07     1.896E-07     7.922E-11
6.12     7.654E-36     6.154E-36     6.676E-36     8.841E-36     7.093E-36     5.052E-36     4.668E-17     7.829E-13     5.270E-09     1.397E-07     1.231E-07     4.191E-11
6.22     3.739E-37     3.006E-37     3.261E-37     4.319E-37     3.465E-37     2.468E-37     1.527E-17     3.312E-13     3.066E-09     8.918E-08     7.968E-08     2.213E-11
6.32     1.756E-38     1.412E-38     1.531E-38     2.028E-38     1.627E-38     1.159E-38     4.962E-18     1.392E-13     1.779E-09     5.678E-08     5.147E-08     1.166E-11
6.42     7.925E-40     6.372E-40     6.913E-40     9.155E-40     7.345E-40     5.232E-40     1.603E-18     5.818E-14     1.030E-09     3.606E-08     3.317E-08     6.130E-12
6.52     3.440E-41     2.766E-41     3.000E-41     3.973E-41     3.188E-41     2.271E-41     5.144E-19     2.416E-14     5.953E-10     2.284E-08     2.132E-08     3.217E-12
6.62     1.435E-42     1.154E-42     1.252E-42     1.658E-42     1.330E-42     9.475E-43     1.641E-19     9.972E-15     3.431E-10     1.443E-08     1.367E-08     1.685E-12
6.72     5.760E-44     4.631E-44     5.024E-44     6.654E-44     5.339E-44     3.802E-44     5.204E-20     4.091E-15     1.973E-10     9.100E-09     8.748E-09     8.806E-13
6.82     2.223E-45     1.787E-45     1.939E-45     2.568E-45     2.060E-45     1.468E-45     1.640E-20     1.668E-15     1.132E-10     5.723E-09     5.584E-09     4.594E-13
6.92     8.253E-47     6.636E-47     7.198E-47     9.533E-47     7.649E-47     5.448E-47     5.140E-21     6.764E-16     6.484E-11     3.590E-09     3.556E-09     2.392E-13
7.02     2.947E-48     2.370E-48     2.571E-48     3.404E-48     2.732E-48     1.946E-48     1.601E-21     2.726E-16     3.704E-11     2.247E-09     2.260E-09     1.243E-13
7.12     1.013E-49     8.141E-50     8.832E-50     1.170E-49     9.385E-50     6.684E-50     4.958E-22     1.092E-16     2.112E-11     1.403E-09     1.432E-09     6.448E-14
7.22     3.347E-51     2.691E-51     2.919E-51     3.866E-51     3.102E-51     2.210E-51     1.527E-22     4.351E-17     1.201E-11     8.742E-10     9.061E-10     3.339E-14
7.32     1.065E-52     8.561E-53     9.287E-53     1.230E-52     9.868E-53     7.028E-53     4.674E-23     1.723E-17     6.820E-12     5.433E-10     5.718E-10     1.726E-14
7.42     3.259E-54     2.621E-54     2.843E-54     3.765E-54     3.021E-54     2.152E-54     1.423E-23     6.786E-18     3.863E-12     3.369E-10     3.601E-10     8.902E-15
7.52     9.603E-56     7.721E-56     8.376E-56     1.109E-55     8.900E-56     6.339E-56     4.307E-24     2.657E-18     2.184E-12     2.085E-10     2.263E-10     4.585E-15
7.62     2.723E-57     2.190E-57     2.375E-57     3.146E-57     2.524E-57     1.798E-57     1.297E-24     1.035E-18     1.232E-12     1.287E-10     1.419E-10     2.357E-15