9.997623815698043585e-04
1.003607767177571363e-03
1.007467943290309316e-03
1.011342966796727021e-03
1.015232894804352168e-03
1.019137784640357283e-03
1.023057693852420357e-03
1.026992680209556658e-03
1.030942801702986952e-03
1.034908116546975161e-03
1.038888683179702661e-03
1.042884560264113747e-03
1.046895806688794483e-03
1.050922481568833129e-03
1.054964644246686629e-03
1.059022354293069450e-03
1.063095671507813559e-03
1.067184655920768756e-03
1.071289367792667424e-03
1.075409867616033098e-03
1.079546216116051508e-03
1.083698474251485648e-03
1.087866703215554197e-03
1.092050964436853521e-03
1.096251319580242387e-03
1.100467830547768736e-03
1.104700559479574124e-03
1.108949568754802719e-03
1.113214920992537183e-03
1.117496679052701813e-03
1.121794906037009484e-03
1.126109665289870641e-03
1.130441020399347834e-03
1.134789035198071651e-03
1.139153773764202621e-03
1.143535300422355173e-03
1.147933679744562790e-03
1.152348976551221919e-03
1.156781255912040863e-03
1.161230583147014909e-03
1.165697023827370242e-03
1.170180643776549045e-03
1.174681509071160562e-03
1.179199686041974447e-03
1.183735241274878110e-03
1.188288241611878092e-03
1.192858754152066082e-03
1.197446846252626365e-03
1.202052585529808995e-03
1.206676039859944181e-03
1.211317277380435193e-03
1.215976366490753883e-03
1.220653375853467419e-03
1.225348374395229681e-03
1.230061431307817327e-03
1.234792616049128775e-03
1.239541998344228721e-03
1.244309648186355585e-03
1.249095635837972097e-03
1.253900031831782069e-03
1.258722906971786399e-03
1.263564332334319359e-03
1.268424379269088558e-03
1.273303119400244401e-03
1.278200624627415065e-03
1.283116967126785501e-03
1.288052219352143037e-03
1.293006454035962880e-03
1.297979744190461962e-03
1.302972163108693767e-03
1.307983784365608681e-03
1.313014681819158792e-03
1.318064929611365401e-03
1.323134602169430104e-03
1.328223774206824205e-03
1.333332520724380505e-03
1.338460917011419790e-03
1.343609038646835464e-03
1.348776961500231962e-03
1.353964761733020012e-03
1.359172515799560686e-03
1.364400300448270417e-03
1.369648192722773940e-03
1.374916269963017985e-03
1.380204609806430505e-03
1.385513290189055186e-03
1.390842389346694415e-03
1.396191985816078261e-03
1.401562158436002892e-03
1.406952986348512357e-03
1.412364549000043931e-03
1.417796926142620524e-03
1.423250197835004491e-03
1.428724444443899358e-03
1.434219746645111222e-03
1.439736185424761537e-03
1.445273842080456754e-03
1.450832798222506746e-03
1.456413135775120032e-03
1.462014936977600304e-03
1.467638284385580898e-03
1.473283260872216118e-03
1.478949949629428063e-03
1.484638434169107280e-03
1.490348798324368264e-03
1.496081126250760731e-03
1.501835502427534014e-03
1.507612011658857878e-03
1.513410739075093199e-03
1.519231770134037932e-03
1.525075190622176766e-03
1.530941086655968064e-03
1.536829544683086801e-03
1.542740651483724083e-03
1.548674494171841136e-03
1.554631160196478156e-03
1.560610737343018709e-03
1.566613313734506593e-03
1.572638977832921088e-03
1.578687818440505965e-03
1.584759924701051878e-03
1.590855386101232326e-03
1.596974292471914011e-03
1.603116733989470247e-03
1.609282801177132740e-03
1.615472584906299134e-03
1.621686176397899113e-03
1.627923667223712565e-03
1.634185149307744792e-03
1.640470714927554433e-03
1.646780456715641900e-03
1.653114467660785980e-03
1.659472841109437252e-03
1.665855670767086563e-03
1.672263050699632431e-03
1.678695075334793755e-03
1.685151839463471793e-03
1.691633438241176533e-03
1.698139967189401254e-03
1.704671522197056263e-03
1.711228199521856253e-03
1.717810095791765532e-03
1.724417308006394051e-03
1.731049933538456737e-03
1.737708070135177314e-03
1.744391815919756972e-03
1.751101269392806373e-03
1.757836529433789811e-03
1.764597695302504935e-03
1.771384866640519093e-03
1.778198143472663369e-03
1.785037626208482156e-03
1.791903415643737816e-03
1.798795612961870015e-03
1.805714319735514254e-03
1.812659637927970099e-03
1.819631669894729471e-03
1.826630518384974797e-03
1.833656286543080844e-03
1.840709077910161881e-03
1.847788996425566788e-03
1.854896146428442480e-03
1.862030632659239212e-03
1.869192560261285921e-03
1.876382034782309634e-03
1.883599162176019482e-03
1.890844048803640414e-03
1.898116801435508925e-03
1.905417527252617612e-03
1.912746333848220444e-03
1.920103329229406585e-03
1.927488621818682036e-03
1.934902320455594198e-03
1.942344534398303532e-03
1.949815373325225476e-03
1.957314947336616633e-03
1.964843366956227962e-03
1.972400743132901157e-03
1.979987187242237233e-03
1.987602811088204618e-03
1.995247726904815760e-03
2.002922047357768177e-03
2.010625885546093311e-03
2.018359355003852655e-03
2.026122569701776198e-03
2.033915644048975898e-03
2.041738692894600176e-03
2.049591831529556495e-03
2.057475175688180599e-03
2.065388841549972970e-03
2.073332945741278906e-03
2.081307605337040165e-03
2.089312937862487177e-03
2.097349061294899366e-03
2.105416094065333792e-03
2.113514155060354678e-03
2.121643363623817568e-03
2.129803839558591910e-03
2.137995703128363865e-03
2.146219075059370169e-03
2.154474076542216548e-03
2.162760829233624591e-03
2.171079455258263617e-03
2.179430077210511418e-03
2.187812818156300004e-03
2.196227801634890661e-03
2.204675151660727070e-03
2.213154992725251558e-03
2.221667449798721359e-03
2.230212648332087749e-03
2.238790714258803195e-03
2.247401773996718279e-03
2.256045954449904453e-03
2.264723383010564407e-03
2.273434187560869572e-03
2.282178496474883064e-03
2.290956438620415838e-03
2.299768143360955697e-03
2.308613740557561179e-03
2.317493360570762814e-03
2.326407134262513388e-03
2.335355192998082689e-03
2.344337668648029463e-03
2.353354693590106132e-03
2.362406400711250260e-03
2.371492923409500991e-03
2.380614395596007855e-03
2.389770951696961951e-03
2.398962726655618199e-03
2.408189855934243437e-03
2.417452475516148214e-03
2.426750721907674352e-03
2.436084732140195077e-03
2.445454643772165901e-03
2.454860594891113482e-03
2.464302724115711215e-03
2.473781170597780243e-03
2.483296074024382398e-03
2.492847574619837248e-03
2.502435813147829789e-03
2.512060930913443107e-03
2.521723069765277343e-03
2.531422372097525721e-03
2.541158980852056652e-03
2.550933039520555685e-03
2.560744692146599364e-03
2.570594083327821903e-03
2.580481358217999888e-03
2.590406662529237160e-03
2.600370142534068601e-03
2.610371945067658465e-03
2.620412217529921508e-03
2.630491107887738232e-03
2.640608764677092064e-03
2.650765337005297172e-03
2.660960974553179016e-03
2.671195827577264436e-03
2.681470046912032452e-03
2.691783783972095685e-03
2.702137190754475005e-03
2.712530419840793964e-03
2.722963624399574265e-03
2.733436958188447102e-03
2.743950575556463375e-03
2.754504631446324982e-03
2.765099281396705445e-03
2.775734681544528466e-03
2.786410988627248224e-03
2.797128359985202959e-03
2.807886953563883993e-03
2.818686927916312732e-03
2.829528442205329203e-03
2.840411656205984667e-03
2.851336730307850540e-03
2.862303825517427056e-03
2.873313103460470395e-03
2.884364726384421301e-03
2.895458857160750424e-03
2.906595659287396476e-03
2.917775296891161451e-03
2.928997934730110178e-03
2.940263738196041005e-03
2.951572873316873642e-03
2.962925506759144564e-03
2.974321805830416974e-03
2.985761938481792683e-03
2.997246073310338987e-03
3.008774379561623101e-03
3.020347027132156380e-03
3.031964186571940896e-03
3.043626029086967440e-03
3.055332726541715258e-03
3.067084451461732017e-03
3.078881377036124436e-03
3.090723677120162972e-03
3.102611526237791535e-03
3.114545099584249514e-03
3.126524573028606219e-03
3.138550123116400255e-03
3.150621927072193035e-03
3.162740162802228552e-03
3.174905008897007698e-03
3.187116644633961483e-03
3.199375249980076531e-03
3.211681005594526662e-03
3.224034092831382092e-03
3.236434693742227999e-03
3.248882991078900617e-03
3.261379168296127482e-03
3.273923409554287383e-03
3.286515899722064482e-03
3.299156824379232550e-03
3.311846369819334245e-03
3.324584723052470547e-03
3.337372071808043360e-03
3.350208604537493334e-03
3.363094510417132671e-03
3.376029979350872109e-03
3.389015201973080184e-03
3.402050369651331892e-03
3.415135674489287905e-03
3.428271309329471422e-03
3.441457467756159523e-03
3.454694344098188218e-03
3.467982133431866346e-03
3.481321031583797972e-03
3.494711235133813633e-03
3.508152941417852153e-03
3.521646348530841578e-03
3.535191655329672934e-03
3.548789061436069016e-03
3.562438767239588938e-03
3.576140973900519913e-03
3.589895883352901742e-03
3.603703698307442020e-03
3.617564622254566646e-03
3.631478859467354974e-03
3.645446615004605071e-03
3.659468094713831318e-03
3.673543505234278493e-03
3.687673054000016517e-03
3.701856949242940224e-03
3.716095399995894902e-03
3.730388616095699911e-03
3.744736808186300680e-03
3.759140187721810109e-03
3.773598966969688752e-03
3.788113359013810938e-03
3.802683577757665773e-03
3.817309837927447547e-03
3.831992355075276684e-03
3.846731345582351299e-03
3.861527026662110902e-03
3.876379616363498110e-03
3.891289333574101967e-03
3.906256398023451315e-03
3.921281030286190641e-03
3.936363451785390363e-03
3.951503884795750862e-03
3.966702552446936189e-03
3.981959678726803252e-03
3.997275488484759373e-03
4.012650207435048723e-03
4.028084062160053498e-03
4.043577280113696583e-03
4.059130089624720175e-03
4.074742719900122274e-03
4.090415401028465667e-03
4.106148363983336963e-03
4.121941840626681605e-03
4.137796063712289793e-03
4.153711266889159245e-03
4.169687684705003679e-03
4.185725552609646793e-03
4.201825106958544630e-03
4.217986585016251545e-03
4.234210224959882723e-03
4.250496265882690305e-03
4.266844947797514623e-03
4.283256511640394157e-03
4.299731199274043660e-03
4.316269253491489266e-03
4.332870918019576106e-03
4.349536437522631173e-03
4.366266057606001290e-03
4.383060024819726390e-03
4.399918586662156413e-03
4.416841991583563866e-03
4.433830488989874349e-03
4.450884329246264370e-03
4.468003763680929163e-03
4.485189044588708263e-03
4.502440425234880209e-03
4.519758159858821948e-03
4.537142503677827829e-03
4.554593712890796751e-03
4.572112044682082391e-03
4.589697757225208972e-03
4.607351109686742309e-03
4.625072362230081037e-03
4.642861776019259132e-03
4.660719613222867250e-03
4.678646137017834425e-03
4.696641611593386709e-03
4.714706302154860092e-03
4.732840474927691235e-03
4.751044397161259883e-03
4.769318337132904748e-03
4.787662564151801484e-03
4.806077348563000257e-03
4.824562961751375709e-03
4.843119676145603812e-03
4.861747765222240204e-03
4.880447503509676224e-03
4.899219166592258014e-03
4.918063031114273780e-03
4.936979374784110190e-03
4.955968476378257853e-03
4.975030615745512814e-03
4.994166073811006322e-03
5.013375132580437550e-03
5.032658075144141527e-03
5.052015185681331400e-03
5.071446749464262639e-03
5.090953052862401580e-03
5.110534383346717127e-03
5.130191029493837152e-03
5.149923280990383566e-03
5.169731428637156477e-03
5.189615764353506557e-03
5.209576581181552153e-03
5.229614173290580287e-03
5.249728835981298455e-03
5.269920865690260782e-03
5.290190559994209160e-03
5.310538217614417002e-03
5.330964138421176099e-03
5.351468623438124760e-03
5.372051974846770231e-03
5.392714495990861071e-03
5.413456491380934724e-03
5.434278266698728058e-03
5.455180128801764838e-03
5.476162385727787081e-03
5.497225346699392834e-03
5.518369322128491815e-03
5.539594623620967481e-03
5.560901563981235016e-03
5.582290457216811455e-03
5.603761618543028067e-03
5.625315364387582263e-03
5.646952012395294214e-03
5.668671881432694321e-03
5.690475291592815392e-03
5.712362564199818284e-03
5.734334021813817898e-03
5.756389988235546123e-03
5.778530788511217729e-03
5.800756748937222797e-03
5.823068197065022107e-03
5.845465461705938448e-03
5.867948872935962665e-03
5.890518762100708031e-03
5.913175461820192012e-03
5.935919305993837478e-03
5.958750629805294359e-03
5.981669769727481628e-03
6.004677063527442786e-03
6.027772850271421665e-03
6.050957470329767357e-03
6.074231265382027366e-03
6.097594578421956617e-03
6.121047753762525606e-03
6.144591137041087274e-03
6.168225075224366936e-03
6.191949916613682936e-03
6.215766010849967799e-03
6.239673708919034854e-03
6.263673363156639293e-03
6.287765327253776876e-03
6.311949956261793566e-03
6.336227606597723272e-03
6.360598636049429565e-03
6.385063403780979856e-03
6.409622270337890330e-03
6.434275597652405580e-03
6.459023749048922215e-03
6.483867089249239005e-03
6.508805984378036001e-03
6.533840801968167182e-03
6.558971910966178605e-03
6.584199681737643549e-03
6.609524486072724907e-03
6.634946697191551092e-03
6.660466689749800981e-03
6.686084839844200385e-03
6.711801525018006379e-03
6.737617124266681579e-03
6.763532018043358525e-03
6.789546588264565134e-03
6.815661218315737652e-03
6.841876293056986871e-03
6.868192198828647517e-03
6.894609323457099974e-03
6.921128056260356098e-03
6.947748788053926053e-03
6.974471911156450085e-03
7.001297819395589650e-03
7.028226908113786690e-03
7.055259574174041134e-03
7.082396215965866201e-03
7.109637233411046815e-03
7.136983027969640014e-03
7.164434002645781070e-03
7.191990561993739407e-03
7.219653112123762019e-03
7.247422060708179695e-03
7.275297816987286864e-03
7.303280791775488591e-03
7.331371397467306185e-03
7.359570048043404498e-03
7.387877159076804839e-03
7.416293147738887113e-03
7.444818432805657381e-03
7.473453434663795102e-03
7.502198575316980540e-03
7.531054278391982777e-03
7.560020969145020940e-03
7.589099074467928543e-03
7.618289022894541608e-03
7.647591244606915910e-03
7.677006171441749793e-03
7.706534236896725454e-03
7.736175876136835473e-03
7.765931526000912320e-03
7.795801625007934936e-03
7.825786613363625022e-03
7.855886932966802197e-03
7.886103027416022787e-03
7.916435342015994830e-03
7.946884323784264570e-03
7.977450421457680033e-03
8.008134085499109614e-03
8.038935768104039231e-03
8.069855923207186824e-03
8.100895006489302469e-03
8.132053475383753394e-03
8.163331789083402151e-03
8.194730408547236736e-03
8.226249796507299067e-03
8.257890417475367145e-03
8.289652737749944253e-03
8.321537225422982742e-03
8.353544350386927012e-03
8.385674584341501481e-03
8.417928400800779587e-03
8.450306275100112272e-03
8.482808684403082486e-03
8.515436107708650518e-03
8.548189025858085946e-03
8.581067921542189295e-03
8.614073279308258682e-03
8.647205585567380864e-03
8.680465328601451661e-03
8.713852998570519037e-03
8.747369087519860781e-03
8.781014089387364011e-03
8.814788500010743363e-03
8.848692817134806016e-03
8.882727540418904055e-03
8.916893171444156135e-03
8.951190213720986583e-03
8.985619172696397358e-03
9.020180555761567881e-03
9.054874872259175561e-03
9.089702633491061542e-03
9.124664352725610217e-03
9.159760545205467008e-03
9.194991728154978602e-03
9.230358420787945425e-03
9.265861144315224937e-03
9.301500421952347067e-03
9.337276778927362103e-03
9.373190742488428373e-03
9.409242841911738195e-03
9.445433608509155865e-03
9.481763575636212998e-03
9.518233278699803762e-03
9.554843255166240931e-03
9.591594044569011837e-03
9.628486188516872588e-03
9.665520230701765345e-03
9.702696716906778970e-03
9.740016195014323044e-03
9.777479215014050346e-03
9.815086329011117605e-03
9.852838091234163501e-03
9.890735058043637062e-03
9.928777787939831179e-03
9.966966841571285596e-03
1.000530278174287767e-02
1.004378617342427220e-02
1.008241758375813708e-02
1.012119758206854979e-02
1.016012673986937606e-02
1.019920563087270242e-02
1.023843483099727732e-02
1.027781491837700956e-02
1.031734647336946843e-02
1.035703007856448969e-02
1.039686631879268956e-02
1.043685578113412796e-02
1.047699905492695260e-02
1.051729673177608133e-02
1.055774940556192081e-02
1.059835767244911818e-02
1.063912213089535617e-02
1.068004338166015504e-02
1.072112202781374223e-02
1.076235867474593065e-02
1.080375393017503696e-02
1.084530840415687432e-02
1.088702270909367928e-02
1.092889745974318615e-02
1.097093327322766487e-02
1.101313076904303183e-02
1.105549056906796231e-02
1.109801329757306547e-02
1.114069958123008360e-02
1.118355004912112427e-02
1.122656533274793769e-02
1.126974606604121479e-02
1.131309288536991829e-02
1.135660642955072311e-02
1.140028733985733872e-02
1.144413626003002414e-02
1.148815383628504910e-02
1.153234071732423156e-02
1.157669755434448736e-02
1.162122500104743189e-02
1.166592371364901480e-02
1.171079435088918062e-02
1.175583757404159713e-02
1.180105404692337843e-02
1.184644443590487407e-02
1.189200940991952220e-02
1.193774964047364905e-02
1.198366580165640544e-02
1.202975857014968765e-02
1.207602862523812076e-02
1.212247664881905412e-02
1.216910332541262102e-02
1.221590934217183129e-02
1.226289538889267956e-02
1.231006215802432982e-02
1.235741034467931210e-02
1.240494064664375215e-02
1.245265376438770867e-02
1.250055040107542377e-02
1.254863126257572958e-02
1.259689705747244100e-02
1.264534849707480042e-02
1.269398629542795379e-02
1.274281116932348377e-02
1.279182383830997083e-02
1.284102502470358363e-02
1.289041545359874939e-02
1.293999585287881372e-02
1.298976695322677163e-02
1.303972948813608354e-02
1.308988419392140452e-02
1.314023180972949227e-02
1.319077307755008033e-02
1.324150874222681899e-02
1.329243955146825092e-02
1.334356625585883180e-02
1.339488960886998405e-02
1.344641036687121288e-02
1.349812928914124154e-02
1.355004713787921408e-02
1.360216467821589829e-02
1.365448267822503246e-02
1.370700190893455253e-02
1.375972314433801004e-02
1.381264716140597447e-02
1.386577474009747027e-02
1.391910666337148154e-02
1.397264371719848623e-02
1.402638669057203712e-02
1.408033637552039662e-02
1.413449356711820627e-02
1.418885906349819787e-02
1.424343366586295137e-02
1.429821817849674832e-02
1.435321340877735233e-02
1.440842016718795783e-02
1.446383926732911461e-02
1.451947152593072686e-02
1.457531776286409217e-02
1.463137880115396652e-02
1.468765546699071778e-02
1.474414858974248434e-02
1.480085900196740148e-02
1.485778753942587106e-02
1.491493504109289020e-02
1.497230234917037821e-02
1.502989030909966488e-02
1.508769976957385732e-02
1.514573158255039936e-02
1.520398660326362922e-02
1.526246569023736142e-02
1.532116970529755727e-02
1.538009951358501604e-02
1.543925598356812694e-02
1.549863998705567313e-02
1.555825239920967211e-02
1.561809409855826995e-02
1.567816596700869966e-02
1.573846888986029507e-02
1.579900375581748742e-02
1.585977145700294411e-02
1.592077288897069537e-02
1.598200895071934940e-02
1.604348054470532831e-02
1.610518857685617339e-02
1.616713395658389216e-02
1.622931759679837119e-02
1.629174041392080635e-02
1.635440332789723714e-02
1.641730726221207748e-02
1.648045314390177152e-02
1.654384190356839035e-02
1.660747447539338492e-02
1.667135179715135973e-02
1.673547481022386735e-02
1.679984445961330355e-02
1.686446169395683023e-02
1.692932746554034334e-02
1.699444273031252076e-02
1.705980844789890122e-02
1.712542558161603626e-02
1.719129509848566287e-02
1.725741796924902191e-02
1.732379516838106898e-02
1.739042767410489340e-02
1.745731646840612342e-02
1.752446253704740761e-02
1.759186686958292070e-02
1.765953045937297336e-02
1.772745430359862553e-02
1.779563940327639690e-02
1.786408676327301548e-02
1.793279739232023565e-02
1.800177230302967002e-02
1.807101251190779828e-02
1.814051903937082683e-02
1.821029290975981207e-02
1.828033515135573522e-02
1.835064679639465332e-02
1.842122888108290585e-02
1.849208244561240111e-02
1.856320853417592689e-02
1.863460819498256177e-02
1.870628248027309676e-02
1.877823244633556807e-02
1.885045915352078980e-02
1.892296366625805318e-02
1.899574705307071829e-02
1.906881038659201388e-02
1.914215474358084076e-02
1.921578120493764100e-02
1.928969085572032269e-02
1.936388478516024719e-02
1.943836408667828572e-02
1.951312985790094531e-02
1.958818320067651567e-02
1.966352522109133388e-02
1.973915702948606660e-02
1.981507974047212392e-02
1.989129447294800054e-02
1.996780235011581806e-02
2.004460449949788114e-02
2.012170205295327197e-02
2.019909614669455553e-02
2.027678792130449895e-02
2.035477852175289482e-02
2.043306909741343658e-02
2.051166080208064596e-02
2.059055479398689409e-02
2.066975223581943300e-02
2.074925429473761795e-02
2.082906214238999451e-02
2.090917695493163878e-02
2.098959991304146649e-02
2.107033220193963580e-02
2.115137501140502974e-02
2.123272953579276312e-02
2.131439697405180730e-02
2.139637852974264620e-02
2.147867541105502251e-02
2.156128883082573250e-02
2.164422000655648673e-02
2.172747016043193730e-02
2.181104051933756630e-02
2.189493231487783104e-02
2.197914678339432659e-02
2.206368516598397264e-02
2.214854870851732521e-02
2.223373866165694393e-02
2.231925628087578356e-02
2.240510282647575208e-02
2.249127956360623751e-02
2.257778776228278397e-02
2.266462869740576078e-02
2.275180364877927089e-02
2.283931390112983392e-02
2.292716074412546462e-02
2.301534547239460562e-02
2.310386938554523720e-02
2.319273378818402162e-02
2.328193998993552047e-02
2.337148930546151596e-02
2.346138305448036698e-02
2.355162256178646232e-02
2.364220915726975708e-02
2.373314417593532302e-02
2.382442895792314178e-02
2.391606484852770720e-02
2.400805319821792960e-02
2.410039536265703997e-02
2.419309270272254966e-02
2.428614658452631081e-02
2.437955837943465986e-02
2.447332946408860982e-02
2.456746122042414646e-02
2.466195503569261482e-02
2.475681230248111264e-02
2.485203441873304331e-02
2.494762278776879033e-02
2.504357881830624258e-02
2.513990392448168035e-02
2.523659952587055735e-02
2.533366704750845966e-02
2.543110791991207154e-02
2.552892357910028012e-02
2.562711546661533210e-02
2.572568502954406672e-02
2.582463372053927023e-02
2.592396299784105809e-02
2.602367432529834046e-02
2.612376917239052007e-02
2.622424901424897509e-02
2.632511533167889578e-02
2.642636961118111430e-02
2.652801334497396565e-02
2.663004803101532911e-02
2.673247517302465917e-02
2.683529628050516924e-02
2.693851286876608811e-02
2.704212645894495809e-02
2.714613857803008581e-02
2.725055075888299649e-02
2.735536454026114839e-02
2.746058146684043910e-02
2.756620308923807619e-02
2.767223096403540611e-02
2.777866665380085767e-02
2.788551172711295836e-02
2.799276775858347555e-02
2.810043632888057502e-02
2.820851902475217388e-02
2.831701743904928986e-02
2.842593317074951567e-02
2.853526782498056261e-02
2.864502301304404364e-02
2.875520035243901359e-02
2.886580146688595694e-02
2.897682798635067489e-02
2.908828154706829400e-02
2.920016379156739617e-02
2.931247636869422496e-02
2.942522093363697522e-02
2.953839914795019020e-02
2.965201267957926282e-02
2.976606320288498198e-02
2.988055239866820728e-02
2.999548195419476926e-02
3.011085356322011977e-02
3.022666892601443694e-02
3.034292974938763987e-02
3.045963774671456639e-02
3.057679463796019251e-02
3.069440214970500444e-02
3.081246201517041927e-02
3.093097597424436518e-02
3.104994577350688248e-02
3.116937316625589122e-02
3.128925991253297956e-02
3.140960777914948709e-02
3.153041853971234182e-02
3.165169397465032036e-02
3.177343587124027008e-02
3.189564602363344215e-02
3.201832623288192181e-02
3.214147830696518354e-02
3.226510406081673638e-02
3.238920531635086641e-02
3.251378390248947647e-02
3.263884165518906449e-02
3.276438041746773666e-02
3.289040203943247725e-02
3.301690837830626585e-02
3.314390129845553451e-02
3.327138267141761807e-02
3.339935437592835704e-02
3.352781829794978380e-02
3.365677633069788510e-02
3.378623037467052420e-02
3.391618233767546703e-02
3.404663413485846390e-02
3.417758768873148389e-02
3.430904492920103938e-02
3.444100779359673958e-02
3.457347822669962212e-02
3.470645818077098405e-02
3.483994961558110892e-02
3.497395449843812565e-02
3.510847480421704081e-02
3.524351251538880569e-02
3.537906962204955680e-02
3.551514812194993959e-02
3.565175002052452941e-02
3.578887733092143281e-02
3.592653207403186111e-02
3.606471627852010642e-02
3.620343198085319153e-02
3.634268122533104717e-02
3.648246606411659210e-02
3.662278855726597282e-02
3.676365077275893511e-02
3.690505478652928578e-02
3.704700268249550010e-02
3.718949655259143339e-02
3.733253849679713660e-02
3.747613062316981769e-02
3.762027504787487237e-02
3.776497389521719927e-02
3.791022929767230709e-02
3.805604339591788648e-02
3.820241833886530575e-02
3.834935628369129379e-02
3.849685939586973416e-02
3.864492984920355617e-02
3.879356982585679958e-02
3.894278151638676244e-02
3.909256711977627391e-02
3.924292884346610583e-02
3.939386890338752306e-02
3.954538952399488244e-02
3.969749293829855780e-02
3.985018138789767073e-02
4.000345712301319606e-02
4.015732240252117141e-02
4.031177949398592752e-02
4.046683067369354764e-02
4.062247822668534764e-02
4.077872444679166153e-02
4.093557163666552978e-02
4.109302210781669989e-02
4.125107818064569637e-02
4.140974218447794619e-02
4.156901645759826514e-02
4.172890334728511508e-02
4.188940520984533317e-02
4.205052441064880547e-02
4.221226332416333493e-02
4.237462433398966888e-02
4.253760983289656128e-02
4.270122222285609170e-02
4.286546391507903980e-02
4.303033733005043326e-02
4.319584489756518597e-02
4.336198905676390963e-02
4.352877225616900297e-02
4.369619695372049806e-02
4.386426561681241315e-02
4.403298072232914029e-02
4.420234475668188140e-02
4.437236021584534118e-02
4.454302960539447548e-02
4.471435544054144090e-02
4.488634024617264850e-02
4.505898655688599097e-02
4.523229691702816690e-02
4.540627388073214393e-02
4.558092001195502424e-02
4.575623788451548685e-02
4.593223008213193070e-02
4.610889919846053453e-02
4.628624783713343460e-02
4.646427861179713154e-02
4.664299414615098033e-02
4.682239707398588163e-02
4.700249003922307017e-02
4.718327569595311133e-02
4.736475670847498098e-02
4.754693575133531191e-02
4.772981550936798018e-02
4.791339867773340699e-02
4.809768796195842272e-02
4.828268607797617240e-02
4.846839575216605606e-02
4.865481972139395345e-02
4.884196073305255986e-02
4.902982154510186763e-02
4.921840492610978640e-02
4.940771365529299242e-02
4.959775052255785410e-02
4.978851832854151033e-02
4.998001988465331641e-02
5.017225801311601951e-02
5.036523554700754468e-02
5.055895533030265593e-02
5.075342021791490882e-02
5.094863307573870709e-02
5.114459678069155357e-02
5.134131422075641910e-02
5.153878829502434034e-02
5.173702191373711484e-02
5.193601799833021115e-02
5.213577948147575525e-02
5.233630930712595414e-02
5.253761043055622804e-02
5.273968581840884906e-02
5.294253844873673259e-02
5.314617131104729109e-02
5.335058740634643359e-02
5.355578974718287061e-02
5.376178135769244665e-02
5.396856527364279205e-02
5.417614454247794004e-02
5.438452222336336017e-02
5.459370138723091542e-02
5.480368511682433968e-02
5.501447650674439610e-02
5.522607866349463906e-02
5.543849470552715542e-02
5.565172776328855542e-02
5.586578097926608866e-02
5.608065750803392646e-02
5.629636051629969412e-02
5.651289318295112801e-02
5.673025869910290619e-02
5.694846026814369411e-02
5.716750110578328048e-02
5.738738444010024753e-02
5.760811351158912769e-02
5.782969157320842074e-02
5.805212189042849996e-02
5.827540774127970558e-02
5.849955241640066722e-02
5.872455921908680682e-02
5.895043146533897327e-02
5.917717248391240331e-02
5.940478561636566845e-02
5.963327421711000359e-02
5.986264165345865640e-02
6.009289130567674331e-02
6.032402656703073074e-02
6.055605084383861719e-02
6.078896755552017778e-02
6.102278013464726425e-02
6.125749202699443813e-02
6.149310669158973564e-02
6.172962760076564775e-02
6.196705824021034315e-02
6.220540210901891187e-02
6.244466271974508098e-02
6.268484359845281906e-02
6.292594828476856528e-02
6.316798033193306294e-02
6.341094330685395630e-02
6.365484079015823471e-02
6.389967637624507923e-02
6.414545367333884807e-02
6.439217630354213129e-02
6.463984790288926363e-02
6.488847212139985110e-02
6.513805262313257516e-02
6.538859308623913569e-02
6.564009720301849926e-02
6.589256867997150824e-02
6.614601123785507353e-02
6.640042861173738042e-02
6.665582455105276138e-02
6.691220281965699901e-02
6.716956719588283720e-02
6.742792147259554780e-02
6.768726945724896915e-02
6.794761497194148903e-02
6.820896185347247176e-02
6.847131395339875470e-02
6.873467513809132512e-02
6.899904928879262156e-02
6.926444030167329402e-02
6.953085208788986615e-02
6.979828857364241135e-02
7.006675370023227045e-02
7.033625142412025522e-02
7.060678571698490724e-02
7.087836056578100674e-02
7.115097997279838660e-02
7.142464795572085745e-02
7.169936854768549361e-02
7.197514579734187734e-02
7.225198376891220353e-02
7.252988654225062115e-02
7.280885821290367099e-02
7.308890289217066794e-02
7.337002470716413871e-02
7.365222780087075927e-02
7.393551633221238928e-02
7.421989447610731483e-02
7.450536642353179639e-02
7.479193638158189439e-02
7.507960857353539186e-02
7.536838723891398084e-02
7.565827663354607324e-02
7.594928102962901495e-02
7.624140471579241018e-02
7.653465199716118217e-02
7.682902719541909176e-02
7.712453464887236709e-02
7.742117871251366634e-02
7.771896375808626245e-02
7.801789417414844996e-02
7.831797436613824326e-02
7.861920875643826911e-02
7.892160178444092289e-02
7.922515790661403823e-02
7.952988159656612654e-02
7.983577734511261570e-02
8.014284966034197766e-02
8.045110306768211983e-02
8.076054210996712335e-02
8.107117134750412013e-02
8.138299535814060015e-02
8.169601873733181585e-02
8.201024609820851963e-02
8.232568207164490948e-02
8.264233130632687996e-02
8.296019846882077275e-02
8.327928824364173865e-02
8.359960533332301547e-02
8.392115445848520594e-02
8.424394035790584712e-02
8.456796778858922947e-02
8.489324152583646588e-02
8.521976636331599075e-02
8.554754711313405924e-02
8.587658860590573207e-02
8.620689569082609638e-02
8.653847323574156980e-02
8.687132612722207881e-02
8.720545927063241831e-02
8.754087759020505455e-02
8.787758602911248385e-02
8.821558954954016041e-02
8.855489313275953511e-02
8.889550177920155227e-02
8.923742050853031293e-02
8.958065435971707124e-02
8.992520839111442510e-02
9.027108768053093701e-02
9.061829732530585213e-02
9.096684244238460726e-02
9.131672816839360440e-02
9.166795965971639981e-02
9.202054209256953221e-02
9.237448066307882288e-02
9.272978058735591167e-02
9.308644710157522317e-02
9.344448546205104400e-02
9.380390094531501632e-02
9.416469884819393676e-02
9.452688448788772180e-02
9.489046320204780338e-02
9.525544034885606581e-02
9.562182130710331074e-02
9.598961147626884627e-02
9.635881627659999282e-02
9.672944114919200531e-02
9.710149155606818960e-02
9.747497298026042145e-02
9.784989092588997073e-02
9.822625091824863097e-02
9.860405850388007098e-02
9.898331925066169990e-02
9.936403874788646284e-02
9.974622260634577464e-02
1.001298764584114959e-01
1.005150059581194077e-01
1.009016167812523540e-01
1.012897146254239933e-01
1.016793052101626904e-01
1.020703942769958239e-01
1.024629875895344128e-01
1.028570909335580486e-01
1.032527101171001882e-01
1.036498509705336829e-01
1.040485193466567787e-01
1.044487211207791866e-01
1.048504621908092210e-01
1.052537484773398840e-01
1.056585859237367808e-01
1.060649804962253973e-01
1.064729381839791128e-01
1.068824649992075049e-01
1.072935669772448891e-01
1.077062501766392899e-01
1.081205206792417023e-01
1.085363845902957564e-01
1.089538480385276731e-01
1.093729171762365115e-01
1.097935981793851656e-01
1.102158972476909166e-01
1.106398206047170402e-01
1.110653744979645391e-01
1.114925651989641248e-01
1.119213990033687683e-01
1.123518822310463627e-01
1.127840212261729119e-01
1.132178223573260395e-01
1.136532920175788025e-01
1.140904366245939355e-01
1.145292626207183168e-01
1.149697764730783917e-01
1.154119846736747085e-01
1.158558937394781607e-01
1.163015102125258410e-01
1.167488406600174639e-01
1.171978916744122051e-01
1.176486698735258046e-01
1.181011819006280161e-01
1.185554344245407232e-01
1.190114341397360276e-01
1.194691877664349616e-01
1.199287020507065205e-01
1.203899837645673182e-01
1.208530397060808975e-01
1.213178766994583574e-01
1.217845015951586063e-01
1.222529212699896284e-01
1.227231426272095971e-01
1.231951725966286687e-01
1.236690181347111367e-01
1.241446862246779748e-01
1.246221838766096990e-01
1.251015181275496879e-01
1.255826960416077387e-01
1.260657247100647749e-01
1.265506112514764858e-01
1.270373628117787979e-01
1.275259865643930679e-01
1.280164897103317490e-01
1.285088794783045274e-01
1.290031631248249600e-01
1.294993479343172216e-01
1.299974412192236306e-01
1.304974503201123126e-01
1.309993826057854749e-01
1.315032454733877643e-01
1.320090463485158461e-01
1.325167926853270672e-01
1.330264919666498957e-01
1.335381517040939436e-01
1.340517794381606564e-01
1.345673827383546406e-01
1.350849692032949911e-01
1.356045464608274242e-01
1.361261221681366040e-01
1.366497040118589967e-01
1.371752997081962244e-01
1.377029170030285854e-01
1.382325636720297402e-01
1.387642475207805370e-01
1.392979763848845309e-01
1.398337581300833909e-01
1.403716006523727522e-01
1.409115118781186504e-01
1.414534997641742620e-01
1.419975722979972266e-01
1.425437374977673310e-01
1.430920034125046647e-01
1.436423781221883578e-01
1.441948697378752364e-01
1.447494864018202820e-01
1.453062362875955360e-01
1.458651276002111419e-01
1.464261685762362208e-01
1.469893674839201914e-01
1.475547326233146994e-01
1.481222723263957430e-01
1.486919949571867405e-01
1.492639089118815432e-01
1.498380226189683084e-01
1.504143445393537060e-01
1.509928831664874016e-01
1.515736470264879565e-01
1.521566446782673110e-01
1.527418847136579050e-01
1.533293757575387439e-01
1.539191264679628524e-01
1.545111455362846442e-01
1.551054416872880704e-01
1.557020236793152934e-01
1.563009003043956124e-01
1.569020803883751092e-01
1.575055727910467940e-01
1.581113864062808072e-01
1.587195301621563415e-01
1.593300130210922039e-01
1.599428439799794044e-01
1.605580320703138275e-01
1.611755863583290427e-01
1.617955159451301417e-01
1.624178299668278813e-01
1.630425375946730759e-01
1.636696480351920169e-01
1.642991705303220862e-01
1.649311143575477867e-01
1.655654888300375494e-01
1.662023032967815672e-01
1.668415671427284364e-01
1.674832897889243499e-01
1.681274806926515986e-01
1.687741493475680699e-01
1.694233052838469977e-01
1.700749580683176554e-01
1.707291173046061594e-01
1.713857926332769399e-01
1.720449937319750988e-01
1.727067303155687683e-01
1.733710121362921908e-01
1.740378489838901865e-01
1.747072506857612895e-01
1.753792271071033804e-01
1.760537881510588487e-01
1.767309437588604759e-01
1.774107039099780680e-01
1.780930786222654216e-01
1.787780779521080110e-01
1.794657119945712032e-01
1.801559908835489165e-01
1.808489247919132237e-01
1.815445239316638149e-01
1.822427985540793494e-01
1.829437589498674466e-01
1.836474154493170086e-01
1.843537784224504317e-01
1.850628582791762067e-01
1.857746654694425181e-01
1.864892104833911213e-01
1.872065038515121072e-01
1.879265561447988619e-01
1.886493779749040256e-01
1.893749799942958945e-01
1.901033728964150737e-01
1.908345674158329619e-01
1.915685743284087639e-01
1.923054044514490024e-01
1.930450686438668628e-01
1.937875778063421761e-01
1.945329428814819572e-01
1.952811748539819148e-01
1.960322847507879884e-01
1.967862836412592742e-01
1.975431826373307553e-01
1.983029928936773933e-01
1.990657256078780801e-01
1.998313920205815331e-01
2.006000034156708578e-01
2.013715711204304426e-01
2.021461065057129636e-01
2.029236209861066398e-01
2.037041260201037096e-01
2.044876331102691569e-01
2.052741538034103530e-01
2.060636996907470597e-01
2.068562824080823481e-01
2.076519136359741835e-01
2.084506050999070659e-01
2.092523685704660574e-01
2.100572158635085895e-01
2.108651588403397670e-01
2.116762094078867840e-01
2.124903795188744504e-01
2.133076811720012733e-01
2.141281264121164540e-01
2.149517273303972464e-01
2.157784960645271755e-01
2.166084447988749218e-01
2.174415857646739281e-01
2.182779312402024219e-01
2.191174935509651867e-01
2.199602850698739731e-01
2.208063182174306027e-01
2.216556054619099880e-01
2.225081593195435969e-01
2.233639923547042216e-01
2.242231171800909695e-01
2.250855464569150866e-01
2.259512928950866695e-01
2.268203692534019877e-01
2.276927883397313612e-01
2.285685630112079536e-01
2.294477061744177870e-01
2.303302307855889797e-01
2.312161498507833424e-01
2.321054764260878089e-01
2.329982236178070598e-01
2.338944045826565066e-01
2.347940325279562201e-01
2.356971207118256084e-01
2.366036824433787600e-01
2.375137310829205373e-01
2.384272800421436689e-01
2.393443427843259530e-01
2.402649328245296811e-01
2.411890637297994522e-01
2.421167491193630394e-01
2.430480026648318137e-01
2.439828380904021932e-01
2.449212691730581204e-01
2.458633097427738445e-01
2.468089736827177860e-01
2.477582749294573172e-01
2.487112274731639316e-01
2.496678453578195789e-01
2.506281426814233049e-01
2.515921335961999183e-01
2.525598323088074082e-01
2.535312530805468034e-01
2.545064102275725881e-01
2.554853181211033664e-01
2.564679911876337481e-01
2.574544439091469572e-01
2.584446908233283824e-01
2.594387465237794621e-01
2.604366256602333451e-01
2.614383429387700519e-01
2.624439131220336341e-01
2.634533510294503333e-01
2.644666715374456301e-01
2.654838895796644005e-01
2.665050201471907410e-01
2.675300782887691242e-01
2.685590791110258335e-01
2.695920377786918398e-01
2.706289695148262342e-01
2.716698896010404929e-01
2.727148133777237415e-01
2.737637562442688521e-01
2.748167336592994836e-01
2.758737611408972890e-01
2.769348542668321755e-01
2.780000286747899008e-01
2.790693000626036091e-01
2.801426841884852026e-01
2.812201968712573219e-01
2.823018539905864377e-01
2.833876714872170521e-01
2.844776653632066221e-01
2.855718516821612041e-01
2.866702465694722646e-01
2.877728662125544901e-01
2.888797268610838187e-01
2.899908448272382477e-01
2.911062364859363649e-01
2.922259182750799322e-01
2.933499066957958035e-01
2.944782183126790631e-01
2.956108697540372199e-01
2.967478777121352884e-01
2.978892589434416482e-01
2.990350302688751793e-01
3.001852085740528975e-01
3.013398108095390882e-01
3.024988539910946073e-01
3.036623551999290127e-01
3.048303315829504201e-01
3.060028003530191887e-01
3.071797787892017739e-01
3.083612842370248575e-01
3.095473341087314756e-01
3.107379458835369812e-01
3.119331371078874482e-01
3.131329253957175207e-01
3.143373284287105385e-01
3.155463639565587175e-01
3.167600497972246631e-01
3.179784038372051591e-01
3.192014440317928470e-01
3.204291884053422357e-01
3.216616550515346007e-01
3.228988621336452702e-01
3.241408278848108004e-01
3.253875706082978159e-01
3.266391086777729602e-01
3.278954605375733466e-01
3.291566447029785625e-01
3.304226797604835064e-01
3.316935843680720586e-01
3.329693772554931375e-01
3.342500772245350915e-01
3.355357031493036990e-01
3.368262739765003344e-01
3.381218087257010230e-01
3.394223264896368275e-01
3.407278464344750679e-01
3.420383878001019839e-01
3.433539699004061196e-01
3.446746121235630400e-01
3.460003339323210469e-01
3.473311548642877278e-01
3.486670945322190018e-01
3.500081726243064462e-01
3.513544089044686736e-01
3.527058232126422110e-01
3.540624354650738770e-01
3.554242656546143797e-01
3.567913338510129151e-01
3.581636602012129855e-01
3.595412649296492180e-01
3.609241683385455146e-01
3.623123908082142020e-01
3.637059527973559581e-01
3.651048748433629587e-01
3.665091775626191928e-01
3.679188816508058846e-01
3.693340078832058615e-01
3.707545771150100311e-01
3.721806102816246353e-01
3.736121283989797259e-01
3.750491525638389168e-01
3.764917039541103017e-01
3.779398038291585382e-01
3.793934735301182082e-01
3.808527344802078440e-01
3.823176081850472308e-01
3.837881162329722651e-01
3.852642802953541445e-01
3.867461221269187233e-01
3.882336635660673108e-01
3.897269265351978595e-01
3.912259330410287061e-01
3.927307051749225342e-01
3.942412651132120027e-01
3.957576351175265961e-01
3.972798375351207500e-01
3.988078947992025891e-01
4.003418294292664936e-01
4.018816640314222255e-01
4.034274212987298269e-01
4.049791240115336866e-01
4.065367950377981043e-01
4.081004573334445773e-01
4.096701339426899735e-01
4.112458479983859272e-01
4.128276227223600658e-01
4.144154814257581809e-01
4.160094475093875643e-01
4.176095444640617882e-01
4.192157958709482046e-01
4.208282254019132806e-01
4.224468568198729290e-01
4.240717139791423951e-01
4.257028208257876423e-01
4.273402013979785696e-01
4.289838798263428954e-01
4.306338803343220945e-01
4.322902272385282241e-01
4.339529449491021929e-01
4.356220579700738615e-01
4.372975908997222549e-01
4.389795684309402146e-01
4.406680153515955545e-01
4.423629565448979339e-01
4.440644169897652871e-01
4.457724217611920836e-01
4.474869960306188110e-01
4.492081650663026782e-01
4.509359542336900950e-01
4.526703889957908733e-01
4.544114949135530379e-01
4.561592976462395255e-01
4.579138229518063263e-01
4.596750966872834021e-01
4.614431448091532162e-01
4.632179933737353150e-01
4.649996685375693550e-01
4.667881965578011272e-01
4.685836037925690811e-01
4.703859167013932363e-01
4.721951618455645372e-01
4.740113658885367065e-01
4.758345555963192086e-01
4.776647578378714898e-01
4.795019995854987727e-01
4.813463079152509039e-01
4.831977100073192033e-01
4.850562331464385868e-01
4.869219047222891894e-01
4.887947522298999870e-01
4.906748032700541384e-01
4.925620855496958272e-01
4.944566268823381572e-01
4.963584551884736573e-01
