 0.418879020E-02   0.552139324E+05   0.188575403E+05   0.296951583E+05   0.523046938E+05   0.336059016E+05   0.102165232E+06
 0.837758040E-02   0.742611385E+05   0.134088450E+05   0.335985436E+05   0.380549834E+05   0.202694583E+04   0.456307329E+05
 0.125663710E-01   0.811190125E+05   0.125582284E+05   0.394604315E+05   0.319225112E+05   0.266295143E+05   0.455791471E+05
 0.167551610E-01   0.821983732E+05   0.857283030E+04   0.373874553E+05   0.217094820E+05   0.203485235E+04   0.283865981E+05
 0.209439510E-01   0.778563289E+05   0.597710069E+04   0.357283444E+05   0.153549754E+05   0.100133739E+05   0.200932851E+05
 0.251327410E-01   0.711862987E+05   0.492085325E+04   0.312676384E+05   0.123734954E+05  -0.277556525E+04   0.178878274E+05
 0.293215310E-01   0.636177480E+05   0.362324610E+04   0.277145577E+05   0.919022931E+04  -0.159032231E+04   0.128382282E+05
 0.335103220E-01   0.563186332E+05   0.294955005E+04   0.250765696E+05   0.790256855E+04   0.484337311E+04   0.105429557E+05
 0.376991120E-01   0.501942171E+05   0.231596235E+04   0.211029951E+05   0.555480034E+04  -0.638853711E+04   0.716512217E+04
 0.418879020E-01   0.449979955E+05   0.199715914E+04   0.201774393E+05   0.484848201E+04   0.781296575E+04   0.653464867E+04
 0.460766920E-01   0.411433207E+05   0.154586082E+04   0.178183210E+05   0.413762876E+04   0.212404536E+04   0.543633803E+04
 0.502654820E-01   0.383016679E+05   0.140744689E+04   0.158596480E+05   0.321272621E+04  -0.299769075E+04   0.454515972E+04
 0.544542730E-01   0.359574508E+05   0.110129186E+04   0.153709384E+05   0.307508689E+04   0.292978401E+04   0.406849738E+04
 0.586430630E-01   0.342482714E+05   0.107229980E+04   0.142560332E+05   0.264760620E+04   0.765178643E+03   0.330780006E+04
 0.628318530E-01   0.328199370E+05   0.975846325E+03   0.134766275E+05   0.247835852E+04   0.119765931E+04   0.327086626E+04
 0.670206430E-01   0.309860110E+05   0.839550709E+03   0.123102469E+05   0.209050129E+04  -0.157767517E+04   0.286776843E+04
 0.712094330E-01   0.289348347E+05   0.727905793E+03   0.116862180E+05   0.183196492E+04   0.147844865E+04   0.247466932E+04
 0.753982240E-01   0.268748716E+05   0.632988530E+03   0.108188524E+05   0.162851263E+04   0.171313351E+04   0.204251815E+04
 0.795870140E-01   0.247194978E+05   0.538952630E+03   0.980594310E+04   0.153722089E+04   0.571460651E+03   0.196970271E+04
 0.837758040E-01   0.227374967E+05   0.531347202E+03   0.896777901E+04   0.126575837E+04   0.172905825E+03   0.170654812E+04
 0.879645940E-01   0.208599250E+05   0.427417323E+03   0.823396041E+04   0.113246679E+04  -0.443485735E+03   0.142911273E+04
 0.921533850E-01   0.192327779E+05   0.412897674E+03   0.780073628E+04   0.101589222E+04   0.182325893E+04   0.131253291E+04
 0.963421750E-01   0.178908456E+05   0.360891194E+03   0.708373184E+04   0.892453245E+03  -0.396561151E+03   0.117185040E+04
 0.100530960E+00   0.167732249E+05   0.324512626E+03   0.667337362E+04   0.794088904E+03   0.133558707E+03   0.110507351E+04
 0.104719760E+00   0.159420242E+05   0.307175235E+03   0.633829926E+04   0.745320973E+03   0.777322588E+03   0.993458619E+03
 0.108908550E+00   0.152514273E+05   0.283161788E+03   0.598047050E+04   0.682331957E+03   0.677643220E+03   0.884967864E+03
 0.113097340E+00   0.146730492E+05   0.257033454E+03   0.561462182E+04   0.652294373E+03   0.510815742E+03   0.850591296E+03
 0.117286130E+00   0.141560692E+05   0.228275957E+03   0.522377541E+04   0.586838185E+03  -0.264673631E+03   0.809869358E+03
 0.121474920E+00   0.136431813E+05   0.235064354E+03   0.500570119E+04   0.526461752E+03   0.828485735E+03   0.748055555E+03
 0.125663710E+00   0.131502078E+05   0.202976680E+03   0.471775830E+04   0.487973817E+03   0.574027500E+03   0.685053600E+03
 0.129852500E+00   0.125566604E+05   0.178398486E+03   0.440929811E+04   0.479996823E+03   0.246049971E+03   0.618886874E+03
 0.134041290E+00   0.119638820E+05   0.190038685E+03   0.417360763E+04   0.436842773E+03   0.245571178E+03   0.602643604E+03
 0.138230080E+00   0.113733702E+05   0.175031925E+03   0.393590365E+04   0.409832486E+03   0.115627766E+03   0.579520347E+03
 0.142418870E+00   0.107498780E+05   0.156684060E+03   0.375645756E+04   0.374072400E+03   0.424783189E+03   0.525391464E+03
 0.146607660E+00   0.102155508E+05   0.157669122E+03   0.360598496E+04   0.362159456E+03   0.690998077E+03   0.478611886E+03
 0.150796450E+00   0.970807607E+04   0.141854849E+03   0.337775434E+04   0.326790865E+03  -0.962158422E+02   0.437221343E+03
 0.154985240E+00   0.924502879E+04   0.132683361E+03   0.328121542E+04   0.305007271E+03   0.739763883E+03   0.431786328E+03
 0.159174030E+00   0.884395816E+04   0.121564023E+03   0.305434603E+04   0.273745129E+03  -0.722461845E+02   0.393450179E+03
 0.163362820E+00   0.850324227E+04   0.119773288E+03   0.292984514E+04   0.283408598E+03   0.269208641E+03   0.365598879E+03
 0.167551610E+00   0.821466047E+04   0.110499018E+03   0.278265905E+04   0.272756676E+03   0.459464514E+03   0.365618768E+03
 0.171740400E+00   0.794327823E+04   0.104265577E+03   0.261083005E+04   0.249349703E+03   0.247181411E+03   0.334024928E+03
 0.175929190E+00   0.769118244E+04   0.959206119E+02   0.245194834E+04   0.224599117E+03   0.326036353E+03   0.318666297E+03
 0.180117980E+00   0.746127983E+04   0.100924992E+03   0.231238444E+04   0.229247850E+03   0.205283458E+03   0.291719697E+03
 0.184306770E+00   0.722547794E+04   0.862856406E+02   0.218576767E+04   0.208629601E+03   0.455983752E+03   0.287992968E+03
 0.188495560E+00   0.698646599E+04   0.853008497E+02   0.203382076E+04   0.196133953E+03   0.214879721E+02   0.275336505E+03
 0.192684350E+00   0.674194945E+04   0.822014497E+02   0.193877406E+04   0.193578706E+03   0.433429205E+03   0.271256866E+03
 0.196873140E+00   0.650976365E+04   0.797024715E+02   0.184317858E+04   0.181326538E+03   0.280382680E+03   0.241154458E+03
 0.201061930E+00   0.628509775E+04   0.722955230E+02   0.175046852E+04   0.170422177E+03   0.301651897E+03   0.235265438E+03
 0.205250720E+00   0.605752664E+04   0.741158305E+02   0.167017238E+04   0.168104744E+03   0.292040663E+03   0.227060528E+03
 0.209439510E+00   0.584156387E+04   0.675242884E+02   0.159551780E+04   0.156790568E+03   0.294444361E+03   0.223074092E+03
 0.213628300E+00   0.565011309E+04   0.670065728E+02   0.151369504E+04   0.152806027E+03   0.241199806E+03   0.201287176E+03
 0.217817090E+00   0.546481099E+04   0.602659935E+02   0.143927160E+04   0.145967819E+03   0.243192893E+03   0.190993310E+03
 0.222005880E+00   0.529056222E+04   0.640564641E+02   0.136164517E+04   0.137188076E+03   0.324419988E+03   0.188066044E+03
 0.226194670E+00   0.513143118E+04   0.615058752E+02   0.128480233E+04   0.139920853E+03   0.231118548E+03   0.188354602E+03
 0.230383460E+00   0.497966122E+04   0.562326921E+02   0.120969929E+04   0.128841828E+03   0.269034068E+03   0.170677558E+03
 0.234572250E+00   0.484069228E+04   0.533115198E+02   0.113356517E+04   0.130456892E+03   0.313575577E+03   0.162143700E+03
 0.238761040E+00   0.470591273E+04   0.515416839E+02   0.105728890E+04   0.121299324E+03   0.175387287E+03   0.162505905E+03
 0.242949830E+00   0.457386541E+04   0.485035909E+02   0.986115748E+03   0.116026050E+03   0.232914983E+03   0.151387022E+03
 0.247138620E+00   0.445054465E+04   0.473979544E+02   0.919771232E+03   0.111511616E+03   0.350823698E+03   0.144945295E+03
 0.251327410E+00   0.431743826E+04   0.468110029E+02   0.856911832E+03   0.105980542E+03   0.264005159E+03   0.143283700E+03
 0.255516200E+00   0.419904970E+04   0.440836100E+02   0.805822116E+03   0.107479658E+03   0.267882083E+03   0.140546014E+03
 0.259704990E+00   0.408220910E+04   0.440962690E+02   0.748449758E+03   0.101022753E+03   0.315798505E+03   0.134049333E+03
 0.263893780E+00   0.397306924E+04   0.420571274E+02   0.707088639E+03   0.987590703E+02   0.244809307E+03   0.131512943E+03
 0.268082570E+00   0.386206052E+04   0.381762222E+02   0.652077556E+03   0.979621833E+02   0.211861885E+03   0.125889184E+03
 0.272271360E+00   0.375870891E+04   0.393138471E+02   0.608801417E+03   0.953965974E+02   0.261252753E+03   0.115787508E+03
 0.276460150E+00   0.365808140E+04   0.383502378E+02   0.566941146E+03   0.886689209E+02   0.410086497E+03   0.120414276E+03
 0.280648940E+00   0.355642785E+04   0.350805959E+02   0.519239235E+03   0.834958563E+02   0.131829582E+03   0.110532006E+03
 0.284837730E+00   0.346467356E+04   0.355910621E+02   0.481091353E+03   0.825315952E+02   0.300087689E+03   0.111088025E+03
 0.289026520E+00   0.337395622E+04   0.353320868E+02   0.438226420E+03   0.796299649E+02   0.273794600E+03   0.103709894E+03
 0.293215310E+00   0.329145352E+04   0.329658660E+02   0.391049566E+03   0.780499029E+02   0.261815321E+03   0.101313731E+03
 0.297404100E+00   0.321040477E+04   0.332772375E+02   0.356621932E+03   0.761307681E+02   0.276146368E+03   0.960630927E+02
 0.301592890E+00   0.313078899E+04   0.322649503E+02   0.320384077E+03   0.743924307E+02   0.237554144E+03   0.957488994E+02
 0.305781680E+00   0.305362871E+04   0.316118769E+02   0.284992593E+03   0.706373618E+02   0.342423639E+03   0.918904226E+02
 0.309970480E+00   0.297668185E+04   0.289565890E+02   0.246923259E+03   0.708873065E+02   0.229516612E+03   0.886762799E+02
 0.314159270E+00   0.290529241E+04   0.308374015E+02   0.218382262E+03   0.648146225E+02   0.279645727E+03   0.870084464E+02
 0.318348060E+00   0.283461436E+04   0.285491351E+02   0.183027242E+03   0.645341187E+02   0.236991264E+03   0.848967779E+02
 0.322536850E+00   0.276540797E+04   0.277551327E+02   0.155586654E+03   0.603657891E+02   0.278170895E+03   0.834698865E+02
 0.326725640E+00   0.270194559E+04   0.264987844E+02   0.123403951E+03   0.589527742E+02   0.332115794E+03   0.831131654E+02
 0.330914430E+00   0.263653135E+04   0.279003499E+02   0.962491424E+02   0.628513612E+02   0.238881571E+03   0.814395607E+02
 0.335103220E+00   0.257609800E+04   0.269773811E+02   0.695674480E+02   0.580593083E+02   0.270164838E+03   0.782893617E+02
 0.339292010E+00   0.251487060E+04   0.250337124E+02   0.456179868E+02   0.575310151E+02   0.301370725E+03   0.759974280E+02
 0.343480800E+00   0.245762782E+04   0.244490537E+02   0.183974851E+02   0.562204075E+02   0.280114038E+03   0.741622172E+02
 0.347669590E+00   0.240246305E+04   0.240545774E+02  -0.534062785E+01   0.546202356E+02   0.260339299E+03   0.717503941E+02
 0.351858380E+00   0.234550178E+04   0.239971773E+02  -0.282453610E+02   0.509213915E+02   0.269068340E+03   0.688586013E+02
 0.356047170E+00   0.229506390E+04   0.229100829E+02  -0.482648748E+02   0.506514672E+02   0.343472767E+03   0.664728024E+02
 0.360235960E+00   0.224277045E+04   0.232287051E+02  -0.728306220E+02   0.514169723E+02   0.259821695E+03   0.674708450E+02
 0.364424750E+00   0.219403817E+04   0.216875426E+02  -0.908794280E+02   0.505936454E+02   0.283156277E+03   0.664197665E+02
 0.368613540E+00   0.214356067E+04   0.220178549E+02  -0.111258446E+03   0.510859773E+02   0.280222883E+03   0.642090025E+02
 0.372802330E+00   0.209639258E+04   0.204639111E+02  -0.132320086E+03   0.473356259E+02   0.302613917E+03   0.632357116E+02
 0.376991120E+00   0.205172282E+04   0.207390973E+02  -0.147468977E+03   0.461748992E+02   0.283201582E+03   0.605581888E+02
 0.381179910E+00   0.200674381E+04   0.202123432E+02  -0.168420562E+03   0.452781765E+02   0.315896816E+03   0.602204576E+02
 0.385368700E+00   0.196439582E+04   0.207616322E+02  -0.185203208E+03   0.452953979E+02   0.306456411E+03   0.579277708E+02
 0.389557490E+00   0.192365936E+04   0.204304991E+02  -0.200903701E+03   0.450386365E+02   0.291582649E+03   0.594350252E+02
 0.393746280E+00   0.188125681E+04   0.190269254E+02  -0.217002809E+03   0.425711932E+02   0.250392038E+03   0.577108432E+02
 0.397935070E+00   0.184341187E+04   0.189116330E+02  -0.228945480E+03   0.420899050E+02   0.327298652E+03   0.557078897E+02
 0.402123860E+00   0.180491634E+04   0.184278623E+02  -0.245530688E+03   0.419766709E+02   0.270276245E+03   0.540105803E+02
 0.406312650E+00   0.176617945E+04   0.175458861E+02  -0.256840985E+03   0.391202753E+02   0.341171414E+03   0.542731105E+02
 0.410501440E+00   0.172868180E+04   0.173502429E+02  -0.270766449E+03   0.392709497E+02   0.283893577E+03   0.513584012E+02
 0.414690230E+00   0.169254102E+04   0.171109602E+02  -0.284525922E+03   0.390022961E+02   0.303395526E+03   0.500627330E+02
 0.418879020E+00   0.165896305E+04   0.172147241E+02  -0.296570576E+03   0.380821442E+02   0.370768976E+03   0.484355650E+02
 0.423067810E+00   0.162405378E+04   0.162443344E+02  -0.306574548E+03   0.370668733E+02   0.237610980E+03   0.508468647E+02
 0.427256600E+00   0.159239386E+04   0.170035851E+02  -0.320536441E+03   0.372011267E+02   0.335826232E+03   0.488863428E+02
 0.431445390E+00   0.156038739E+04   0.158687881E+02  -0.331900460E+03   0.351347812E+02   0.297913875E+03   0.471260600E+02
 0.435634180E+00   0.152953779E+04   0.154203572E+02  -0.342291485E+03   0.367102588E+02   0.368852081E+03   0.451467468E+02
 0.439822970E+00   0.149684303E+04   0.160105260E+02  -0.348886800E+03   0.354817435E+02   0.278411003E+03   0.471422520E+02
 0.444011760E+00   0.146783289E+04   0.156649659E+02  -0.361425594E+03   0.339176432E+02   0.297320967E+03   0.449369983E+02
 0.448200550E+00   0.143859834E+04   0.151604002E+02  -0.367492620E+03   0.331988615E+02   0.324737662E+03   0.436205855E+02
 0.452389340E+00   0.141175611E+04   0.154271045E+02  -0.379032781E+03   0.340659236E+02   0.319134123E+03   0.440698522E+02
 0.456578130E+00   0.138349027E+04   0.146843434E+02  -0.385028791E+03   0.319436142E+02   0.308564007E+03   0.428117990E+02
 0.460766920E+00   0.135584574E+04   0.148664012E+02  -0.393702054E+03   0.327981808E+02   0.314644006E+03   0.411641033E+02
 0.464955710E+00   0.133097461E+04   0.138368714E+02  -0.404115876E+03   0.320598390E+02   0.348834099E+03   0.421272492E+02
 0.469144500E+00   0.130427068E+04   0.139550186E+02  -0.407966164E+03   0.306011733E+02   0.317924103E+03   0.414811556E+02
 0.473333290E+00   0.128007545E+04   0.141209997E+02  -0.415931011E+03   0.302344715E+02   0.303303773E+03   0.415724742E+02
 0.477522080E+00   0.125621734E+04   0.134670137E+02  -0.422941423E+03   0.291423920E+02   0.315004051E+03   0.388782083E+02
 0.481710870E+00   0.123202060E+04   0.138550690E+02  -0.430000162E+03   0.293187820E+02   0.352952081E+03   0.375243558E+02
 0.485899660E+00   0.120884750E+04   0.131943733E+02  -0.433932158E+03   0.282959334E+02   0.333875837E+03   0.370152338E+02
 0.490088450E+00   0.118630440E+04   0.132958334E+02  -0.441766549E+03   0.289193218E+02   0.329783821E+03   0.355214691E+02
 0.494277240E+00   0.116418741E+04   0.130983040E+02  -0.445763124E+03   0.286278152E+02   0.313492746E+03   0.373866712E+02
 0.498466030E+00   0.114290535E+04   0.127882403E+02  -0.452926261E+03   0.289980923E+02   0.357439888E+03   0.359421880E+02
 0.502654820E+00   0.112166493E+04   0.130234868E+02  -0.457963217E+03   0.276626415E+02   0.308213589E+03   0.342974595E+02
 0.506843610E+00   0.110043883E+04   0.123878386E+02  -0.460692824E+03   0.284849438E+02   0.341363500E+03   0.353914845E+02
 0.511032400E+00   0.108125447E+04   0.123903948E+02  -0.466934850E+03   0.267621876E+02   0.347357089E+03   0.355428879E+02
 0.515221200E+00   0.106085015E+04   0.126794329E+02  -0.469075676E+03   0.275299845E+02   0.339358832E+03   0.348404533E+02
 0.519409990E+00   0.104190779E+04   0.119406168E+02  -0.473670520E+03   0.265637423E+02   0.347607171E+03   0.344865955E+02
 0.523598780E+00   0.102366854E+04   0.114770801E+02  -0.477660701E+03   0.245935918E+02   0.327608431E+03   0.345732489E+02
 0.527787570E+00   0.100460389E+04   0.111860958E+02  -0.480712272E+03   0.252333121E+02   0.348134576E+03   0.335157008E+02
 0.531976360E+00   0.987111170E+03   0.117210630E+02  -0.484359014E+03   0.247177200E+02   0.335535120E+03   0.310237730E+02
 0.536165150E+00   0.968849677E+03   0.111293032E+02  -0.484881890E+03   0.247057653E+02   0.279829235E+03   0.321929142E+02
