* De conditionele overschrijdingskans van de zeewaterstand met statistische onzekerheid gegeven de windrichting
* voor een 12-uursperiode te Delfzijl, gelegen op locatie: 
* 258000, 594430
* 
* Deze statistiek is afgeleid met dezelfde methode als gebruikt in 3280.20.03.
* De door Deltares op 10 november 2016 aangeleverde statistiek is gebruikt als bron.
*
* Het waterstandsbereik waarvoor de overschrijdingskansen zijn gegeven is het hoogwater 2017 tot 8.00 m + NAP
* met een stapgrootte van 0.1 m. De laatste stapgrootte kan afwijken om op 8.00 m uit te komen. Hierbij wordt
* een stapgrootte van minimaal 6 en maximaal 15 cm gekozen.
* 
* Door: G.W.F. Rongen van HKV lijn in water
* Project: PR3510.10
*
* m (m+NAP) 30              60              90              120             150             180             210             240             270             300             330             360
  1.42      1.000e+00       1.000e+00       1.000e+00       1.000e+00       1.000e+00       1.000e+00       1.000e+00       1.000e+00       1.000e+00       1.000e+00       1.000e+00       1.000e+00       
  1.52      3.790e-01       3.319e-01       3.031e-01       3.372e-01       3.330e-01       2.763e-01       3.231e-01       3.678e-01       4.910e-01       5.121e-01       4.872e-01       4.043e-01       
  1.62      1.434e-01       1.091e-01       9.033e-02       1.127e-01       1.098e-01       7.443e-02       1.032e-01       1.348e-01       2.433e-01       2.649e-01       2.395e-01       1.638e-01       
  1.72      5.523e-02       3.699e-02       2.802e-02       3.881e-02       3.734e-02       2.104e-02       3.475e-02       5.363e-02       1.296e-01       1.476e-01       1.269e-01       7.175e-02       
  1.82      2.386e-02       1.563e-02       1.165e-02       1.644e-02       1.578e-02       8.600e-03       1.704e-02       3.645e-02       1.060e-01       1.265e-01       1.048e-01       5.165e-02       
  1.92      1.031e-02       6.752e-03       5.032e-03       7.102e-03       6.819e-03       3.716e-03       8.837e-03       2.702e-02       9.230e-02       1.155e-01       9.244e-02       4.016e-02       
  2.02      4.341e-03       2.843e-03       2.119e-03       2.991e-03       2.872e-03       1.565e-03       4.488e-03       1.986e-02       7.984e-02       1.048e-01       8.103e-02       3.096e-02       
  2.12      1.783e-03       1.168e-03       8.703e-04       1.228e-03       1.179e-03       6.426e-04       2.234e-03       1.447e-02       6.860e-02       9.454e-02       7.058e-02       2.366e-02       
  2.22      7.142e-04       4.678e-04       3.487e-04       4.921e-04       4.725e-04       2.574e-04       1.090e-03       1.046e-02       5.856e-02       8.481e-02       6.110e-02       1.793e-02       
  2.32      2.793e-04       1.829e-04       1.363e-04       1.924e-04       1.848e-04       1.007e-04       5.211e-04       7.504e-03       4.966e-02       7.562e-02       5.256e-02       1.347e-02       
  2.42      1.067e-04       6.986e-05       5.207e-05       7.348e-05       7.056e-05       3.845e-05       2.445e-04       5.340e-03       4.183e-02       6.703e-02       4.494e-02       1.004e-02       
  2.52      3.979e-05       2.606e-05       1.942e-05       2.741e-05       2.632e-05       1.434e-05       1.125e-04       3.771e-03       3.501e-02       5.906e-02       3.818e-02       7.421e-03       
  2.62      1.451e-05       9.502e-06       7.082e-06       9.995e-06       9.597e-06       5.229e-06       5.084e-05       2.643e-03       2.911e-02       5.172e-02       3.224e-02       5.442e-03       
  2.72      5.171e-06       3.387e-06       2.524e-06       3.563e-06       3.421e-06       1.864e-06       2.255e-05       1.839e-03       2.404e-02       4.502e-02       2.706e-02       3.960e-03       
  2.82      1.803e-06       1.181e-06       8.800e-07       1.242e-06       1.193e-06       6.498e-07       9.823e-06       1.270e-03       1.973e-02       3.895e-02       2.257e-02       2.858e-03       
  2.92      6.148e-07       4.027e-07       3.001e-07       4.236e-07       4.067e-07       2.216e-07       4.203e-06       8.709e-04       1.609e-02       3.349e-02       1.871e-02       2.048e-03       
  3.02      2.052e-07       1.344e-07       1.002e-07       1.414e-07       1.358e-07       7.397e-08       1.767e-06       5.931e-04       1.304e-02       2.861e-02       1.542e-02       1.456e-03       
  3.12      6.706e-08       4.392e-08       3.273e-08       4.620e-08       4.436e-08       2.417e-08       7.300e-07       4.011e-04       1.049e-02       2.430e-02       1.263e-02       1.027e-03       
  3.22      2.146e-08       1.405e-08       1.047e-08       1.478e-08       1.419e-08       7.734e-09       2.965e-07       2.694e-04       8.393e-03       2.050e-02       1.028e-02       7.194e-04       
  3.32      6.724e-09       4.404e-09       3.283e-09       4.633e-09       4.448e-09       2.424e-09       1.184e-07       1.797e-04       6.670e-03       1.719e-02       8.315e-03       5.002e-04       
  3.42      2.065e-09       1.352e-09       1.008e-09       1.422e-09       1.366e-09       7.442e-10       4.649e-08       1.191e-04       5.267e-03       1.432e-02       6.686e-03       3.452e-04       
  3.52      6.213e-10       4.069e-10       3.033e-10       4.280e-10       4.110e-10       2.240e-10       1.796e-08       7.842e-05       4.133e-03       1.186e-02       5.343e-03       2.365e-04       
  3.62      1.833e-10       1.200e-10       8.947e-11       1.263e-10       1.212e-10       6.606e-11       6.823e-09       5.130e-05       3.222e-03       9.752e-03       4.245e-03       1.609e-04       
  3.72      5.300e-11       3.472e-11       2.587e-11       3.652e-11       3.506e-11       1.911e-11       2.551e-09       3.335e-05       2.497e-03       7.970e-03       3.352e-03       1.087e-04       
  3.82      1.503e-11       9.847e-12       7.339e-12       1.036e-11       9.945e-12       5.419e-12       9.386e-10       2.154e-05       1.922e-03       6.471e-03       2.631e-03       7.293e-05       
  3.92      4.182e-12       2.739e-12       2.042e-12       2.881e-12       2.767e-12       1.508e-12       3.399e-10       1.383e-05       1.471e-03       5.220e-03       2.052e-03       4.858e-05       
  4.02      1.141e-12       7.476e-13       5.572e-13       7.864e-13       7.550e-13       4.114e-13       1.212e-10       8.821e-06       1.118e-03       4.183e-03       1.591e-03       3.214e-05       
  4.12      3.021e-13       1.979e-13       1.475e-13       2.081e-13       1.998e-13       1.089e-13       4.206e-11       5.554e-06       8.406e-04       3.316e-03       1.221e-03       2.097e-05       
  4.22      8.162e-14       5.346e-14       3.985e-14       5.623e-14       5.399e-14       2.942e-14       1.478e-11       3.505e-06       6.308e-04       2.621e-03       9.350e-04       1.370e-05       
  4.32      2.205e-14       1.445e-14       1.077e-14       1.519e-14       1.459e-14       7.950e-15       5.178e-12       2.206e-06       4.712e-04       2.060e-03       7.127e-04       8.912e-06       
  4.42      5.906e-15       3.868e-15       2.883e-15       4.069e-15       3.907e-15       2.129e-15       1.798e-12       1.382e-06       3.500e-04       1.609e-03       5.403e-04       5.766e-06       
  4.52      1.568e-15       1.027e-15       7.656e-16       1.080e-15       1.037e-15       5.653e-16       6.193e-13       8.617e-07       2.585e-04       1.249e-03       4.074e-04       3.710e-06       
  4.62      4.131e-16       2.705e-16       2.016e-16       2.846e-16       2.732e-16       1.489e-16       2.115e-13       5.350e-07       1.899e-04       9.633e-04       3.055e-04       2.375e-06       
  4.72      1.079e-16       7.071e-17       5.270e-17       7.437e-17       7.141e-17       3.891e-17       7.169e-14       3.306e-07       1.387e-04       7.383e-04       2.278e-04       1.512e-06       
  4.82      2.798e-17       1.833e-17       1.366e-17       1.928e-17       1.851e-17       1.009e-17       2.408e-14       2.032e-07       1.006e-04       5.617e-04       1.688e-04       9.560e-07       
  4.92      7.198e-18       4.714e-18       3.514e-18       4.959e-18       4.761e-18       2.594e-18       8.026e-15       1.242e-07       7.249e-05       4.242e-04       1.242e-04       6.007e-07       
  5.02      1.860e-18       1.219e-18       9.082e-19       1.282e-18       1.231e-18       6.706e-19       2.681e-15       7.586e-08       5.207e-05       3.190e-04       9.116e-05       3.769e-07       
  5.12      4.885e-19       3.199e-19       2.385e-19       3.365e-19       3.231e-19       1.761e-19       9.040e-16       4.636e-08       3.730e-05       2.389e-04       6.670e-05       2.363e-07       
  5.22      1.291e-19       8.457e-20       6.303e-20       8.895e-20       8.541e-20       4.654e-20       3.053e-16       2.828e-08       2.661e-05       1.780e-04       4.859e-05       1.477e-07       
  5.32      3.414e-20       2.236e-20       1.667e-20       2.352e-20       2.258e-20       1.231e-20       1.030e-16       1.720e-08       1.889e-05       1.318e-04       3.523e-05       9.196e-08       
  5.42      9.026e-21       5.912e-21       4.406e-21       6.218e-21       5.970e-21       3.253e-21       3.464e-17       1.043e-08       1.334e-05       9.702e-05       2.541e-05       5.703e-08       
  5.52      2.385e-21       1.562e-21       1.164e-21       1.643e-21       1.578e-21       8.597e-22       1.163e-17       6.302e-09       9.373e-06       7.097e-05       1.823e-05       3.522e-08       
  5.62      6.304e-22       4.129e-22       3.077e-22       4.343e-22       4.170e-22       2.272e-22       3.901e-18       3.800e-09       6.558e-06       5.164e-05       1.303e-05       2.168e-08       
  5.72      1.671e-22       1.094e-22       8.156e-23       1.151e-22       1.105e-22       6.023e-23       1.311e-18       2.293e-09       4.579e-06       3.745e-05       9.290e-06       1.334e-08       
  5.82      4.474e-23       2.930e-23       2.184e-23       3.082e-23       2.960e-23       1.613e-23       4.445e-19       1.387e-09       3.194e-06       2.710e-05       6.616e-06       8.226e-09       
  5.92      1.220e-23       7.994e-24       5.958e-24       8.408e-24       8.073e-24       4.399e-24       1.528e-19       8.412e-10       2.225e-06       1.955e-05       4.704e-06       5.077e-09       
  6.02      3.398e-24       2.226e-24       1.659e-24       2.341e-24       2.248e-24       1.225e-24       5.322e-20       5.106e-10       1.546e-06       1.405e-05       3.336e-06       3.134e-09       
  6.12      9.603e-25       6.290e-25       4.688e-25       6.616e-25       6.352e-25       3.461e-25       1.868e-20       3.099e-10       1.072e-06       1.006e-05       2.359e-06       1.932e-09       
  6.22      2.738e-25       1.793e-25       1.336e-25       1.886e-25       1.811e-25       9.868e-26       6.586e-21       1.880e-10       7.410e-07       7.179e-06       1.664e-06       1.190e-09       
  6.32      7.849e-26       5.141e-26       3.832e-26       5.408e-26       5.192e-26       2.829e-26       2.329e-21       1.141e-10       5.115e-07       5.109e-06       1.172e-06       7.331e-10       
  6.42      2.262e-26       1.481e-26       1.104e-26       1.558e-26       1.496e-26       8.153e-27       8.267e-22       6.939e-11       3.528e-07       3.628e-06       8.244e-07       4.519e-10       
  6.52      6.556e-27       4.294e-27       3.200e-27       4.517e-27       4.337e-27       2.363e-27       2.949e-22       4.230e-11       2.433e-07       2.573e-06       5.797e-07       2.790e-10       
  6.62      1.915e-27       1.255e-27       9.350e-28       1.320e-27       1.267e-27       6.904e-28       1.060e-22       2.586e-11       1.678e-07       1.823e-06       4.075e-07       1.727e-10       
  6.72      5.657e-28       3.705e-28       2.761e-28       3.897e-28       3.742e-28       2.039e-28       3.848e-23       1.586e-11       1.157e-07       1.289e-06       2.863e-07       1.071e-10       
  6.82      1.694e-28       1.109e-28       8.268e-29       1.167e-28       1.120e-28       6.105e-29       1.412e-23       9.742e-12       7.972e-08       9.105e-07       2.010e-07       6.650e-11       
  6.92      5.149e-29       3.372e-29       2.513e-29       3.547e-29       3.406e-29       1.856e-29       5.239e-24       5.995e-12       5.488e-08       6.417e-07       1.410e-07       4.134e-11       
  7.02      1.588e-29       1.040e-29       7.751e-30       1.094e-29       1.050e-29       5.723e-30       1.961e-24       3.692e-12       3.774e-08       4.514e-07       9.876e-08       2.570e-11       
  7.12      4.955e-30       3.246e-30       2.419e-30       3.414e-30       3.278e-30       1.786e-30       7.391e-25       2.276e-12       2.593e-08       3.168e-07       6.909e-08       1.599e-11       
  7.22      1.561e-30       1.022e-30       7.618e-31       1.075e-30       1.032e-30       5.625e-31       2.800e-25       1.404e-12       1.779e-08       2.220e-07       4.828e-08       9.946e-12       
  7.32      4.949e-31       3.242e-31       2.416e-31       3.410e-31       3.274e-31       1.784e-31       1.065e-25       8.669e-13       1.220e-08       1.552e-07       3.369e-08       6.188e-12       
  7.42      1.578e-31       1.034e-31       7.705e-32       1.087e-31       1.044e-31       5.690e-32       4.066e-26       5.355e-13       8.351e-09       1.083e-07       2.349e-08       3.851e-12       
  7.52      5.059e-32       3.313e-32       2.469e-32       3.485e-32       3.346e-32       1.823e-32       1.557e-26       3.310e-13       5.712e-09       7.545e-08       1.636e-08       2.397e-12       
  7.62      1.629e-32       1.067e-32       7.950e-33       1.122e-32       1.077e-32       5.870e-33       5.984e-27       2.047e-13       3.904e-09       5.246e-08       1.138e-08       1.492e-12       
  7.72      5.265e-33       3.449e-33       2.570e-33       3.628e-33       3.483e-33       1.898e-33       2.306e-27       1.267e-13       2.665e-09       3.642e-08       7.904e-09       9.286e-13       
  7.82      1.710e-33       1.120e-33       8.345e-34       1.178e-33       1.131e-33       6.162e-34       8.912e-28       7.844e-14       1.818e-09       2.524e-08       5.486e-09       5.782e-13       
  7.92      5.573e-34       3.650e-34       2.720e-34       3.839e-34       3.686e-34       2.009e-34       3.454e-28       4.860e-14       1.239e-09       1.746e-08       3.804e-09       3.600e-13       
  8.00      2.280e-34       1.493e-34       1.113e-34       1.570e-34       1.508e-34       8.217e-35       1.622e-28       3.315e-14       9.112e-10       1.299e-08       2.836e-09       2.465e-13       