* De conditionele overschrijdingskans van de zeewaterstand gegeven de windrichting
* voor een 12-uursperiode te Delfzijl, gelegen op locatie: 
* 258000, 594430
*
* De getallen zijn afkomstig uit het spreadsheet Afleiding_zeewaterstandstatistiek.xls,               
* tabblad OvKans_Zeewaterstand.
* Speadsheet gemaakt door Matthijs Duits van HKV lijn in water op 29 april 2013
*
* De parameters voor de Weibullverdelingen (geldig voor een winterhalfjaar), die de basis vormen van 
* onderstaande conditionele overschrijdingskansen, zijn ontleend aan:
* Hydra-K, versie 3.6.5. Bestand: dfz.e30
*
* Onderstaand is m de zeewaterstand en r de windrichting
*
*m \ r   30            60            90            120           150           180           210           240           270           300           330           360
1.42     1.000E+00     1.000E+00     1.000E+00     1.000E+00     1.000E+00     1.000E+00     1.000E+00     1.000E+00     1.000E+00     1.000E+00     1.000E+00     1.000E+00
1.52     3.285E-01     3.055E-01     3.139E-01     3.447E-01     3.203E-01     2.860E-01     3.512E-01     3.873E-01     4.945E-01     5.120E-01     4.434E-01     3.526E-01
1.62     1.079E-01     9.330E-02     9.851E-02     1.188E-01     1.026E-01     8.181E-02     1.233E-01     1.500E-01     2.445E-01     2.621E-01     1.966E-01     1.244E-01
1.72     3.545E-02     2.850E-02     3.092E-02     4.094E-02     3.285E-02     2.340E-02     4.331E-02     5.812E-02     1.209E-01     1.342E-01     8.720E-02     4.385E-02
1.82     1.571E-02     1.263E-02     1.370E-02     1.815E-02     1.456E-02     1.037E-02     2.293E-02     4.346E-02     1.060E-01     1.232E-01     7.742E-02     3.441E-02
1.92     6.781E-03     5.452E-03     5.914E-03     7.832E-03     6.284E-03     4.476E-03     1.189E-02     3.222E-02     9.237E-02     1.125E-01     6.831E-02     2.677E-02
2.02     2.852E-03     2.293E-03     2.488E-03     3.295E-03     2.644E-03     1.883E-03     6.035E-03     2.369E-02     7.992E-02     1.021E-01     5.989E-02     2.064E-02
2.12     1.170E-03     9.407E-04     1.021E-03     1.352E-03     1.084E-03     7.724E-04     3.002E-03     1.727E-02     6.869E-02     9.218E-02     5.218E-02     1.577E-02
2.22     4.682E-04     3.764E-04     4.084E-04     5.408E-04     4.339E-04     3.091E-04     1.463E-03     1.248E-02     5.864E-02     8.271E-02     4.518E-02     1.195E-02
2.32     1.829E-04     1.470E-04     1.595E-04     2.112E-04     1.695E-04     1.207E-04     6.995E-04     8.954E-03     4.974E-02     7.377E-02     3.888E-02     8.984E-03
2.42     6.975E-05     5.608E-05     6.083E-05     8.056E-05     6.464E-05     4.604E-05     3.280E-04     6.373E-03     4.191E-02     6.540E-02     3.324E-02     6.696E-03
2.52     2.599E-05     2.089E-05     2.267E-05     3.002E-05     2.408E-05     1.715E-05     1.509E-04     4.501E-03     3.508E-02     5.764E-02     2.825E-02     4.951E-03
2.62     9.462E-06     7.607E-06     8.253E-06     1.093E-05     8.769E-06     6.246E-06     6.812E-05     3.155E-03     2.917E-02     5.049E-02     2.386E-02     3.631E-03
2.72     3.368E-06     2.708E-06     2.938E-06     3.890E-06     3.122E-06     2.223E-06     3.019E-05     2.195E-03     2.410E-02     4.396E-02     2.003E-02     2.642E-03
2.82     1.172E-06     9.427E-07     1.023E-06     1.354E-06     1.087E-06     7.740E-07     1.314E-05     1.516E-03     1.978E-02     3.803E-02     1.671E-02     1.908E-03
2.92     3.993E-07     3.211E-07     3.483E-07     4.613E-07     3.701E-07     2.636E-07     5.619E-06     1.040E-03     1.613E-02     3.271E-02     1.386E-02     1.367E-03
3.02     1.331E-07     1.070E-07     1.161E-07     1.537E-07     1.234E-07     8.786E-08     2.361E-06     7.080E-04     1.307E-02     2.795E-02     1.142E-02     9.718E-04
3.12     4.342E-08     3.491E-08     3.788E-08     5.016E-08     4.025E-08     2.867E-08     9.745E-07     4.788E-04     1.053E-02     2.374E-02     9.353E-03     6.857E-04
3.22     1.387E-08     1.115E-08     1.210E-08     1.603E-08     1.286E-08     9.158E-09     3.955E-07     3.216E-04     8.421E-03     2.004E-02     7.614E-03     4.803E-04
3.32     4.341E-09     3.491E-09     3.787E-09     5.015E-09     4.024E-09     2.866E-09     1.578E-07     2.146E-04     6.693E-03     1.680E-02     6.161E-03     3.340E-04
3.42     1.331E-09     1.070E-09     1.161E-09     1.537E-09     1.234E-09     8.786E-10     6.191E-08     1.422E-04     5.286E-03     1.400E-02     4.955E-03     2.305E-04
3.52     3.999E-10     3.215E-10     3.488E-10     4.619E-10     3.706E-10     2.640E-10     2.389E-08     9.364E-05     4.149E-03     1.159E-02     3.961E-03     1.580E-04
3.62     1.178E-10     9.469E-11     1.027E-10     1.360E-10     1.091E-10     7.774E-11     9.070E-09     6.126E-05     3.235E-03     9.539E-03     3.147E-03     1.075E-04
3.72     3.400E-11     2.734E-11     2.966E-11     3.928E-11     3.151E-11     2.245E-11     3.388E-09     3.982E-05     2.507E-03     7.797E-03     2.485E-03     7.260E-05
3.82     9.628E-12     7.741E-12     8.398E-12     1.112E-11     8.924E-12     6.356E-12     1.245E-09     2.572E-05     1.930E-03     6.332E-03     1.951E-03     4.870E-05
3.92     2.674E-12     2.150E-12     2.333E-12     3.089E-12     2.479E-12     1.765E-12     4.506E-10     1.651E-05     1.477E-03     5.108E-03     1.522E-03     3.245E-05
4.02     7.287E-13     5.859E-13     6.356E-13     8.417E-13     6.754E-13     4.810E-13     1.605E-10     1.054E-05     1.123E-03     4.095E-03     1.181E-03     2.147E-05
4.12     1.948E-13     1.567E-13     1.700E-13     2.251E-13     1.806E-13     1.286E-13     5.630E-11     6.681E-06     8.487E-04     3.260E-03     9.101E-04     1.411E-05
4.22     5.114E-14     4.111E-14     4.460E-14     5.907E-14     4.739E-14     3.376E-14     1.944E-11     4.211E-06     6.373E-04     2.579E-03     6.975E-04     9.207E-06
4.32     1.317E-14     1.059E-14     1.149E-14     1.522E-14     1.221E-14     8.696E-15     6.613E-12     2.639E-06     4.756E-04     2.026E-03     5.313E-04     5.969E-06
4.42     3.332E-15     2.679E-15     2.906E-15     3.849E-15     3.088E-15     2.200E-15     2.216E-12     1.644E-06     3.527E-04     1.582E-03     4.023E-04     3.844E-06
4.52     8.277E-16     6.655E-16     7.219E-16     9.561E-16     7.671E-16     5.464E-16     7.314E-13     1.018E-06     2.600E-04     1.226E-03     3.028E-04     2.459E-06
4.62     2.019E-16     1.624E-16     1.761E-16     2.332E-16     1.871E-16     1.333E-16     2.379E-13     6.269E-07     1.904E-04     9.444E-04     2.265E-04     1.563E-06
4.72     4.839E-17     3.891E-17     4.221E-17     5.590E-17     4.485E-17     3.195E-17     7.624E-14     3.839E-07     1.386E-04     7.224E-04     1.685E-04     9.867E-07
4.82     1.139E-17     9.161E-18     9.938E-18     1.316E-17     1.056E-17     7.522E-18     2.408E-14     2.337E-07     1.003E-04     5.489E-04     1.246E-04     6.190E-07
4.92     2.636E-18     2.120E-18     2.299E-18     3.045E-18     2.443E-18     1.740E-18     7.497E-15     1.415E-07     7.210E-05     4.142E-04     9.155E-05     3.858E-07
5.02     5.995E-19     4.820E-19     5.229E-19     6.925E-19     5.556E-19     3.957E-19     2.301E-15     8.519E-08     5.152E-05     3.104E-04     6.689E-05     2.390E-07
5.12     1.340E-19     1.077E-19     1.169E-19     1.548E-19     1.242E-19     8.845E-20     6.962E-16     5.101E-08     3.659E-05     2.311E-04     4.858E-05     1.471E-07
5.22     2.944E-20     2.367E-20     2.568E-20     3.401E-20     2.729E-20     1.943E-20     2.077E-16     3.038E-08     2.583E-05     1.708E-04     3.507E-05     8.993E-08
5.32     6.360E-21     5.114E-21     5.548E-21     7.347E-21     5.895E-21     4.199E-21     6.111E-17     1.799E-08     1.812E-05     1.254E-04     2.517E-05     5.466E-08
5.42     1.351E-21     1.086E-21     1.179E-21     1.561E-21     1.252E-21     8.919E-22     1.773E-17     1.060E-08     1.263E-05     9.143E-05     1.796E-05     3.301E-08
5.52     2.823E-22     2.270E-22     2.462E-22     3.261E-22     2.616E-22     1.864E-22     5.074E-18     6.214E-09     8.756E-06     6.620E-05     1.274E-05     1.982E-08
5.62     5.801E-23     4.664E-23     5.060E-23     6.701E-23     5.377E-23     3.830E-23     1.432E-18     3.623E-09     6.031E-06     4.760E-05     8.982E-06     1.182E-08
5.72     1.173E-23     9.429E-24     1.023E-23     1.355E-23     1.087E-23     7.742E-24     3.989E-19     2.101E-09     4.129E-06     3.398E-05     6.296E-06     7.010E-09
5.82     2.332E-24     1.875E-24     2.034E-24     2.694E-24     2.162E-24     1.540E-24     1.096E-19     1.212E-09     2.810E-06     2.409E-05     4.387E-06     4.132E-09
5.92     4.564E-25     3.670E-25     3.981E-25     5.273E-25     4.230E-25     3.013E-25     2.971E-20     6.959E-10     1.901E-06     1.696E-05     3.039E-06     2.420E-09
6.02     8.790E-26     7.068E-26     7.667E-26     1.015E-25     8.147E-26     5.803E-26     7.948E-21     3.974E-10     1.278E-06     1.186E-05     2.093E-06     1.409E-09
6.12     1.666E-26     1.340E-26     1.453E-26     1.924E-26     1.544E-26     1.100E-26     2.098E-21     2.258E-10     8.539E-07     8.230E-06     1.433E-06     8.159E-10
6.22     3.108E-27     2.499E-27     2.711E-27     3.590E-27     2.881E-27     2.052E-27     5.468E-22     1.277E-10     5.671E-07     5.672E-06     9.756E-07     4.695E-10
6.32     5.708E-28     4.589E-28     4.978E-28     6.593E-28     5.290E-28     3.768E-28     1.406E-22     7.184E-11     3.744E-07     3.881E-06     6.602E-07     2.686E-10
6.42     1.032E-28     8.297E-29     9.001E-29     1.192E-28     9.564E-29     6.812E-29     3.570E-23     4.022E-11     2.457E-07     2.637E-06     4.441E-07     1.528E-10
6.52     1.837E-29     1.477E-29     1.602E-29     2.122E-29     1.702E-29     1.213E-29     8.948E-24     2.241E-11     1.603E-07     1.779E-06     2.970E-07     8.637E-11
6.62     3.220E-30     2.589E-30     2.808E-30     3.719E-30     2.984E-30     2.125E-30     2.214E-24     1.242E-11     1.039E-07     1.191E-06     1.975E-07     4.855E-11
6.72     5.558E-31     4.469E-31     4.848E-31     6.420E-31     5.151E-31     3.669E-31     5.410E-25     6.853E-12     6.699E-08     7.922E-07     1.306E-07     2.714E-11
6.82     9.449E-32     7.598E-32     8.242E-32     1.092E-31     8.758E-32     6.238E-32     1.305E-25     3.763E-12     4.292E-08     5.230E-07     8.582E-08     1.508E-11
6.92     1.582E-32     1.272E-32     1.380E-32     1.828E-32     1.467E-32     1.045E-32     3.109E-26     2.056E-12     2.734E-08     3.427E-07     5.607E-08     8.332E-12