*
* Afvoergolven van de Maas bij Lith. 
*
* Aan de getallen in dit bestand mag geen officiële status toegekend worden! 
*
* De eerste kolom bevat tijdstippen in de afvoergolf in uren.
* De eerste rij bevat piekwaarden van de golven in m³/s
* De overige rijen en kolommen bevatten de afvoergolven in m³/s
* waarbij de kolommen de afvoergolven bevatten.
*
* De eerste regel van het bestand bestaat uit twee getallen:
* 1) het aantal tijdstappen in een afvoergolf
* 2) het aantal afvoerniveaus in een golf
     61    121
           0.0    50.0   100.0   150.0   200.0   250.0   300.0   350.0   400.0   450.0   500.0   550.0   600.0   650.0   700.0   750.0   800.0   850.0   900.0   950.0  1000.0  1050.0  1100.0  1150.0  1200.0  1250.0  1300.0  1350.0  1400.0  1450.0  1500.0  1550.0  1600.0  1650.0  1700.0  1750.0  1800.0  1850.0  1900.0  1950.0  2000.0  2050.0  2100.0  2150.0  2200.0  2250.0  2300.0  2350.0  2400.0  2450.0  2500.0  2550.0  2600.0  2650.0  2700.0  2750.0  2800.0  2850.0  2900.0  2950.0  3000.0  3050.0  3100.0  3150.0  3200.0  3250.0  3300.0  3350.0  3400.0  3450.0  3500.0  3550.0  3600.0  3650.0  3700.0  3750.0  3800.0  3850.0  3900.0  3950.0  4000.0  4050.0  4100.0  4150.0  4200.0  4250.0  4300.0  4350.0  4400.0  4450.0  4500.0  4550.0  4600.0  4650.0  4700.0  4750.0  4800.0  4850.0  4900.0  4950.0  5000.0  5050.0  5100.0  5150.0  5200.0  5250.0  5300.0  5350.0  5400.0  5450.0  5500.0  5550.0  5600.0  5650.0  5700.0  5750.0  5800.0  5850.0  5900.0  5950.0  6000.0
   0.0     0.0     0.0     0.0     0.0     0.0     0.0     0.0     0.0     0.0     0.0     0.0     0.0     0.0     0.0     0.0     0.0     0.0     0.0     0.0     0.0     0.0     0.0     0.0     0.0     0.0     0.0     0.0     0.0     0.0     0.0     0.0     0.0     0.0     0.0     0.0     0.0     0.0     0.0     0.0     0.0     0.0     0.0     0.0     0.0     0.0     0.0     0.0     0.0     0.0     0.0     0.0     0.0     0.0     0.0     0.0     0.0     0.0     0.0     0.0     0.0     0.0     0.0     0.0     0.0     0.0     0.0     0.0     0.0     0.0     0.0     0.0     0.0     0.0     0.0     0.0     0.0     0.0     0.0     0.0     0.0     0.0     0.0     0.0     0.0     0.0     0.0     0.0     0.0     0.0     0.0     0.0     0.0     0.0     0.0     0.0     0.0     0.0     0.0     0.0     0.0     0.0     0.0     0.0     0.0     0.0     0.0     0.0     0.0     0.0     0.0     0.0     0.0     0.0     0.0     0.0     0.0     0.0     0.0     0.0     0.0     0.0
  12.0     0.0    44.6    44.6    44.6    44.6    44.6    44.6    44.6    44.6    44.6    44.6    44.6    44.6    44.6    44.6    44.6    44.6    44.6    44.6    44.6    44.6    44.6    44.6    44.6    44.6    44.6    44.6    45.8    47.5    49.2    50.8    52.5    54.2    55.9    57.6    59.3    61.0    62.7    64.4    66.1    67.8    69.5    71.2    72.9    74.6    76.3    78.0    79.7    81.4    83.1    84.7    86.4    88.1    89.8    91.5    93.2    94.9    96.6    98.3   100.0   101.7   103.4   105.1   106.8   108.5   110.2   111.9   113.6   115.3   116.9   118.6   120.3   122.0   123.7   125.4   127.1   128.8   130.5   132.2   133.9   135.6   137.3   139.0   140.7   142.4   144.1   145.8   147.5   149.2   150.8   152.5   154.2   155.9   157.6   159.3   161.0   162.7   164.4   166.1   167.8   169.5   171.2   172.9   174.6   176.3   178.0   179.7   181.4   183.1   184.7   186.4   188.1   189.8   191.5   193.2   194.9   196.6   198.3   200.0   201.7   203.4
  24.0     0.0    50.0    89.2    89.2    89.2    89.2    89.2    89.2    89.2    89.2    89.2    89.2    89.2    89.2    89.2    89.2    89.2    89.2    89.2    89.2    89.2    89.2    89.2    89.2    89.2    89.2    89.2    91.5    94.9    98.3   101.7   105.1   108.5   111.9   115.3   118.6   122.0   125.4   128.8   132.2   135.6   139.0   142.4   145.8   149.2   152.5   155.9   159.3   162.7   166.1   169.5   172.9   176.3   179.7   183.1   186.4   189.8   193.2   196.6   200.0   203.4   206.8   210.2   213.6   216.9   220.3   223.7   227.1   230.5   233.9   237.3   240.7   244.1   247.5   250.8   254.2   257.6   261.0   264.4   267.8   271.2   274.6   278.0   281.4   284.7   288.1   291.5   294.9   298.3   301.7   305.1   308.5   311.9   315.3   318.6   322.0   325.4   328.8   332.2   335.6   339.0   342.4   345.8   349.2   352.5   355.9   359.3   362.7   366.1   369.5   372.9   376.3   379.7   383.1   386.4   389.8   393.2   396.6   400.0   403.4   406.8
  36.0     0.0    50.0   100.0   133.7   133.7   133.7   133.7   133.7   133.7   133.7   133.7   133.7   133.7   133.7   133.7   133.7   133.7   133.7   133.7   133.7   133.7   133.7   133.7   133.7   133.7   133.7   133.7   137.3   142.4   147.5   152.5   157.6   162.7   167.8   172.9   178.0   183.1   188.1   193.2   198.3   203.4   208.5   213.6   218.6   223.7   228.8   233.9   239.0   244.1   249.2   254.2   259.3   264.4   269.5   274.6   279.7   284.7   289.8   294.9   300.0   305.1   310.2   315.3   320.3   325.4   330.5   335.6   340.7   345.8   350.8   355.9   361.0   366.1   371.2   376.3   381.4   386.4   391.5   396.6   401.7   406.8   411.9   416.9   422.0   427.1   432.2   437.3   442.4   447.5   452.5   457.6   462.7   467.8   472.9   478.0   483.1   488.1   493.2   498.3   503.4   508.5   513.6   518.6   523.7   528.8   533.9   539.0   544.1   549.2   554.2   559.3   564.4   569.5   574.6   579.7   584.7   589.8   594.9   600.0   605.1   610.2
  48.0     0.0    50.0   100.0   150.0   178.3   178.3   178.3   178.3   178.3   178.3   178.3   178.3   178.3   178.3   178.3   178.3   178.3   178.3   178.3   178.3   178.3   178.3   178.3   178.3   178.3   178.3   178.3   183.1   189.8   196.6   203.4   210.2   216.9   223.7   230.5   237.3   244.1   250.8   257.6   264.4   271.2   278.0   284.7   291.5   298.3   305.1   311.9   318.6   325.4   332.2   339.0   345.8   352.5   359.3   366.1   372.9   379.7   386.4   393.2   400.0   406.8   413.6   420.3   427.1   433.9   440.7   447.5   454.2   461.0   467.8   474.6   481.4   488.1   494.9   501.7   508.5   515.3   522.0   528.8   535.6   542.4   549.2   555.9   562.7   569.5   576.3   583.1   589.8   596.6   603.4   610.2   616.9   623.7   630.5   637.3   644.1   650.8   657.6   664.4   671.2   678.0   684.7   691.5   698.3   705.1   711.9   718.6   725.4   732.2   739.0   745.8   752.5   759.3   766.1   772.9   779.7   786.4   793.2   800.0   806.8   813.6
  60.0     0.0    50.0   100.0   150.0   200.0   222.9   222.9   222.9   222.9   222.9   222.9   222.9   222.9   222.9   222.9   222.9   222.9   222.9   222.9   222.9   222.9   222.9   222.9   222.9   222.9   222.9   222.9   228.8   237.3   245.8   254.2   262.7   271.2   279.7   288.1   296.6   305.1   313.6   322.0   330.5   339.0   347.5   355.9   364.4   372.9   381.4   389.8   398.3   406.8   415.3   423.7   432.2   440.7   449.2   457.6   466.1   474.6   483.1   491.5   500.0   508.5   516.9   525.4   533.9   542.4   550.8   559.3   567.8   576.3   584.7   593.2   601.7   610.2   618.6   627.1   635.6   644.1   652.5   661.0   669.5   678.0   686.4   694.9   703.4   711.9   720.3   728.8   737.3   745.8   754.2   762.7   771.2   779.7   788.1   796.6   805.1   813.6   822.0   830.5   839.0   847.5   855.9   864.4   872.9   881.4   889.8   898.3   906.8   915.3   923.7   932.2   940.7   949.2   957.6   966.1   974.6   983.1   991.5  1000.0  1008.5  1016.9
  72.0     0.0    50.0   100.0   150.0   200.0   250.0   267.5   267.5   267.5   267.5   267.5   267.5   267.5   267.5   267.5   267.5   267.5   267.5   267.5   267.5   267.5   267.5   267.5   267.5   267.5   267.5   267.5   274.6   284.7   294.9   305.1   315.3   325.4   335.6   345.8   355.9   366.1   376.3   386.4   396.6   406.8   416.9   427.1   437.3   447.5   457.6   467.8   478.0   488.1   498.3   508.5   518.6   528.8   539.0   549.2   559.3   569.5   579.7   589.8   600.0   610.2   620.3   630.5   640.7   650.8   661.0   671.2   681.4   691.5   701.7   711.9   722.0   732.2   742.4   752.5   762.7   772.9   783.1   793.2   803.4   813.6   823.7   833.9   844.1   854.2   864.4   874.6   884.7   894.9   905.1   915.3   925.4   935.6   945.8   955.9   966.1   976.3   986.4   996.6  1006.8  1016.9  1027.1  1037.3  1047.5  1057.6  1067.8  1078.0  1088.1  1098.3  1108.5  1118.6  1128.8  1139.0  1149.2  1159.3  1169.5  1179.7  1189.8  1200.0  1210.2  1220.3
  84.0     0.0    50.0   100.0   150.0   200.0   250.0   300.0   312.1   312.1   312.1   312.1   312.1   312.1   312.1   312.1   312.1   312.1   312.1   312.1   312.1   312.1   312.1   312.1   312.1   312.1   312.1   312.1   320.3   332.2   344.1   355.9   367.8   379.7   391.5   403.4   415.3   427.1   439.0   450.8   462.7   474.6   486.4   498.3   510.2   522.0   533.9   545.8   557.6   569.5   581.4   593.2   605.1   616.9   628.8   640.7   652.5   664.4   676.3   688.1   700.0   711.9   723.7   735.6   747.5   759.3   771.2   783.1   794.9   806.8   818.6   830.5   842.4   854.2   866.1   878.0   889.8   901.7   913.6   925.4   937.3   949.2   961.0   972.9   984.7   996.6  1008.5  1020.3  1032.2  1044.1  1055.9  1067.8  1079.7  1091.5  1103.4  1115.3  1127.1  1139.0  1150.8  1162.7  1174.6  1186.4  1198.3  1210.2  1222.0  1233.9  1245.8  1257.6  1269.5  1281.4  1293.2  1305.1  1316.9  1328.8  1340.7  1352.5  1364.4  1376.3  1388.1  1400.0  1411.9  1423.7
  96.0     0.0    50.0   100.0   150.0   200.0   250.0   300.0   350.0   356.6   356.6   356.6   356.6   356.6   356.6   356.6   356.6   356.6   356.6   356.6   356.6   356.6   356.6   356.6   356.6   356.6   356.6   356.6   366.1   379.7   393.2   406.8   420.3   433.9   447.5   461.0   474.6   488.1   501.7   515.3   528.8   542.4   555.9   569.5   583.1   596.6   610.2   623.7   637.3   650.8   664.4   678.0   691.5   705.1   718.6   732.2   745.8   759.3   772.9   786.4   800.0   813.6   827.1   840.7   854.2   867.8   881.4   894.9   908.5   922.0   935.6   949.2   962.7   976.3   989.8  1003.4  1016.9  1030.5  1044.1  1057.6  1071.2  1084.7  1098.3  1111.9  1125.4  1139.0  1152.5  1166.1  1179.7  1193.2  1206.8  1220.3  1233.9  1247.5  1261.0  1274.6  1288.1  1301.7  1315.3  1328.8  1342.4  1355.9  1369.5  1383.1  1396.6  1410.2  1423.7  1437.3  1450.8  1464.4  1478.0  1491.5  1505.1  1518.6  1532.2  1545.8  1559.3  1572.9  1586.4  1600.0  1613.6  1627.1
 108.0     0.0    50.0   100.0   150.0   200.0   250.0   300.0   350.0   400.0   401.2   401.2   401.2   401.2   401.2   401.2   401.2   401.2   401.2   401.2   401.2   401.2   401.2   401.2   401.2   401.2   401.2   401.2   411.9   427.1   442.4   457.6   472.9   488.1   503.4   518.6   533.9   549.2   564.4   579.7   594.9   610.2   625.4   640.7   655.9   671.2   686.4   701.7   716.9   732.2   747.5   762.7   778.0   793.2   808.5   823.7   839.0   854.2   869.5   884.7   900.0   915.3   930.5   945.8   961.0   976.3   991.5  1006.8  1022.0  1037.3  1052.5  1067.8  1083.1  1098.3  1113.6  1128.8  1144.1  1159.3  1174.6  1189.8  1205.1  1220.3  1235.6  1250.8  1266.1  1281.4  1296.6  1311.9  1327.1  1342.4  1357.6  1372.9  1388.1  1403.4  1418.6  1433.9  1449.2  1464.4  1479.7  1494.9  1510.2  1525.4  1540.7  1555.9  1571.2  1586.4  1601.7  1616.9  1632.2  1647.5  1662.7  1678.0  1693.2  1708.5  1723.7  1739.0  1754.2  1769.5  1784.7  1800.0  1815.3  1830.5
 120.0     0.0    50.0   100.0   150.0   200.0   250.0   300.0   350.0   400.0   445.8   445.8   445.8   445.8   445.8   445.8   445.8   445.8   445.8   445.8   445.8   445.8   445.8   445.8   445.8   445.8   445.8   445.8   457.6   474.6   491.5   508.5   525.4   542.4   559.3   576.3   593.2   610.2   627.1   644.1   661.0   678.0   694.9   711.9   728.8   745.8   762.7   779.7   796.6   813.6   830.5   847.5   864.4   881.4   898.3   915.3   932.2   949.2   966.1   983.1  1000.0  1016.9  1033.9  1050.8  1067.8  1084.7  1101.7  1118.6  1135.6  1152.5  1169.5  1186.4  1203.4  1220.3  1237.3  1254.2  1271.2  1288.1  1305.1  1322.0  1339.0  1355.9  1372.9  1389.8  1406.8  1423.7  1440.7  1457.6  1474.6  1491.5  1508.5  1525.4  1542.4  1559.3  1576.3  1593.2  1610.2  1627.1  1644.1  1661.0  1678.0  1694.9  1711.9  1728.8  1745.8  1762.7  1779.7  1796.6  1813.6  1830.5  1847.5  1864.4  1881.4  1898.3  1915.3  1932.2  1949.2  1966.1  1983.1  2000.0  2016.9  2033.9
 132.0     0.0    50.0   100.0   150.0   200.0   250.0   300.0   350.0   400.0   450.0   490.4   490.4   490.4   490.4   490.4   490.4   490.4   490.4   490.4   490.4   490.4   490.4   490.4   490.4   490.4   490.4   490.4   503.4   522.0   540.7   559.3   578.0   596.6   615.3   633.9   652.5   671.2   689.8   708.5   727.1   745.8   764.4   783.1   801.7   820.3   839.0   857.6   876.3   894.9   913.6   932.2   950.8   969.5   988.1  1006.8  1025.4  1044.1  1062.7  1081.4  1100.0  1118.6  1137.3  1155.9  1174.6  1193.2  1211.9  1230.5  1249.2  1267.8  1286.4  1305.1  1323.7  1342.4  1361.0  1379.7  1398.3  1416.9  1435.6  1454.2  1472.9  1491.5  1510.2  1528.8  1547.5  1566.1  1584.7  1603.4  1622.0  1640.7  1659.3  1678.0  1696.6  1715.3  1733.9  1752.5  1771.2  1789.8  1808.5  1827.1  1845.8  1864.4  1883.1  1901.7  1920.3  1939.0  1957.6  1976.3  1994.9  2013.6  2032.2  2050.8  2069.5  2088.1  2106.8  2125.4  2144.1  2162.7  2181.4  2200.0  2218.6  2237.3
 144.0     0.0    50.0   100.0   150.0   200.0   250.0   300.0   350.0   400.0   450.0   500.0   535.0   535.0   535.0   535.0   535.0   535.0   535.0   535.0   535.0   535.0   535.0   535.0   535.0   535.0   535.0   535.0   549.2   569.5   589.8   610.2   630.5   650.8   671.2   691.5   711.9   732.2   752.5   772.9   793.2   813.6   833.9   854.2   874.6   894.9   915.3   935.6   955.9   976.3   996.6  1016.9  1037.3  1057.6  1078.0  1098.3  1118.6  1139.0  1159.3  1179.7  1200.0  1220.3  1240.7  1261.0  1281.4  1301.7  1322.0  1342.4  1362.7  1383.1  1403.4  1423.7  1444.1  1464.4  1484.7  1505.1  1525.4  1545.8  1566.1  1586.4  1606.8  1627.1  1647.5  1667.8  1688.1  1708.5  1728.8  1749.2  1769.5  1789.8  1810.2  1830.5  1850.8  1871.2  1891.5  1911.9  1932.2  1952.5  1972.9  1993.2  2013.6  2033.9  2054.2  2074.6  2094.9  2115.3  2135.6  2155.9  2176.3  2196.6  2216.9  2237.3  2257.6  2278.0  2298.3  2318.6  2339.0  2359.3  2379.7  2400.0  2420.3  2440.7
 156.0     0.0    50.0   100.0   150.0   200.0   250.0   300.0   350.0   400.0   450.0   500.0   550.0   579.5   579.5   579.5   579.5   579.5   579.5   579.5   579.5   579.5   579.5   579.5   579.5   579.5   579.5   579.5   594.9   616.9   639.0   661.0   683.1   705.1   727.1   749.2   771.2   793.2   815.3   837.3   859.3   881.4   903.4   925.4   947.5   969.5   991.5  1013.6  1035.6  1057.6  1079.7  1101.7  1123.7  1145.8  1167.8  1189.8  1211.9  1233.9  1255.9  1278.0  1300.0  1322.0  1344.1  1366.1  1388.1  1410.2  1432.2  1454.2  1476.3  1498.3  1520.3  1542.4  1564.4  1586.4  1608.5  1630.5  1652.5  1674.6  1696.6  1718.6  1740.7  1762.7  1784.7  1806.8  1828.8  1850.8  1872.9  1894.9  1916.9  1939.0  1961.0  1983.1  2005.1  2027.1  2049.2  2071.2  2093.2  2115.3  2137.3  2159.3  2181.4  2203.4  2225.4  2247.5  2269.5  2291.5  2313.6  2335.6  2357.6  2379.7  2401.7  2423.7  2445.8  2467.8  2489.8  2511.9  2533.9  2555.9  2578.0  2600.0  2622.0  2644.1
 168.0     0.0    50.0   100.0   150.0   200.0   250.0   300.0   350.0   400.0   450.0   500.0   550.0   600.0   624.1   624.1   624.1   624.1   624.1   624.1   624.1   624.1   624.1   624.1   624.1   624.1   624.1   624.1   640.7   664.4   688.1   711.9   735.6   759.3   783.1   806.8   830.5   854.2   878.0   901.7   925.4   949.2   972.9   996.6  1020.3  1044.1  1067.8  1091.5  1115.3  1139.0  1162.7  1186.4  1210.2  1233.9  1257.6  1281.4  1305.1  1328.8  1352.5  1376.3  1400.0  1423.7  1447.5  1471.2  1494.9  1518.6  1542.4  1566.1  1589.8  1613.6  1637.3  1661.0  1684.7  1708.5  1732.2  1755.9  1779.7  1803.4  1827.1  1850.8  1874.6  1898.3  1922.0  1945.8  1969.5  1993.2  2016.9  2040.7  2064.4  2088.1  2111.9  2135.6  2159.3  2183.1  2206.8  2230.5  2254.2  2278.0  2301.7  2325.4  2349.2  2372.9  2396.6  2420.3  2444.1  2467.8  2491.5  2515.3  2539.0  2562.7  2586.4  2610.2  2633.9  2657.6  2681.4  2705.1  2728.8  2752.5  2776.3  2800.0  2823.7  2847.5
 180.0     0.0    50.0   100.0   150.0   200.0   250.0   300.0   350.0   400.0   450.0   500.0   550.0   600.0   650.0   668.7   668.7   668.7   668.7   668.7   668.7   668.7   668.7   668.7   668.7   668.7   668.7   668.7   686.4   711.9   737.3   762.7   788.1   813.6   839.0   864.4   889.8   915.3   940.7   966.1   991.5  1016.9  1042.4  1067.8  1093.2  1118.6  1144.1  1169.5  1194.9  1220.3  1245.8  1271.2  1296.6  1322.0  1347.5  1372.9  1398.3  1423.7  1449.2  1474.6  1500.0  1525.4  1550.8  1576.3  1601.7  1627.1  1652.5  1678.0  1703.4  1728.8  1754.2  1779.7  1805.1  1830.5  1855.9  1881.4  1906.8  1932.2  1957.6  1983.1  2008.5  2033.9  2059.3  2084.7  2110.2  2135.6  2161.0  2186.4  2211.9  2237.3  2262.7  2288.1  2313.6  2339.0  2364.4  2389.8  2415.3  2440.7  2466.1  2491.5  2516.9  2542.4  2567.8  2593.2  2618.6  2644.1  2669.5  2694.9  2720.3  2745.8  2771.2  2796.6  2822.0  2847.5  2872.9  2898.3  2923.7  2949.2  2974.6  3000.0  3025.4  3050.8
 192.0     0.0    50.0   100.0   150.0   200.0   250.0   300.0   350.0   400.0   450.0   500.0   550.0   600.0   650.0   700.0   713.3   713.3   713.3   713.3   713.3   713.3   713.3   713.3   713.3   713.3   713.3   713.3   732.2   759.3   786.4   813.6   840.7   867.8   894.9   922.0   949.2   976.3  1003.4  1030.5  1057.6  1084.7  1111.9  1139.0  1166.1  1193.2  1220.3  1247.5  1274.6  1301.7  1328.8  1355.9  1383.1  1410.2  1437.3  1464.4  1491.5  1518.6  1545.8  1572.9  1600.0  1627.1  1654.2  1681.4  1708.5  1735.6  1762.7  1789.8  1816.9  1844.1  1871.2  1898.3  1925.4  1952.5  1979.7  2006.8  2033.9  2061.0  2088.1  2115.3  2142.4  2169.5  2196.6  2223.7  2250.8  2278.0  2305.1  2332.2  2359.3  2386.4  2413.6  2440.7  2467.8  2494.9  2522.0  2549.2  2576.3  2603.4  2630.5  2657.6  2684.7  2711.9  2739.0  2766.1  2793.2  2820.3  2847.5  2874.6  2901.7  2928.8  2955.9  2983.1  3010.2  3037.3  3064.4  3091.5  3118.6  3145.8  3172.9  3200.0  3227.1  3254.2
 204.0     0.0    50.0   100.0   150.0   200.0   250.0   300.0   350.0   400.0   450.0   500.0   550.0   600.0   650.0   700.0   750.0   757.9   757.9   757.9   757.9   757.9   757.9   757.9   757.9   757.9   757.9   757.9   778.0   806.8   835.6   864.4   893.2   922.0   950.8   979.7  1008.5  1037.3  1066.1  1094.9  1123.7  1152.5  1181.4  1210.2  1239.0  1267.8  1296.6  1325.4  1354.2  1383.1  1411.9  1440.7  1469.5  1498.3  1527.1  1555.9  1584.7  1613.6  1642.4  1671.2  1700.0  1728.8  1757.6  1786.4  1815.3  1844.1  1872.9  1901.7  1930.5  1959.3  1988.1  2016.9  2045.8  2074.6  2103.4  2132.2  2161.0  2189.8  2218.6  2247.5  2276.3  2305.1  2333.9  2362.7  2391.5  2420.3  2449.2  2478.0  2506.8  2535.6  2564.4  2593.2  2622.0  2650.8  2679.7  2708.5  2737.3  2766.1  2794.9  2823.7  2852.5  2881.4  2910.2  2939.0  2967.8  2996.6  3025.4  3054.2  3083.1  3111.9  3140.7  3169.5  3198.3  3227.1  3255.9  3284.7  3313.6  3342.4  3371.2  3400.0  3428.8  3457.6
 216.0     0.0    50.0   100.0   150.0   200.0   250.0   300.0   350.0   400.0   450.0   500.0   550.0   600.0   650.0   700.0   750.0   800.0   802.4   802.4   802.4   802.4   802.4   802.4   802.4   802.4   802.4   802.4   823.7   854.2   884.7   915.3   945.8   976.3  1006.8  1037.3  1067.8  1098.3  1128.8  1159.3  1189.8  1220.3  1250.8  1281.4  1311.9  1342.4  1372.9  1403.4  1433.9  1464.4  1494.9  1525.4  1555.9  1586.4  1616.9  1647.5  1678.0  1708.5  1739.0  1769.5  1800.0  1830.5  1861.0  1891.5  1922.0  1952.5  1983.1  2013.6  2044.1  2074.6  2105.1  2135.6  2166.1  2196.6  2227.1  2257.6  2288.1  2318.6  2349.2  2379.7  2410.2  2440.7  2471.2  2501.7  2532.2  2562.7  2593.2  2623.7  2654.2  2684.7  2715.3  2745.8  2776.3  2806.8  2837.3  2867.8  2898.3  2928.8  2959.3  2989.8  3020.3  3050.8  3081.4  3111.9  3142.4  3172.9  3203.4  3233.9  3264.4  3294.9  3325.4  3355.9  3386.4  3416.9  3447.5  3478.0  3508.5  3539.0  3569.5  3600.0  3630.5  3661.0
 228.0     0.0    50.0   100.0   150.0   200.0   250.0   300.0   350.0   400.0   450.0   500.0   550.0   600.0   650.0   700.0   750.0   800.0   847.0   847.0   847.0   847.0   847.0   847.0   847.0   847.0   847.0   847.0   869.5   901.7   933.9   966.1   998.3  1030.5  1062.7  1094.9  1127.1  1159.3  1191.5  1223.7  1255.9  1288.1  1320.3  1352.5  1384.7  1416.9  1449.2  1481.4  1513.6  1545.8  1578.0  1610.2  1642.4  1674.6  1706.8  1739.0  1771.2  1803.4  1835.6  1867.8  1900.0  1932.2  1964.4  1996.6  2028.8  2061.0  2093.2  2125.4  2157.6  2189.8  2222.0  2254.2  2286.4  2318.6  2350.8  2383.1  2415.3  2447.5  2479.7  2511.9  2544.1  2576.3  2608.5  2640.7  2672.9  2705.1  2737.3  2769.5  2801.7  2833.9  2866.1  2898.3  2930.5  2962.7  2994.9  3027.1  3059.3  3091.5  3123.7  3155.9  3188.1  3220.3  3252.5  3284.7  3316.9  3349.2  3381.4  3413.6  3445.8  3478.0  3510.2  3542.4  3574.6  3606.8  3639.0  3671.2  3703.4  3735.6  3767.8  3800.0  3832.2  3864.4
 240.0     0.0    50.0   100.0   150.0   200.0   250.0   300.0   350.0   400.0   450.0   500.0   550.0   600.0   650.0   700.0   750.0   800.0   850.0   891.6   891.6   891.6   891.6   891.6   891.6   891.6   891.6   891.6   915.3   949.2   983.1  1016.9  1050.8  1084.7  1118.6  1152.5  1186.4  1220.3  1254.2  1288.1  1322.0  1355.9  1389.8  1423.7  1457.6  1491.5  1525.4  1559.3  1593.2  1627.1  1661.0  1694.9  1728.8  1762.7  1796.6  1830.5  1864.4  1898.3  1932.2  1966.1  2000.0  2033.9  2067.8  2101.7  2135.6  2169.5  2203.4  2237.3  2271.2  2305.1  2339.0  2372.9  2406.8  2440.7  2474.6  2508.5  2542.4  2576.3  2610.2  2644.1  2678.0  2711.9  2745.8  2779.7  2813.6  2847.5  2881.4  2915.3  2949.2  2983.1  3016.9  3050.8  3084.7  3118.6  3152.5  3186.4  3220.3  3254.2  3288.1  3322.0  3355.9  3389.8  3423.7  3457.6  3491.5  3525.4  3559.3  3593.2  3627.1  3661.0  3694.9  3728.8  3762.7  3796.6  3830.5  3864.4  3898.3  3932.2  3966.1  4000.0  4033.9  4067.8
 252.0     0.0    50.0   100.0   150.0   200.0   250.0   300.0   350.0   400.0   450.0   500.0   550.0   600.0   650.0   700.0   750.0   800.0   850.0   900.0   936.2   936.2   936.2   936.2   936.2   936.2   936.2   936.2   961.0   996.6  1032.2  1067.8  1103.4  1139.0  1174.6  1210.2  1245.8  1281.4  1316.9  1352.5  1388.1  1423.7  1459.3  1494.9  1530.5  1566.1  1601.7  1637.3  1672.9  1708.5  1744.1  1779.7  1815.3  1850.8  1886.4  1922.0  1957.6  1993.2  2028.8  2064.4  2100.0  2135.6  2171.2  2206.8  2242.4  2278.0  2313.6  2349.2  2384.7  2420.3  2455.9  2491.5  2527.1  2562.7  2598.3  2633.9  2669.5  2705.1  2740.7  2776.3  2811.9  2847.5  2883.1  2918.6  2954.2  2989.8  3025.4  3061.0  3096.6  3132.2  3167.8  3203.4  3239.0  3274.6  3310.2  3345.8  3381.4  3416.9  3452.5  3488.1  3523.7  3559.3  3594.9  3630.5  3666.1  3701.7  3737.3  3772.9  3808.5  3844.1  3879.7  3915.3  3950.8  3986.4  4022.0  4057.6  4093.2  4128.8  4164.4  4200.0  4235.6  4271.2
 264.0     0.0    50.0   100.0   150.0   200.0   250.0   300.0   350.0   400.0   450.0   500.0   550.0   600.0   650.0   700.0   750.0   800.0   850.0   900.0   950.0   980.8   980.8   980.8   980.8   980.8   980.8   980.8  1006.8  1044.1  1081.4  1118.6  1155.9  1193.2  1230.5  1267.8  1305.1  1342.4  1379.7  1416.9  1454.2  1491.5  1528.8  1566.1  1603.4  1640.7  1678.0  1715.3  1752.5  1789.8  1827.1  1864.4  1901.7  1939.0  1976.3  2013.6  2050.8  2088.1  2125.4  2162.7  2200.0  2237.3  2274.6  2311.9  2349.2  2386.4  2423.7  2461.0  2498.3  2535.6  2572.9  2610.2  2647.5  2684.7  2722.0  2759.3  2796.6  2833.9  2871.2  2908.5  2945.8  2983.1  3020.3  3057.6  3094.9  3132.2  3169.5  3206.8  3244.1  3281.4  3318.6  3355.9  3393.2  3430.5  3467.8  3505.1  3542.4  3579.7  3616.9  3654.2  3691.5  3728.8  3766.1  3803.4  3840.7  3878.0  3915.3  3952.5  3989.8  4027.1  4064.4  4101.7  4139.0  4176.3  4213.6  4250.8  4288.1  4325.4  4362.7  4400.0  4437.3  4474.6
 276.0     0.0    50.0   100.0   150.0   200.0   250.0   300.0   350.0   400.0   450.0   500.0   550.0   600.0   650.0   700.0   750.0   800.0   850.0   900.0   950.0  1000.0  1025.3  1025.3  1025.3  1025.3  1025.3  1025.3  1052.5  1091.5  1130.5  1169.5  1208.5  1247.5  1286.4  1325.4  1364.4  1403.4  1442.4  1481.4  1520.3  1559.3  1598.3  1637.3  1676.3  1715.3  1754.2  1793.2  1832.2  1871.2  1910.2  1949.2  1988.1  2027.1  2066.1  2105.1  2144.1  2183.1  2222.0  2261.0  2300.0  2339.0  2378.0  2416.9  2455.9  2494.9  2533.9  2572.9  2611.9  2650.8  2689.8  2728.8  2767.8  2806.8  2845.8  2884.7  2923.7  2962.7  3001.7  3040.7  3079.7  3118.6  3157.6  3196.6  3235.6  3274.6  3313.6  3352.5  3391.5  3430.5  3469.5  3508.5  3547.5  3586.4  3625.4  3664.4  3703.4  3742.4  3781.4  3820.3  3859.3  3898.3  3937.3  3976.3  4015.3  4054.2  4093.2  4132.2  4171.2  4210.2  4249.2  4288.1  4327.1  4366.1  4405.1  4444.1  4483.1  4522.0  4561.0  4600.0  4639.0  4678.0
 288.0     0.0    50.0   100.0   150.0   200.0   250.0   300.0   350.0   400.0   450.0   500.0   550.0   600.0   650.0   700.0   750.0   800.0   850.0   900.0   950.0  1000.0  1050.0  1069.9  1069.9  1069.9  1069.9  1069.9  1098.3  1139.0  1179.7  1220.3  1261.0  1301.7  1342.4  1383.1  1423.7  1464.4  1505.1  1545.8  1586.4  1627.1  1667.8  1708.5  1749.2  1789.8  1830.5  1871.2  1911.9  1952.5  1993.2  2033.9  2074.6  2115.3  2155.9  2196.6  2237.3  2278.0  2318.6  2359.3  2400.0  2440.7  2481.4  2522.0  2562.7  2603.4  2644.1  2684.7  2725.4  2766.1  2806.8  2847.5  2888.1  2928.8  2969.5  3010.2  3050.8  3091.5  3132.2  3172.9  3213.6  3254.2  3294.9  3335.6  3376.3  3416.9  3457.6  3498.3  3539.0  3579.7  3620.3  3661.0  3701.7  3742.4  3783.1  3823.7  3864.4  3905.1  3945.8  3986.4  4027.1  4067.8  4108.5  4149.2  4189.8  4230.5  4271.2  4311.9  4352.5  4393.2  4433.9  4474.6  4515.3  4555.9  4596.6  4637.3  4678.0  4718.6  4759.3  4800.0  4840.7  4881.4
 300.0     0.0    50.0   100.0   150.0   200.0   250.0   300.0   350.0   400.0   450.0   500.0   550.0   600.0   650.0   700.0   750.0   800.0   850.0   900.0   950.0  1000.0  1050.0  1100.0  1114.5  1114.5  1114.5  1114.5  1144.1  1186.4  1228.8  1271.2  1313.6  1355.9  1398.3  1440.7  1483.1  1525.4  1567.8  1610.2  1652.5  1694.9  1737.3  1779.7  1822.0  1864.4  1906.8  1949.2  1991.5  2033.9  2076.3  2118.6  2161.0  2203.4  2245.8  2288.1  2330.5  2372.9  2415.3  2457.6  2500.0  2542.4  2584.7  2627.1  2669.5  2711.9  2754.2  2796.6  2839.0  2881.4  2923.7  2966.1  3008.5  3050.8  3093.2  3135.6  3178.0  3220.3  3262.7  3305.1  3347.5  3389.8  3432.2  3474.6  3516.9  3559.3  3601.7  3644.1  3686.4  3728.8  3771.2  3813.6  3855.9  3898.3  3940.7  3983.1  4025.4  4067.8  4110.2  4152.5  4194.9  4237.3  4279.7  4322.0  4364.4  4406.8  4449.2  4491.5  4533.9  4576.3  4618.6  4661.0  4703.4  4745.8  4788.1  4830.5  4872.9  4915.3  4957.6  5000.0  5042.4  5084.7
 312.0     0.0    50.0   100.0   150.0   200.0   250.0   300.0   350.0   400.0   450.0   500.0   550.0   600.0   650.0   700.0   750.0   800.0   850.0   900.0   950.0  1000.0  1050.0  1100.0  1150.0  1159.1  1159.1  1159.1  1189.8  1233.9  1278.0  1322.0  1366.1  1410.2  1454.2  1498.3  1542.4  1586.4  1630.5  1674.6  1718.6  1762.7  1806.8  1850.8  1894.9  1939.0  1983.1  2027.1  2071.2  2115.3  2159.3  2203.4  2247.5  2291.5  2335.6  2379.7  2423.7  2467.8  2511.9  2555.9  2600.0  2644.1  2688.1  2732.2  2776.3  2820.3  2864.4  2908.5  2952.5  2996.6  3040.7  3084.7  3128.8  3172.9  3216.9  3261.0  3305.1  3349.2  3393.2  3437.3  3481.4  3525.4  3569.5  3613.6  3657.6  3701.7  3745.8  3789.8  3833.9  3878.0  3922.0  3966.1  4010.2  4054.2  4098.3  4142.4  4186.4  4230.5  4274.6  4318.6  4362.7  4406.8  4450.8  4494.9  4539.0  4583.1  4627.1  4671.2  4715.3  4759.3  4803.4  4847.5  4891.5  4935.6  4979.7  5023.7  5067.8  5111.9  5155.9  5200.0  5244.1  5288.1
 324.0     0.0    50.0   100.0   150.0   200.0   250.0   300.0   350.0   400.0   450.0   500.0   550.0   600.0   650.0   700.0   750.0   800.0   850.0   900.0   950.0  1000.0  1050.0  1100.0  1150.0  1200.0  1203.7  1203.7  1235.6  1281.4  1327.1  1372.9  1418.6  1464.4  1510.2  1555.9  1601.7  1647.5  1693.2  1739.0  1784.7  1830.5  1876.3  1922.0  1967.8  2013.6  2059.3  2105.1  2150.8  2196.6  2242.4  2288.1  2333.9  2379.7  2425.4  2471.2  2516.9  2562.7  2608.5  2654.2  2700.0  2745.8  2791.5  2837.3  2883.1  2928.8  2974.6  3020.3  3066.1  3111.9  3157.6  3203.4  3249.2  3294.9  3340.7  3386.4  3432.2  3478.0  3523.7  3569.5  3615.3  3661.0  3706.8  3752.5  3798.3  3844.1  3889.8  3935.6  3981.4  4027.1  4072.9  4118.6  4164.4  4210.2  4255.9  4301.7  4347.5  4393.2  4439.0  4484.7  4530.5  4576.3  4622.0  4667.8  4713.6  4759.3  4805.1  4850.8  4896.6  4942.4  4988.1  5033.9  5079.7  5125.4  5171.2  5216.9  5262.7  5308.5  5354.2  5400.0  5445.8  5491.5
 336.0     0.0    50.0   100.0   150.0   200.0   250.0   300.0   350.0   400.0   450.0   500.0   550.0   600.0   650.0   700.0   750.0   800.0   850.0   900.0   950.0  1000.0  1050.0  1100.0  1150.0  1200.0  1248.2  1248.2  1281.4  1328.8  1376.3  1423.7  1471.2  1518.6  1566.1  1613.6  1661.0  1708.5  1755.9  1803.4  1850.8  1898.3  1945.8  1993.2  2040.7  2088.1  2135.6  2183.1  2230.5  2278.0  2325.4  2372.9  2420.3  2467.8  2515.3  2562.7  2610.2  2657.6  2705.1  2752.5  2800.0  2847.5  2894.9  2942.4  2989.8  3037.3  3084.7  3132.2  3179.7  3227.1  3274.6  3322.0  3369.5  3416.9  3464.4  3511.9  3559.3  3606.8  3654.2  3701.7  3749.2  3796.6  3844.1  3891.5  3939.0  3986.4  4033.9  4081.4  4128.8  4176.3  4223.7  4271.2  4318.6  4366.1  4413.6  4461.0  4508.5  4555.9  4603.4  4650.8  4698.3  4745.8  4793.2  4840.7  4888.1  4935.6  4983.1  5030.5  5078.0  5125.4  5172.9  5220.3  5267.8  5315.3  5362.7  5410.2  5457.6  5505.1  5552.5  5600.0  5647.5  5694.9
 348.0     0.0    50.0   100.0   150.0   200.0   250.0   300.0   350.0   400.0   450.0   500.0   550.0   600.0   650.0   700.0   750.0   800.0   850.0   900.0   950.0  1000.0  1050.0  1100.0  1150.0  1200.0  1250.0  1292.8  1327.1  1376.3  1425.4  1474.6  1523.7  1572.9  1622.0  1671.2  1720.3  1769.5  1818.6  1867.8  1916.9  1966.1  2015.3  2064.4  2113.6  2162.7  2211.9  2261.0  2310.2  2359.3  2408.5  2457.6  2506.8  2555.9  2605.1  2654.2  2703.4  2752.5  2801.7  2850.8  2900.0  2949.2  2998.3  3047.5  3096.6  3145.8  3194.9  3244.1  3293.2  3342.4  3391.5  3440.7  3489.8  3539.0  3588.1  3637.3  3686.4  3735.6  3784.7  3833.9  3883.1  3932.2  3981.4  4030.5  4079.7  4128.8  4178.0  4227.1  4276.3  4325.4  4374.6  4423.7  4472.9  4522.0  4571.2  4620.3  4669.5  4718.6  4767.8  4816.9  4866.1  4915.3  4964.4  5013.6  5062.7  5111.9  5161.0  5210.2  5259.3  5308.5  5357.6  5406.8  5455.9  5505.1  5554.2  5603.4  5652.5  5701.7  5750.8  5800.0  5849.2  5898.3
 360.0     0.0    50.0   100.0   150.0   200.0   250.0   300.0   350.0   400.0   450.0   500.0   550.0   600.0   650.0   700.0   750.0   800.0   850.0   900.0   950.0  1000.0  1050.0  1100.0  1150.0  1200.0  1250.0  1300.0  1350.0  1400.0  1450.0  1500.0  1550.0  1600.0  1650.0  1700.0  1750.0  1800.0  1850.0  1900.0  1950.0  2000.0  2050.0  2100.0  2150.0  2200.0  2250.0  2300.0  2350.0  2400.0  2450.0  2500.0  2550.0  2600.0  2650.0  2700.0  2750.0  2800.0  2850.0  2900.0  2950.0  3000.0  3050.0  3100.0  3150.0  3200.0  3250.0  3300.0  3350.0  3400.0  3450.0  3500.0  3550.0  3600.0  3650.0  3700.0  3750.0  3800.0  3850.0  3900.0  3950.0  4000.0  4050.0  4100.0  4150.0  4200.0  4250.0  4300.0  4350.0  4400.0  4450.0  4500.0  4550.0  4600.0  4650.0  4700.0  4750.0  4800.0  4850.0  4900.0  4950.0  5000.0  5050.0  5100.0  5150.0  5200.0  5250.0  5300.0  5350.0  5400.0  5450.0  5500.0  5550.0  5600.0  5650.0  5700.0  5750.0  5800.0  5850.0  5900.0  5950.0  6000.0
 372.0     0.0    50.0   100.0   150.0   200.0   250.0   300.0   350.0   400.0   450.0   500.0   550.0   600.0   650.0   700.0   750.0   800.0   850.0   900.0   950.0  1000.0  1050.0  1100.0  1150.0  1200.0  1250.0  1292.8  1327.1  1376.3  1425.4  1474.6  1523.7  1572.9  1622.0  1671.2  1720.3  1769.5  1818.6  1867.8  1916.9  1966.1  2015.3  2064.4  2113.6  2162.7  2211.9  2261.0  2310.2  2359.3  2408.5  2457.6  2506.8  2555.9  2605.1  2654.2  2703.4  2752.5  2801.7  2850.8  2900.0  2949.2  2998.3  3047.5  3096.6  3145.8  3194.9  3244.1  3293.2  3342.4  3391.5  3440.7  3489.8  3539.0  3588.1  3637.3  3686.4  3735.6  3784.7  3833.9  3883.1  3932.2  3981.4  4030.5  4079.7  4128.8  4178.0  4227.1  4276.3  4325.4  4374.6  4423.7  4472.9  4522.0  4571.2  4620.3  4669.5  4718.6  4767.8  4816.9  4866.1  4915.3  4964.4  5013.6  5062.7  5111.9  5161.0  5210.2  5259.3  5308.5  5357.6  5406.8  5455.9  5505.1  5554.2  5603.4  5652.5  5701.7  5750.8  5800.0  5849.2  5898.3
 384.0     0.0    50.0   100.0   150.0   200.0   250.0   300.0   350.0   400.0   450.0   500.0   550.0   600.0   650.0   700.0   750.0   800.0   850.0   900.0   950.0  1000.0  1050.0  1100.0  1150.0  1200.0  1248.2  1248.2  1281.4  1328.8  1376.3  1423.7  1471.2  1518.6  1566.1  1613.6  1661.0  1708.5  1755.9  1803.4  1850.8  1898.3  1945.8  1993.2  2040.7  2088.1  2135.6  2183.1  2230.5  2278.0  2325.4  2372.9  2420.3  2467.8  2515.3  2562.7  2610.2  2657.6  2705.1  2752.5  2800.0  2847.5  2894.9  2942.4  2989.8  3037.3  3084.7  3132.2  3179.7  3227.1  3274.6  3322.0  3369.5  3416.9  3464.4  3511.9  3559.3  3606.8  3654.2  3701.7  3749.2  3796.6  3844.1  3891.5  3939.0  3986.4  4033.9  4081.4  4128.8  4176.3  4223.7  4271.2  4318.6  4366.1  4413.6  4461.0  4508.5  4555.9  4603.4  4650.8  4698.3  4745.8  4793.2  4840.7  4888.1  4935.6  4983.1  5030.5  5078.0  5125.4  5172.9  5220.3  5267.8  5315.3  5362.7  5410.2  5457.6  5505.1  5552.5  5600.0  5647.5  5694.9
 396.0     0.0    50.0   100.0   150.0   200.0   250.0   300.0   350.0   400.0   450.0   500.0   550.0   600.0   650.0   700.0   750.0   800.0   850.0   900.0   950.0  1000.0  1050.0  1100.0  1150.0  1200.0  1203.7  1203.7  1235.6  1281.4  1327.1  1372.9  1418.6  1464.4  1510.2  1555.9  1601.7  1647.5  1693.2  1739.0  1784.7  1830.5  1876.3  1922.0  1967.8  2013.6  2059.3  2105.1  2150.8  2196.6  2242.4  2288.1  2333.9  2379.7  2425.4  2471.2  2516.9  2562.7  2608.5  2654.2  2700.0  2745.8  2791.5  2837.3  2883.1  2928.8  2974.6  3020.3  3066.1  3111.9  3157.6  3203.4  3249.2  3294.9  3340.7  3386.4  3432.2  3478.0  3523.7  3569.5  3615.3  3661.0  3706.8  3752.5  3798.3  3844.1  3889.8  3935.6  3981.4  4027.1  4072.9  4118.6  4164.4  4210.2  4255.9  4301.7  4347.5  4393.2  4439.0  4484.7  4530.5  4576.3  4622.0  4667.8  4713.6  4759.3  4805.1  4850.8  4896.6  4942.4  4988.1  5033.9  5079.7  5125.4  5171.2  5216.9  5262.7  5308.5  5354.2  5400.0  5445.8  5491.5
 408.0     0.0    50.0   100.0   150.0   200.0   250.0   300.0   350.0   400.0   450.0   500.0   550.0   600.0   650.0   700.0   750.0   800.0   850.0   900.0   950.0  1000.0  1050.0  1100.0  1150.0  1159.1  1159.1  1159.1  1189.8  1233.9  1278.0  1322.0  1366.1  1410.2  1454.2  1498.3  1542.4  1586.4  1630.5  1674.6  1718.6  1762.7  1806.8  1850.8  1894.9  1939.0  1983.1  2027.1  2071.2  2115.3  2159.3  2203.4  2247.5  2291.5  2335.6  2379.7  2423.7  2467.8  2511.9  2555.9  2600.0  2644.1  2688.1  2732.2  2776.3  2820.3  2864.4  2908.5  2952.5  2996.6  3040.7  3084.7  3128.8  3172.9  3216.9  3261.0  3305.1  3349.2  3393.2  3437.3  3481.4  3525.4  3569.5  3613.6  3657.6  3701.7  3745.8  3789.8  3833.9  3878.0  3922.0  3966.1  4010.2  4054.2  4098.3  4142.4  4186.4  4230.5  4274.6  4318.6  4362.7  4406.8  4450.8  4494.9  4539.0  4583.1  4627.1  4671.2  4715.3  4759.3  4803.4  4847.5  4891.5  4935.6  4979.7  5023.7  5067.8  5111.9  5155.9  5200.0  5244.1  5288.1
 420.0     0.0    50.0   100.0   150.0   200.0   250.0   300.0   350.0   400.0   450.0   500.0   550.0   600.0   650.0   700.0   750.0   800.0   850.0   900.0   950.0  1000.0  1050.0  1100.0  1114.5  1114.5  1114.5  1114.5  1144.1  1186.4  1228.8  1271.2  1313.6  1355.9  1398.3  1440.7  1483.1  1525.4  1567.8  1610.2  1652.5  1694.9  1737.3  1779.7  1822.0  1864.4  1906.8  1949.2  1991.5  2033.9  2076.3  2118.6  2161.0  2203.4  2245.8  2288.1  2330.5  2372.9  2415.3  2457.6  2500.0  2542.4  2584.7  2627.1  2669.5  2711.9  2754.2  2796.6  2839.0  2881.4  2923.7  2966.1  3008.5  3050.8  3093.2  3135.6  3178.0  3220.3  3262.7  3305.1  3347.5  3389.8  3432.2  3474.6  3516.9  3559.3  3601.7  3644.1  3686.4  3728.8  3771.2  3813.6  3855.9  3898.3  3940.7  3983.1  4025.4  4067.8  4110.2  4152.5  4194.9  4237.3  4279.7  4322.0  4364.4  4406.8  4449.2  4491.5  4533.9  4576.3  4618.6  4661.0  4703.4  4745.8  4788.1  4830.5  4872.9  4915.3  4957.6  5000.0  5042.4  5084.7
 432.0     0.0    50.0   100.0   150.0   200.0   250.0   300.0   350.0   400.0   450.0   500.0   550.0   600.0   650.0   700.0   750.0   800.0   850.0   900.0   950.0  1000.0  1050.0  1069.9  1069.9  1069.9  1069.9  1069.9  1098.3  1139.0  1179.7  1220.3  1261.0  1301.7  1342.4  1383.1  1423.7  1464.4  1505.1  1545.8  1586.4  1627.1  1667.8  1708.5  1749.2  1789.8  1830.5  1871.2  1911.9  1952.5  1993.2  2033.9  2074.6  2115.3  2155.9  2196.6  2237.3  2278.0  2318.6  2359.3  2400.0  2440.7  2481.4  2522.0  2562.7  2603.4  2644.1  2684.7  2725.4  2766.1  2806.8  2847.5  2888.1  2928.8  2969.5  3010.2  3050.8  3091.5  3132.2  3172.9  3213.6  3254.2  3294.9  3335.6  3376.3  3416.9  3457.6  3498.3  3539.0  3579.7  3620.3  3661.0  3701.7  3742.4  3783.1  3823.7  3864.4  3905.1  3945.8  3986.4  4027.1  4067.8  4108.5  4149.2  4189.8  4230.5  4271.2  4311.9  4352.5  4393.2  4433.9  4474.6  4515.3  4555.9  4596.6  4637.3  4678.0  4718.6  4759.3  4800.0  4840.7  4881.4
 444.0     0.0    50.0   100.0   150.0   200.0   250.0   300.0   350.0   400.0   450.0   500.0   550.0   600.0   650.0   700.0   750.0   800.0   850.0   900.0   950.0  1000.0  1025.3  1025.3  1025.3  1025.3  1025.3  1025.3  1052.5  1091.5  1130.5  1169.5  1208.5  1247.5  1286.4  1325.4  1364.4  1403.4  1442.4  1481.4  1520.3  1559.3  1598.3  1637.3  1676.3  1715.3  1754.2  1793.2  1832.2  1871.2  1910.2  1949.2  1988.1  2027.1  2066.1  2105.1  2144.1  2183.1  2222.0  2261.0  2300.0  2339.0  2378.0  2416.9  2455.9  2494.9  2533.9  2572.9  2611.9  2650.8  2689.8  2728.8  2767.8  2806.8  2845.8  2884.7  2923.7  2962.7  3001.7  3040.7  3079.7  3118.6  3157.6  3196.6  3235.6  3274.6  3313.6  3352.5  3391.5  3430.5  3469.5  3508.5  3547.5  3586.4  3625.4  3664.4  3703.4  3742.4  3781.4  3820.3  3859.3  3898.3  3937.3  3976.3  4015.3  4054.2  4093.2  4132.2  4171.2  4210.2  4249.2  4288.1  4327.1  4366.1  4405.1  4444.1  4483.1  4522.0  4561.0  4600.0  4639.0  4678.0
 456.0     0.0    50.0   100.0   150.0   200.0   250.0   300.0   350.0   400.0   450.0   500.0   550.0   600.0   650.0   700.0   750.0   800.0   850.0   900.0   950.0   980.8   980.8   980.8   980.8   980.8   980.8   980.8  1006.8  1044.1  1081.4  1118.6  1155.9  1193.2  1230.5  1267.8  1305.1  1342.4  1379.7  1416.9  1454.2  1491.5  1528.8  1566.1  1603.4  1640.7  1678.0  1715.3  1752.5  1789.8  1827.1  1864.4  1901.7  1939.0  1976.3  2013.6  2050.8  2088.1  2125.4  2162.7  2200.0  2237.3  2274.6  2311.9  2349.2  2386.4  2423.7  2461.0  2498.3  2535.6  2572.9  2610.2  2647.5  2684.7  2722.0  2759.3  2796.6  2833.9  2871.2  2908.5  2945.8  2983.1  3020.3  3057.6  3094.9  3132.2  3169.5  3206.8  3244.1  3281.4  3318.6  3355.9  3393.2  3430.5  3467.8  3505.1  3542.4  3579.7  3616.9  3654.2  3691.5  3728.8  3766.1  3803.4  3840.7  3878.0  3915.3  3952.5  3989.8  4027.1  4064.4  4101.7  4139.0  4176.3  4213.6  4250.8  4288.1  4325.4  4362.7  4400.0  4437.3  4474.6
 468.0     0.0    50.0   100.0   150.0   200.0   250.0   300.0   350.0   400.0   450.0   500.0   550.0   600.0   650.0   700.0   750.0   800.0   850.0   900.0   936.2   936.2   936.2   936.2   936.2   936.2   936.2   936.2   961.0   996.6  1032.2  1067.8  1103.4  1139.0  1174.6  1210.2  1245.8  1281.4  1316.9  1352.5  1388.1  1423.7  1459.3  1494.9  1530.5  1566.1  1601.7  1637.3  1672.9  1708.5  1744.1  1779.7  1815.3  1850.8  1886.4  1922.0  1957.6  1993.2  2028.8  2064.4  2100.0  2135.6  2171.2  2206.8  2242.4  2278.0  2313.6  2349.2  2384.7  2420.3  2455.9  2491.5  2527.1  2562.7  2598.3  2633.9  2669.5  2705.1  2740.7  2776.3  2811.9  2847.5  2883.1  2918.6  2954.2  2989.8  3025.4  3061.0  3096.6  3132.2  3167.8  3203.4  3239.0  3274.6  3310.2  3345.8  3381.4  3416.9  3452.5  3488.1  3523.7  3559.3  3594.9  3630.5  3666.1  3701.7  3737.3  3772.9  3808.5  3844.1  3879.7  3915.3  3950.8  3986.4  4022.0  4057.6  4093.2  4128.8  4164.4  4200.0  4235.6  4271.2
 480.0     0.0    50.0   100.0   150.0   200.0   250.0   300.0   350.0   400.0   450.0   500.0   550.0   600.0   650.0   700.0   750.0   800.0   850.0   891.6   891.6   891.6   891.6   891.6   891.6   891.6   891.6   891.6   915.3   949.2   983.1  1016.9  1050.8  1084.7  1118.6  1152.5  1186.4  1220.3  1254.2  1288.1  1322.0  1355.9  1389.8  1423.7  1457.6  1491.5  1525.4  1559.3  1593.2  1627.1  1661.0  1694.9  1728.8  1762.7  1796.6  1830.5  1864.4  1898.3  1932.2  1966.1  2000.0  2033.9  2067.8  2101.7  2135.6  2169.5  2203.4  2237.3  2271.2  2305.1  2339.0  2372.9  2406.8  2440.7  2474.6  2508.5  2542.4  2576.3  2610.2  2644.1  2678.0  2711.9  2745.8  2779.7  2813.6  2847.5  2881.4  2915.3  2949.2  2983.1  3016.9  3050.8  3084.7  3118.6  3152.5  3186.4  3220.3  3254.2  3288.1  3322.0  3355.9  3389.8  3423.7  3457.6  3491.5  3525.4  3559.3  3593.2  3627.1  3661.0  3694.9  3728.8  3762.7  3796.6  3830.5  3864.4  3898.3  3932.2  3966.1  4000.0  4033.9  4067.8
 492.0     0.0    50.0   100.0   150.0   200.0   250.0   300.0   350.0   400.0   450.0   500.0   550.0   600.0   650.0   700.0   750.0   800.0   847.0   847.0   847.0   847.0   847.0   847.0   847.0   847.0   847.0   847.0   869.5   901.7   933.9   966.1   998.3  1030.5  1062.7  1094.9  1127.1  1159.3  1191.5  1223.7  1255.9  1288.1  1320.3  1352.5  1384.7  1416.9  1449.2  1481.4  1513.6  1545.8  1578.0  1610.2  1642.4  1674.6  1706.8  1739.0  1771.2  1803.4  1835.6  1867.8  1900.0  1932.2  1964.4  1996.6  2028.8  2061.0  2093.2  2125.4  2157.6  2189.8  2222.0  2254.2  2286.4  2318.6  2350.8  2383.1  2415.3  2447.5  2479.7  2511.9  2544.1  2576.3  2608.5  2640.7  2672.9  2705.1  2737.3  2769.5  2801.7  2833.9  2866.1  2898.3  2930.5  2962.7  2994.9  3027.1  3059.3  3091.5  3123.7  3155.9  3188.1  3220.3  3252.5  3284.7  3316.9  3349.2  3381.4  3413.6  3445.8  3478.0  3510.2  3542.4  3574.6  3606.8  3639.0  3671.2  3703.4  3735.6  3767.8  3800.0  3832.2  3864.4
 504.0     0.0    50.0   100.0   150.0   200.0   250.0   300.0   350.0   400.0   450.0   500.0   550.0   600.0   650.0   700.0   750.0   800.0   802.4   802.4   802.4   802.4   802.4   802.4   802.4   802.4   802.4   802.4   823.7   854.2   884.7   915.3   945.8   976.3  1006.8  1037.3  1067.8  1098.3  1128.8  1159.3  1189.8  1220.3  1250.8  1281.4  1311.9  1342.4  1372.9  1403.4  1433.9  1464.4  1494.9  1525.4  1555.9  1586.4  1616.9  1647.5  1678.0  1708.5  1739.0  1769.5  1800.0  1830.5  1861.0  1891.5  1922.0  1952.5  1983.1  2013.6  2044.1  2074.6  2105.1  2135.6  2166.1  2196.6  2227.1  2257.6  2288.1  2318.6  2349.2  2379.7  2410.2  2440.7  2471.2  2501.7  2532.2  2562.7  2593.2  2623.7  2654.2  2684.7  2715.3  2745.8  2776.3  2806.8  2837.3  2867.8  2898.3  2928.8  2959.3  2989.8  3020.3  3050.8  3081.4  3111.9  3142.4  3172.9  3203.4  3233.9  3264.4  3294.9  3325.4  3355.9  3386.4  3416.9  3447.5  3478.0  3508.5  3539.0  3569.5  3600.0  3630.5  3661.0
 516.0     0.0    50.0   100.0   150.0   200.0   250.0   300.0   350.0   400.0   450.0   500.0   550.0   600.0   650.0   700.0   750.0   757.9   757.9   757.9   757.9   757.9   757.9   757.9   757.9   757.9   757.9   757.9   778.0   806.8   835.6   864.4   893.2   922.0   950.8   979.7  1008.5  1037.3  1066.1  1094.9  1123.7  1152.5  1181.4  1210.2  1239.0  1267.8  1296.6  1325.4  1354.2  1383.1  1411.9  1440.7  1469.5  1498.3  1527.1  1555.9  1584.7  1613.6  1642.4  1671.2  1700.0  1728.8  1757.6  1786.4  1815.3  1844.1  1872.9  1901.7  1930.5  1959.3  1988.1  2016.9  2045.8  2074.6  2103.4  2132.2  2161.0  2189.8  2218.6  2247.5  2276.3  2305.1  2333.9  2362.7  2391.5  2420.3  2449.2  2478.0  2506.8  2535.6  2564.4  2593.2  2622.0  2650.8  2679.7  2708.5  2737.3  2766.1  2794.9  2823.7  2852.5  2881.4  2910.2  2939.0  2967.8  2996.6  3025.4  3054.2  3083.1  3111.9  3140.7  3169.5  3198.3  3227.1  3255.9  3284.7  3313.6  3342.4  3371.2  3400.0  3428.8  3457.6
 528.0     0.0    50.0   100.0   150.0   200.0   250.0   300.0   350.0   400.0   450.0   500.0   550.0   600.0   650.0   700.0   713.3   713.3   713.3   713.3   713.3   713.3   713.3   713.3   713.3   713.3   713.3   713.3   732.2   759.3   786.4   813.6   840.7   867.8   894.9   922.0   949.2   976.3  1003.4  1030.5  1057.6  1084.7  1111.9  1139.0  1166.1  1193.2  1220.3  1247.5  1274.6  1301.7  1328.8  1355.9  1383.1  1410.2  1437.3  1464.4  1491.5  1518.6  1545.8  1572.9  1600.0  1627.1  1654.2  1681.4  1708.5  1735.6  1762.7  1789.8  1816.9  1844.1  1871.2  1898.3  1925.4  1952.5  1979.7  2006.8  2033.9  2061.0  2088.1  2115.3  2142.4  2169.5  2196.6  2223.7  2250.8  2278.0  2305.1  2332.2  2359.3  2386.4  2413.6  2440.7  2467.8  2494.9  2522.0  2549.2  2576.3  2603.4  2630.5  2657.6  2684.7  2711.9  2739.0  2766.1  2793.2  2820.3  2847.5  2874.6  2901.7  2928.8  2955.9  2983.1  3010.2  3037.3  3064.4  3091.5  3118.6  3145.8  3172.9  3200.0  3227.1  3254.2
 540.0     0.0    50.0   100.0   150.0   200.0   250.0   300.0   350.0   400.0   450.0   500.0   550.0   600.0   650.0   668.7   668.7   668.7   668.7   668.7   668.7   668.7   668.7   668.7   668.7   668.7   668.7   668.7   686.4   711.9   737.3   762.7   788.1   813.6   839.0   864.4   889.8   915.3   940.7   966.1   991.5  1016.9  1042.4  1067.8  1093.2  1118.6  1144.1  1169.5  1194.9  1220.3  1245.8  1271.2  1296.6  1322.0  1347.5  1372.9  1398.3  1423.7  1449.2  1474.6  1500.0  1525.4  1550.8  1576.3  1601.7  1627.1  1652.5  1678.0  1703.4  1728.8  1754.2  1779.7  1805.1  1830.5  1855.9  1881.4  1906.8  1932.2  1957.6  1983.1  2008.5  2033.9  2059.3  2084.7  2110.2  2135.6  2161.0  2186.4  2211.9  2237.3  2262.7  2288.1  2313.6  2339.0  2364.4  2389.8  2415.3  2440.7  2466.1  2491.5  2516.9  2542.4  2567.8  2593.2  2618.6  2644.1  2669.5  2694.9  2720.3  2745.8  2771.2  2796.6  2822.0  2847.5  2872.9  2898.3  2923.7  2949.2  2974.6  3000.0  3025.4  3050.8
 552.0     0.0    50.0   100.0   150.0   200.0   250.0   300.0   350.0   400.0   450.0   500.0   550.0   600.0   624.1   624.1   624.1   624.1   624.1   624.1   624.1   624.1   624.1   624.1   624.1   624.1   624.1   624.1   640.7   664.4   688.1   711.9   735.6   759.3   783.1   806.8   830.5   854.2   878.0   901.7   925.4   949.2   972.9   996.6  1020.3  1044.1  1067.8  1091.5  1115.3  1139.0  1162.7  1186.4  1210.2  1233.9  1257.6  1281.4  1305.1  1328.8  1352.5  1376.3  1400.0  1423.7  1447.5  1471.2  1494.9  1518.6  1542.4  1566.1  1589.8  1613.6  1637.3  1661.0  1684.7  1708.5  1732.2  1755.9  1779.7  1803.4  1827.1  1850.8  1874.6  1898.3  1922.0  1945.8  1969.5  1993.2  2016.9  2040.7  2064.4  2088.1  2111.9  2135.6  2159.3  2183.1  2206.8  2230.5  2254.2  2278.0  2301.7  2325.4  2349.2  2372.9  2396.6  2420.3  2444.1  2467.8  2491.5  2515.3  2539.0  2562.7  2586.4  2610.2  2633.9  2657.6  2681.4  2705.1  2728.8  2752.5  2776.3  2800.0  2823.7  2847.5
 564.0     0.0    50.0   100.0   150.0   200.0   250.0   300.0   350.0   400.0   450.0   500.0   550.0   579.5   579.5   579.5   579.5   579.5   579.5   579.5   579.5   579.5   579.5   579.5   579.5   579.5   579.5   579.5   594.9   616.9   639.0   661.0   683.1   705.1   727.1   749.2   771.2   793.2   815.3   837.3   859.3   881.4   903.4   925.4   947.5   969.5   991.5  1013.6  1035.6  1057.6  1079.7  1101.7  1123.7  1145.8  1167.8  1189.8  1211.9  1233.9  1255.9  1278.0  1300.0  1322.0  1344.1  1366.1  1388.1  1410.2  1432.2  1454.2  1476.3  1498.3  1520.3  1542.4  1564.4  1586.4  1608.5  1630.5  1652.5  1674.6  1696.6  1718.6  1740.7  1762.7  1784.7  1806.8  1828.8  1850.8  1872.9  1894.9  1916.9  1939.0  1961.0  1983.1  2005.1  2027.1  2049.2  2071.2  2093.2  2115.3  2137.3  2159.3  2181.4  2203.4  2225.4  2247.5  2269.5  2291.5  2313.6  2335.6  2357.6  2379.7  2401.7  2423.7  2445.8  2467.8  2489.8  2511.9  2533.9  2555.9  2578.0  2600.0  2622.0  2644.1
 576.0     0.0    50.0   100.0   150.0   200.0   250.0   300.0   350.0   400.0   450.0   500.0   535.0   535.0   535.0   535.0   535.0   535.0   535.0   535.0   535.0   535.0   535.0   535.0   535.0   535.0   535.0   535.0   549.2   569.5   589.8   610.2   630.5   650.8   671.2   691.5   711.9   732.2   752.5   772.9   793.2   813.6   833.9   854.2   874.6   894.9   915.3   935.6   955.9   976.3   996.6  1016.9  1037.3  1057.6  1078.0  1098.3  1118.6  1139.0  1159.3  1179.7  1200.0  1220.3  1240.7  1261.0  1281.4  1301.7  1322.0  1342.4  1362.7  1383.1  1403.4  1423.7  1444.1  1464.4  1484.7  1505.1  1525.4  1545.8  1566.1  1586.4  1606.8  1627.1  1647.5  1667.8  1688.1  1708.5  1728.8  1749.2  1769.5  1789.8  1810.2  1830.5  1850.8  1871.2  1891.5  1911.9  1932.2  1952.5  1972.9  1993.2  2013.6  2033.9  2054.2  2074.6  2094.9  2115.3  2135.6  2155.9  2176.3  2196.6  2216.9  2237.3  2257.6  2278.0  2298.3  2318.6  2339.0  2359.3  2379.7  2400.0  2420.3  2440.7
 588.0     0.0    50.0   100.0   150.0   200.0   250.0   300.0   350.0   400.0   450.0   490.4   490.4   490.4   490.4   490.4   490.4   490.4   490.4   490.4   490.4   490.4   490.4   490.4   490.4   490.4   490.4   490.4   503.4   522.0   540.7   559.3   578.0   596.6   615.3   633.9   652.5   671.2   689.8   708.5   727.1   745.8   764.4   783.1   801.7   820.3   839.0   857.6   876.3   894.9   913.6   932.2   950.8   969.5   988.1  1006.8  1025.4  1044.1  1062.7  1081.4  1100.0  1118.6  1137.3  1155.9  1174.6  1193.2  1211.9  1230.5  1249.2  1267.8  1286.4  1305.1  1323.7  1342.4  1361.0  1379.7  1398.3  1416.9  1435.6  1454.2  1472.9  1491.5  1510.2  1528.8  1547.5  1566.1  1584.7  1603.4  1622.0  1640.7  1659.3  1678.0  1696.6  1715.3  1733.9  1752.5  1771.2  1789.8  1808.5  1827.1  1845.8  1864.4  1883.1  1901.7  1920.3  1939.0  1957.6  1976.3  1994.9  2013.6  2032.2  2050.8  2069.5  2088.1  2106.8  2125.4  2144.1  2162.7  2181.4  2200.0  2218.6  2237.3
 600.0     0.0    50.0   100.0   150.0   200.0   250.0   300.0   350.0   400.0   445.8   445.8   445.8   445.8   445.8   445.8   445.8   445.8   445.8   445.8   445.8   445.8   445.8   445.8   445.8   445.8   445.8   445.8   457.6   474.6   491.5   508.5   525.4   542.4   559.3   576.3   593.2   610.2   627.1   644.1   661.0   678.0   694.9   711.9   728.8   745.8   762.7   779.7   796.6   813.6   830.5   847.5   864.4   881.4   898.3   915.3   932.2   949.2   966.1   983.1  1000.0  1016.9  1033.9  1050.8  1067.8  1084.7  1101.7  1118.6  1135.6  1152.5  1169.5  1186.4  1203.4  1220.3  1237.3  1254.2  1271.2  1288.1  1305.1  1322.0  1339.0  1355.9  1372.9  1389.8  1406.8  1423.7  1440.7  1457.6  1474.6  1491.5  1508.5  1525.4  1542.4  1559.3  1576.3  1593.2  1610.2  1627.1  1644.1  1661.0  1678.0  1694.9  1711.9  1728.8  1745.8  1762.7  1779.7  1796.6  1813.6  1830.5  1847.5  1864.4  1881.4  1898.3  1915.3  1932.2  1949.2  1966.1  1983.1  2000.0  2016.9  2033.9
 612.0     0.0    50.0   100.0   150.0   200.0   250.0   300.0   350.0   400.0   401.2   401.2   401.2   401.2   401.2   401.2   401.2   401.2   401.2   401.2   401.2   401.2   401.2   401.2   401.2   401.2   401.2   401.2   411.9   427.1   442.4   457.6   472.9   488.1   503.4   518.6   533.9   549.2   564.4   579.7   594.9   610.2   625.4   640.7   655.9   671.2   686.4   701.7   716.9   732.2   747.5   762.7   778.0   793.2   808.5   823.7   839.0   854.2   869.5   884.7   900.0   915.3   930.5   945.8   961.0   976.3   991.5  1006.8  1022.0  1037.3  1052.5  1067.8  1083.1  1098.3  1113.6  1128.8  1144.1  1159.3  1174.6  1189.8  1205.1  1220.3  1235.6  1250.8  1266.1  1281.4  1296.6  1311.9  1327.1  1342.4  1357.6  1372.9  1388.1  1403.4  1418.6  1433.9  1449.2  1464.4  1479.7  1494.9  1510.2  1525.4  1540.7  1555.9  1571.2  1586.4  1601.7  1616.9  1632.2  1647.5  1662.7  1678.0  1693.2  1708.5  1723.7  1739.0  1754.2  1769.5  1784.7  1800.0  1815.3  1830.5
 624.0     0.0    50.0   100.0   150.0   200.0   250.0   300.0   350.0   356.6   356.6   356.6   356.6   356.6   356.6   356.6   356.6   356.6   356.6   356.6   356.6   356.6   356.6   356.6   356.6   356.6   356.6   356.6   366.1   379.7   393.2   406.8   420.3   433.9   447.5   461.0   474.6   488.1   501.7   515.3   528.8   542.4   555.9   569.5   583.1   596.6   610.2   623.7   637.3   650.8   664.4   678.0   691.5   705.1   718.6   732.2   745.8   759.3   772.9   786.4   800.0   813.6   827.1   840.7   854.2   867.8   881.4   894.9   908.5   922.0   935.6   949.2   962.7   976.3   989.8  1003.4  1016.9  1030.5  1044.1  1057.6  1071.2  1084.7  1098.3  1111.9  1125.4  1139.0  1152.5  1166.1  1179.7  1193.2  1206.8  1220.3  1233.9  1247.5  1261.0  1274.6  1288.1  1301.7  1315.3  1328.8  1342.4  1355.9  1369.5  1383.1  1396.6  1410.2  1423.7  1437.3  1450.8  1464.4  1478.0  1491.5  1505.1  1518.6  1532.2  1545.8  1559.3  1572.9  1586.4  1600.0  1613.6  1627.1
 636.0     0.0    50.0   100.0   150.0   200.0   250.0   300.0   312.1   312.1   312.1   312.1   312.1   312.1   312.1   312.1   312.1   312.1   312.1   312.1   312.1   312.1   312.1   312.1   312.1   312.1   312.1   312.1   320.3   332.2   344.1   355.9   367.8   379.7   391.5   403.4   415.3   427.1   439.0   450.8   462.7   474.6   486.4   498.3   510.2   522.0   533.9   545.8   557.6   569.5   581.4   593.2   605.1   616.9   628.8   640.7   652.5   664.4   676.3   688.1   700.0   711.9   723.7   735.6   747.5   759.3   771.2   783.1   794.9   806.8   818.6   830.5   842.4   854.2   866.1   878.0   889.8   901.7   913.6   925.4   937.3   949.2   961.0   972.9   984.7   996.6  1008.5  1020.3  1032.2  1044.1  1055.9  1067.8  1079.7  1091.5  1103.4  1115.3  1127.1  1139.0  1150.8  1162.7  1174.6  1186.4  1198.3  1210.2  1222.0  1233.9  1245.8  1257.6  1269.5  1281.4  1293.2  1305.1  1316.9  1328.8  1340.7  1352.5  1364.4  1376.3  1388.1  1400.0  1411.9  1423.7
 648.0     0.0    50.0   100.0   150.0   200.0   250.0   267.5   267.5   267.5   267.5   267.5   267.5   267.5   267.5   267.5   267.5   267.5   267.5   267.5   267.5   267.5   267.5   267.5   267.5   267.5   267.5   267.5   274.6   284.7   294.9   305.1   315.3   325.4   335.6   345.8   355.9   366.1   376.3   386.4   396.6   406.8   416.9   427.1   437.3   447.5   457.6   467.8   478.0   488.1   498.3   508.5   518.6   528.8   539.0   549.2   559.3   569.5   579.7   589.8   600.0   610.2   620.3   630.5   640.7   650.8   661.0   671.2   681.4   691.5   701.7   711.9   722.0   732.2   742.4   752.5   762.7   772.9   783.1   793.2   803.4   813.6   823.7   833.9   844.1   854.2   864.4   874.6   884.7   894.9   905.1   915.3   925.4   935.6   945.8   955.9   966.1   976.3   986.4   996.6  1006.8  1016.9  1027.1  1037.3  1047.5  1057.6  1067.8  1078.0  1088.1  1098.3  1108.5  1118.6  1128.8  1139.0  1149.2  1159.3  1169.5  1179.7  1189.8  1200.0  1210.2  1220.3
 660.0     0.0    50.0   100.0   150.0   200.0   222.9   222.9   222.9   222.9   222.9   222.9   222.9   222.9   222.9   222.9   222.9   222.9   222.9   222.9   222.9   222.9   222.9   222.9   222.9   222.9   222.9   222.9   228.8   237.3   245.8   254.2   262.7   271.2   279.7   288.1   296.6   305.1   313.6   322.0   330.5   339.0   347.5   355.9   364.4   372.9   381.4   389.8   398.3   406.8   415.3   423.7   432.2   440.7   449.2   457.6   466.1   474.6   483.1   491.5   500.0   508.5   516.9   525.4   533.9   542.4   550.8   559.3   567.8   576.3   584.7   593.2   601.7   610.2   618.6   627.1   635.6   644.1   652.5   661.0   669.5   678.0   686.4   694.9   703.4   711.9   720.3   728.8   737.3   745.8   754.2   762.7   771.2   779.7   788.1   796.6   805.1   813.6   822.0   830.5   839.0   847.5   855.9   864.4   872.9   881.4   889.8   898.3   906.8   915.3   923.7   932.2   940.7   949.2   957.6   966.1   974.6   983.1   991.5  1000.0  1008.5  1016.9
 672.0     0.0    50.0   100.0   150.0   178.3   178.3   178.3   178.3   178.3   178.3   178.3   178.3   178.3   178.3   178.3   178.3   178.3   178.3   178.3   178.3   178.3   178.3   178.3   178.3   178.3   178.3   178.3   183.1   189.8   196.6   203.4   210.2   216.9   223.7   230.5   237.3   244.1   250.8   257.6   264.4   271.2   278.0   284.7   291.5   298.3   305.1   311.9   318.6   325.4   332.2   339.0   345.8   352.5   359.3   366.1   372.9   379.7   386.4   393.2   400.0   406.8   413.6   420.3   427.1   433.9   440.7   447.5   454.2   461.0   467.8   474.6   481.4   488.1   494.9   501.7   508.5   515.3   522.0   528.8   535.6   542.4   549.2   555.9   562.7   569.5   576.3   583.1   589.8   596.6   603.4   610.2   616.9   623.7   630.5   637.3   644.1   650.8   657.6   664.4   671.2   678.0   684.7   691.5   698.3   705.1   711.9   718.6   725.4   732.2   739.0   745.8   752.5   759.3   766.1   772.9   779.7   786.4   793.2   800.0   806.8   813.6
 684.0     0.0    50.0   100.0   133.7   133.7   133.7   133.7   133.7   133.7   133.7   133.7   133.7   133.7   133.7   133.7   133.7   133.7   133.7   133.7   133.7   133.7   133.7   133.7   133.7   133.7   133.7   133.7   137.3   142.4   147.5   152.5   157.6   162.7   167.8   172.9   178.0   183.1   188.1   193.2   198.3   203.4   208.5   213.6   218.6   223.7   228.8   233.9   239.0   244.1   249.2   254.2   259.3   264.4   269.5   274.6   279.7   284.7   289.8   294.9   300.0   305.1   310.2   315.3   320.3   325.4   330.5   335.6   340.7   345.8   350.8   355.9   361.0   366.1   371.2   376.3   381.4   386.4   391.5   396.6   401.7   406.8   411.9   416.9   422.0   427.1   432.2   437.3   442.4   447.5   452.5   457.6   462.7   467.8   472.9   478.0   483.1   488.1   493.2   498.3   503.4   508.5   513.6   518.6   523.7   528.8   533.9   539.0   544.1   549.2   554.2   559.3   564.4   569.5   574.6   579.7   584.7   589.8   594.9   600.0   605.1   610.2
 696.0     0.0    50.0    89.2    89.2    89.2    89.2    89.2    89.2    89.2    89.2    89.2    89.2    89.2    89.2    89.2    89.2    89.2    89.2    89.2    89.2    89.2    89.2    89.2    89.2    89.2    89.2    89.2    91.5    94.9    98.3   101.7   105.1   108.5   111.9   115.3   118.6   122.0   125.4   128.8   132.2   135.6   139.0   142.4   145.8   149.2   152.5   155.9   159.3   162.7   166.1   169.5   172.9   176.3   179.7   183.1   186.4   189.8   193.2   196.6   200.0   203.4   206.8   210.2   213.6   216.9   220.3   223.7   227.1   230.5   233.9   237.3   240.7   244.1   247.5   250.8   254.2   257.6   261.0   264.4   267.8   271.2   274.6   278.0   281.4   284.7   288.1   291.5   294.9   298.3   301.7   305.1   308.5   311.9   315.3   318.6   322.0   325.4   328.8   332.2   335.6   339.0   342.4   345.8   349.2   352.5   355.9   359.3   362.7   366.1   369.5   372.9   376.3   379.7   383.1   386.4   389.8   393.2   396.6   400.0   403.4   406.8
 708.0     0.0    44.6    44.6    44.6    44.6    44.6    44.6    44.6    44.6    44.6    44.6    44.6    44.6    44.6    44.6    44.6    44.6    44.6    44.6    44.6    44.6    44.6    44.6    44.6    44.6    44.6    44.6    45.8    47.5    49.2    50.8    52.5    54.2    55.9    57.6    59.3    61.0    62.7    64.4    66.1    67.8    69.5    71.2    72.9    74.6    76.3    78.0    79.7    81.4    83.1    84.7    86.4    88.1    89.8    91.5    93.2    94.9    96.6    98.3   100.0   101.7   103.4   105.1   106.8   108.5   110.2   111.9   113.6   115.3   116.9   118.6   120.3   122.0   123.7   125.4   127.1   128.8   130.5   132.2   133.9   135.6   137.3   139.0   140.7   142.4   144.1   145.8   147.5   149.2   150.8   152.5   154.2   155.9   157.6   159.3   161.0   162.7   164.4   166.1   167.8   169.5   171.2   172.9   174.6   176.3   178.0   179.7   181.4   183.1   184.7   186.4   188.1   189.8   191.5   193.2   194.9   196.6   198.3   200.0   201.7   203.4
 720.0     0.0     0.0     0.0     0.0     0.0     0.0     0.0     0.0     0.0     0.0     0.0     0.0     0.0     0.0     0.0     0.0     0.0     0.0     0.0     0.0     0.0     0.0     0.0     0.0     0.0     0.0     0.0     0.0     0.0     0.0     0.0     0.0     0.0     0.0     0.0     0.0     0.0     0.0     0.0     0.0     0.0     0.0     0.0     0.0     0.0     0.0     0.0     0.0     0.0     0.0     0.0     0.0     0.0     0.0     0.0     0.0     0.0     0.0     0.0     0.0     0.0     0.0     0.0     0.0     0.0     0.0     0.0     0.0     0.0     0.0     0.0     0.0     0.0     0.0     0.0     0.0     0.0     0.0     0.0     0.0     0.0     0.0     0.0     0.0     0.0     0.0     0.0     0.0     0.0     0.0     0.0     0.0     0.0     0.0     0.0     0.0     0.0     0.0     0.0     0.0     0.0     0.0     0.0     0.0     0.0     0.0     0.0     0.0     0.0     0.0     0.0     0.0     0.0     0.0     0.0     0.0     0.0     0.0     0.0     0.0     0.0
