      9.41000    -0.293702    0.0561939
      9.42000    -0.298340    0.0546379
      9.43000    -0.298340    0.0546379
      9.44000    -0.333581    0.0442892
      9.45000    -0.343472    0.0426119
      9.46000    -0.326946    0.0380882
      9.47000    -0.333007    0.0403736
      9.48000    -0.319238    0.0406615
      9.49000    -0.323642    0.0396100
      9.50000    -0.331051    0.0375607
      9.51000    -0.307317    0.0376709
      9.52000    -0.311614    0.0388113
      9.53000    -0.301922    0.0389279
      9.54000    -0.309327    0.0360516
      9.55000    -0.298341    0.0339763
      9.56000    -0.295693    0.0324425
      9.57000    -0.296845    0.0311116
      9.58000    -0.298733    0.0296043
      9.59000    -0.278083    0.0270688
      9.60000    -0.269109    0.0262607
      9.61000    -0.275661    0.0256116
      9.62000    -0.274774    0.0249451
      9.63000    -0.276812    0.0235116
      9.64000    -0.268541    0.0233681
      9.65000    -0.257111    0.0226429
      9.66000    -0.240647    0.0217761
      9.67000    -0.231563    0.0202603
      9.68000    -0.242251    0.0197596
      9.69000    -0.229691    0.0183177
      9.70000    -0.218458    0.0174904
      9.71000    -0.211595    0.0168700
      9.72000    -0.211153    0.0159850
      9.73000    -0.209472    0.0157822
      9.74000    -0.207503    0.0158444
      9.75000    -0.201213    0.0152924
      9.76000    -0.199662    0.0147033
      9.77000    -0.194593    0.0142070
      9.78000    -0.189280    0.0134809
      9.79000    -0.185588    0.0132569
      9.80000    -0.186886    0.0129597
      9.81000    -0.181726    0.0124149
      9.82000    -0.177328    0.0118870
      9.83000    -0.167408    0.0113008
      9.84000    -0.164505    0.0108325
      9.85000    -0.162342    0.0104080
      9.86000    -0.159123    0.0102527
      9.87000    -0.156867   0.00992056
      9.88000    -0.147793   0.00943815
      9.89000    -0.143370   0.00929270
      9.90000    -0.143546   0.00917802
      9.91000    -0.140853   0.00891767
      9.92000    -0.138651   0.00880743
      9.93000    -0.134701   0.00847455
      9.94000    -0.127502   0.00797509
      9.95000    -0.125108   0.00772887
      9.96000    -0.119310   0.00748205
      9.97000    -0.114361   0.00717275
      9.98000    -0.110427   0.00702804
      9.99000    -0.107350   0.00683888
      10.0000    -0.103270   0.00654766
      10.0100   -0.0996413   0.00630266
      10.0200   -0.0946105   0.00609555
      10.0300   -0.0918373   0.00590417
      10.0400   -0.0899629   0.00571599
      10.0500   -0.0859893   0.00553538
      10.0600   -0.0855615   0.00539986
      10.0700   -0.0818790   0.00525625
      10.0800   -0.0785889   0.00514392
      10.0900   -0.0781619   0.00504239
      10.1000   -0.0738913   0.00482711
      10.1100   -0.0717190   0.00467202
      10.1200   -0.0687670   0.00454268
      10.1300   -0.0689887   0.00449034
      10.1400   -0.0681376   0.00447547
      10.1500   -0.0629505   0.00427030
      10.1600   -0.0600324   0.00421099
      10.1700   -0.0567164   0.00413020
      10.1800   -0.0518785   0.00400516
      10.1900   -0.0497536   0.00387384
      10.2000   -0.0472349   0.00386329
      10.2100   -0.0446048   0.00380539
      10.2200   -0.0425052   0.00373996
      10.2300   -0.0375195   0.00366450
      10.2400   -0.0329698   0.00357618
      10.2500   -0.0295452   0.00356114
      10.2600   -0.0295450   0.00351713
      10.2700   -0.0249515   0.00341876
      10.2800   -0.0222776   0.00330605
      10.2900   -0.0204105   0.00330313
      10.3000   -0.0172830   0.00320433
      10.3100   -0.0140545   0.00314959
      10.3200   -0.0113919   0.00309211
      10.3300  -0.00844625   0.00297677
      10.3400  -0.00737133   0.00287723
      10.3500  -0.00584881   0.00286664
      10.3600  -0.00267639   0.00277965
      10.3700 -0.000835094   0.00271645
      10.3800  0.000572876   0.00268332
      10.3900   0.00133992   0.00264313
      10.4000   0.00350252   0.00257045
      10.4100   0.00487486   0.00251225
      10.4200   0.00698746   0.00244729
      10.4300   0.00762257   0.00240514
      10.4400   0.00999982   0.00236012
      10.4500    0.0116154   0.00230249
      10.4600    0.0150972   0.00223913
      10.4700    0.0159972   0.00221753
      10.4800    0.0181313   0.00217851
      10.4900    0.0209817   0.00209253
      10.5000    0.0228406   0.00207749
      10.5100    0.0241415   0.00204693
      10.5200    0.0259366   0.00202063
      10.5300    0.0275714   0.00200655
      10.5400    0.0302713   0.00197363
      10.5500    0.0322016   0.00193293
      10.5600    0.0339485   0.00190968
      10.5700    0.0358477   0.00189441
      10.5800    0.0371256   0.00187137
      10.5900    0.0405714   0.00185113
      10.6000    0.0428184   0.00181556
      10.6100    0.0447448   0.00180121
      10.6200    0.0471852   0.00177756
      10.6300    0.0492328   0.00174977
      10.6400    0.0510736   0.00173600
      10.6500    0.0525645   0.00171761
      10.6600    0.0540055   0.00171389
      10.6700    0.0554698   0.00170392
      10.6800    0.0571675   0.00169200
      10.6900    0.0582674   0.00169401
      10.7000    0.0602707   0.00168257
      10.7100    0.0620750   0.00168938
      10.7200    0.0634853   0.00168038
      10.7300    0.0664515   0.00166437
      10.7400    0.0679817   0.00166000
      10.7500    0.0704672   0.00165077
      10.7600    0.0717945   0.00165236
      10.7700    0.0732682   0.00164658
      10.7800    0.0748911   0.00162937
      10.7900    0.0753468   0.00163026
      10.8000    0.0770592   0.00164513
      10.8100    0.0789635   0.00164406
      10.8200    0.0799095   0.00166437
      10.8300    0.0816297   0.00167204
      10.8400    0.0826072   0.00166940
      10.8500    0.0840882   0.00168177
      10.8600    0.0863942   0.00166936
      10.8700    0.0881724   0.00167525
      10.8800    0.0900462   0.00169191
      10.8900    0.0918144   0.00169583
      10.9000    0.0933302   0.00169805
      10.9100    0.0953000   0.00168939
      10.9200    0.0973987   0.00169177
      10.9300    0.0979473   0.00171302
      10.9400    0.0995696   0.00172211
      10.9500     0.100839   0.00175170
      10.9600     0.102120   0.00177861
      10.9700     0.103266   0.00179651
      10.9800     0.105330   0.00180555
      10.9900     0.107535   0.00181786
      11.0000     0.108008   0.00184197
      11.0100     0.110140   0.00185774
      11.0200     0.111877   0.00186750
      11.0300     0.114376   0.00190075
      11.0400     0.116589   0.00194536
      11.0500     0.118415   0.00196384
      11.0600     0.119414   0.00201223
      11.0700     0.120547   0.00203615
      11.0800     0.121891   0.00204742
      11.0900     0.123630   0.00208871
      11.1000     0.124749   0.00213676
      11.1100     0.125392   0.00218404
      11.1200     0.125891   0.00223222
      11.1300     0.127866   0.00226354
      11.1400     0.129392   0.00232159
      11.1500     0.129781   0.00235275
      11.1600     0.132138   0.00234139
      11.1700     0.133084   0.00241153
      11.1800     0.134466   0.00250105
      11.1900     0.135781   0.00256635
      11.2000     0.137742   0.00262968
      11.2100     0.138263   0.00267791
      11.2200     0.139518   0.00279334
      11.2300     0.138924   0.00286305
      11.2400     0.141079   0.00295232
      11.2500     0.141265   0.00305440
      11.2600     0.142743   0.00316386
      11.2700     0.143524   0.00327280
      11.2800     0.144919   0.00346154
      11.2900     0.146413   0.00354465
      11.3000     0.145002   0.00367777
      11.3100     0.144555   0.00382677
      11.3200     0.147753   0.00398788
      11.3300     0.147789   0.00409954
      11.3400     0.148921   0.00431381
      11.3500     0.150502   0.00442811
      11.3600     0.152362   0.00458282
      11.3700     0.154255   0.00468113
      11.3800     0.154986   0.00487350
      11.3900     0.154134   0.00516243
      11.4000     0.156890   0.00522051
      11.4100     0.159612   0.00537069
      11.4200     0.157070   0.00542035
      11.4300     0.154612   0.00565002
      11.4400     0.153173   0.00580540
      11.4500     0.157431   0.00618152
      11.4600     0.156209   0.00615415
      11.4700     0.156325   0.00653737
      11.4800     0.157625   0.00667358
      11.4900     0.156353   0.00679845
      11.5000     0.161725   0.00675141
      11.5100     0.162058   0.00713895
      11.5200     0.158472   0.00702037
      11.5300     0.158458   0.00768512
      11.5400     0.157960   0.00818755
      11.5500     0.151040   0.00908049
      11.5600     0.145737   0.00953733
      11.5700     0.145064   0.00998168
      11.5800     0.145922    0.0100465
      11.5900     0.146677    0.0109901
      11.6000     0.147520    0.0122514
      11.6100     0.148597    0.0133627
      11.6200     0.146339    0.0136328
      11.6300     0.150610    0.0147915
      11.6400     0.143084    0.0157015