      9.08000    -0.883834    0.0608156
      9.09000    -0.894284    0.0603047
      9.10000    -0.886946    0.0571733
      9.11000    -0.890633    0.0558020
      9.12000    -0.895166    0.0559854
      9.13000    -0.907480    0.0479930
      9.14000    -0.897698    0.0443181
      9.15000    -0.888546    0.0460022
      9.16000    -0.899812    0.0453416
      9.17000    -0.857367    0.0484316
      9.18000    -0.804966    0.0539675
      9.19000    -0.814915    0.0510677
      9.20000    -0.807353    0.0505082
      9.21000    -0.803836    0.0518387
      9.22000    -0.816282    0.0508758
      9.23000    -0.828028    0.0528922
      9.24000    -0.829315    0.0504767
      9.25000    -0.831485    0.0499806
      9.26000    -0.787088    0.0496966
      9.27000    -0.785621    0.0485909
      9.28000    -0.805300    0.0500621
      9.29000    -0.797995    0.0451236
      9.30000    -0.791255    0.0454864
      9.31000    -0.778366    0.0442360
      9.32000    -0.767713    0.0435884
      9.33000    -0.763410    0.0433572
      9.34000    -0.756300    0.0425140
      9.35000    -0.731153    0.0415218
      9.36000    -0.733098    0.0411684
      9.37000    -0.732728    0.0404107
      9.38000    -0.745457    0.0375117
      9.39000    -0.737374    0.0377140
      9.40000    -0.731054    0.0375283
      9.41000    -0.726265    0.0368709
      9.42000    -0.711514    0.0352756
      9.43000    -0.709206    0.0315441
      9.44000    -0.703090    0.0305111
      9.45000    -0.693193    0.0306798
      9.46000    -0.709474    0.0293885
      9.47000    -0.716026    0.0290163
      9.48000    -0.708027    0.0287798
      9.49000    -0.701347    0.0304279
      9.50000    -0.704400    0.0288412
      9.51000    -0.703847    0.0286746
      9.52000    -0.697889    0.0277093
      9.53000    -0.688304    0.0274503
      9.54000    -0.673794    0.0282610
      9.55000    -0.688672    0.0281640
      9.56000    -0.673023    0.0278900
      9.57000    -0.670600    0.0280530
      9.58000    -0.672213    0.0273914
      9.59000    -0.658108    0.0275493
      9.60000    -0.664297    0.0270568
      9.61000    -0.666915    0.0262401
      9.62000    -0.660888    0.0257752
      9.63000    -0.648978    0.0264531
      9.64000    -0.638257    0.0267603
      9.65000    -0.630794    0.0257336
      9.66000    -0.633956    0.0250310
      9.67000    -0.620178    0.0241982
      9.68000    -0.622877    0.0235890
      9.69000    -0.612870    0.0230541
      9.70000    -0.597289    0.0227922
      9.71000    -0.595012    0.0225603
      9.72000    -0.591674    0.0222246
      9.73000    -0.574428    0.0218476
      9.74000    -0.578688    0.0210556
      9.75000    -0.571421    0.0205144
      9.76000    -0.570080    0.0201376
      9.77000    -0.571344    0.0195139
      9.78000    -0.574026    0.0196612
      9.79000    -0.579321    0.0190108
      9.80000    -0.569935    0.0189954
      9.81000    -0.563947    0.0187603
      9.82000    -0.553782    0.0185239
      9.83000    -0.544666    0.0181081
      9.84000    -0.535811    0.0178344
      9.85000    -0.528992    0.0178950
      9.86000    -0.517976    0.0178821
      9.87000    -0.512698    0.0180568
      9.88000    -0.501374    0.0179806
      9.89000    -0.501242    0.0178923
      9.90000    -0.496316    0.0176468
      9.91000    -0.492818    0.0173351
      9.92000    -0.485488    0.0174229
      9.93000    -0.488756    0.0170978
      9.94000    -0.480300    0.0173025
      9.95000    -0.485221    0.0173334
      9.96000    -0.482543    0.0174175
      9.97000    -0.471778    0.0170943
      9.98000    -0.473250    0.0167882
      9.99000    -0.460035    0.0167095
      10.0000    -0.464789    0.0162966
      10.0100    -0.458326    0.0163036
      10.0200    -0.461512    0.0163546
      10.0300    -0.457825    0.0164648
      10.0400    -0.454498    0.0163325
      10.0500    -0.449333    0.0163203
      10.0600    -0.449706    0.0160202
      10.0700    -0.446108    0.0159240
      10.0800    -0.440084    0.0156437
      10.0900    -0.436915    0.0154086
      10.1000    -0.438756    0.0155198
      10.1100    -0.436994    0.0155002
      10.1200    -0.434963    0.0153021
      10.1300    -0.429886    0.0152167
      10.1400    -0.427969    0.0151425
      10.1500    -0.413051    0.0149541
      10.1600    -0.408833    0.0146184
      10.1700    -0.396489    0.0146220
      10.1800    -0.388026    0.0144247
      10.1900    -0.389087    0.0143786
      10.2000    -0.377619    0.0143047
      10.2100    -0.370038    0.0141515
      10.2200    -0.363106    0.0139543
      10.2300    -0.357254    0.0138466
      10.2400    -0.355058    0.0139230
      10.2500    -0.348595    0.0135763
      10.2600    -0.342962    0.0135159
      10.2700    -0.335957    0.0134721
      10.2800    -0.337719    0.0133628
      10.2900    -0.326892    0.0132190
      10.3000    -0.321776    0.0130479
      10.3100    -0.310830    0.0129757
      10.3200    -0.306242    0.0128477
      10.3300    -0.298410    0.0128077
      10.3400    -0.292567    0.0125837
      10.3500    -0.292096    0.0124871
      10.3600    -0.283747    0.0124023
      10.3700    -0.279253    0.0122579
      10.3800    -0.266381    0.0120148
      10.3900    -0.258412    0.0118884
      10.4000    -0.252334    0.0117796
      10.4100    -0.245795    0.0116298
      10.4200    -0.235907    0.0116269
      10.4300    -0.233271    0.0115372
      10.4400    -0.229678    0.0114029
      10.4500    -0.226983    0.0116006
      10.4600    -0.221873    0.0114677
      10.4700    -0.218209    0.0114411
      10.4800    -0.208278    0.0114081
      10.4900    -0.205324    0.0114445
      10.5000    -0.204036    0.0115441
      10.5100    -0.201408    0.0113645
      10.5200    -0.194569    0.0113326
      10.5300    -0.187330    0.0112969
      10.5400    -0.180588    0.0113940
      10.5500    -0.176419    0.0113437
      10.5600    -0.173398    0.0113420
      10.5700    -0.171167    0.0113822
      10.5800    -0.168903    0.0115890
      10.5900    -0.163485    0.0117142
      10.6000    -0.159957    0.0116584
      10.6100    -0.157310    0.0118930
      10.6200    -0.155455    0.0117711
      10.6300    -0.143365    0.0118464
      10.6400    -0.139144    0.0119284
      10.6500    -0.135046    0.0119511
      10.6600    -0.127918    0.0120141
      10.6700    -0.125641    0.0121767
      10.6800    -0.121761    0.0123071
      10.6900    -0.114369    0.0122784
      10.7000    -0.104283    0.0121235
      10.7100   -0.0983890    0.0124817
      10.7200   -0.0918620    0.0125851
      10.7300   -0.0867467    0.0126849
      10.7400   -0.0838591    0.0125975
      10.7500   -0.0722912    0.0124521
      10.7600   -0.0656704    0.0125870
      10.7700   -0.0600653    0.0126244
      10.7800   -0.0526667    0.0127643
      10.7900   -0.0482381    0.0128458
      10.8000   -0.0349538    0.0127128
      10.8100   -0.0336181    0.0129511
      10.8200   -0.0229145    0.0130838
      10.8300   -0.0292079    0.0135888
      10.8400   -0.0272860    0.0137817
      10.8500   -0.0255964    0.0140114
      10.8600   -0.0173013    0.0145077
      10.8700   -0.0177799    0.0145187
      10.8800  -0.00531676    0.0144690
      10.8900  -0.00585226    0.0150972
      10.9000  -0.00202374    0.0154849
      10.9100  -0.00219700    0.0160386
      10.9200  -0.00149577    0.0165151
      10.9300  0.000212325    0.0169456
      10.9400   0.00381702    0.0172692
      10.9500   0.00828400    0.0187816
      10.9600    0.0107128    0.0196301
      10.9700    0.0159304    0.0204318
      10.9800    0.0160442    0.0209839
      10.9900    0.0162504    0.0214111
      11.0000   0.00593905    0.0234140
      11.0100    0.0165370    0.0225721
      11.0200    0.0128397    0.0254133
      11.0300    0.0218950    0.0272352
      11.0400    0.0455308    0.0278035
      11.0500    0.0696700    0.0262956
      11.0600    0.0709183    0.0277325
      11.0700    0.0885796    0.0301432
      11.0800    0.0785077    0.0326986
      11.0900    0.0831223    0.0347674
      11.1000    0.0778200    0.0362828
      11.1100    0.0732315    0.0369265
      11.1200    0.0657475    0.0367658
      11.1300    0.0787325    0.0442999
      11.1400     0.102623    0.0424668
      11.1500    0.0849514    0.0458903
      11.1600     0.120998    0.0327876
      11.1700     0.113707    0.0333277
      11.1800     0.120015    0.0349034
      11.1900     0.114570    0.0361588