* De conditionele overschrijdingskans van de zeewaterstand zonder statistische onzekerheid gegeven de windrichting
* voor een 12-uursperiode te West Terschelling, gelegen op locatie: 
* 143870, 597420
* 
* Deze statistiek is afgeleid met dezelfde methode als gebruikt in 3280.20.03.
* De door Deltares op 10 november 2016 aangeleverde statistiek is gebruikt als bron.
*
* Het waterstandsbereik waarvoor de overschrijdingskansen zijn gegeven is het hoogwater 2017 tot 8.00 m + NAP
* met een stapgrootte van 0.1 m. De laatste stapgrootte kan afwijken om op 8.00 m uit te komen. Hierbij wordt
* een stapgrootte van minimaal 6 en maximaal 15 cm gekozen.
* 
* Door: G.W.F. Rongen van HKV lijn in water
* Project: PR3510.10
*
* m (m+NAP) 30              60              90              120             150             180             210             240             270             300             330             360
  0.90      1.000e+00       1.000e+00       1.000e+00       1.000e+00       1.000e+00       1.000e+00       1.000e+00       1.000e+00       1.000e+00       1.000e+00       1.000e+00       1.000e+00       
  1.00      1.000e+00       1.000e+00       1.000e+00       1.000e+00       1.000e+00       1.000e+00       1.000e+00       4.071e-01       4.949e-01       4.789e-01       3.606e-01       2.777e-01       
  1.10      1.000e+00       1.000e+00       1.000e+00       1.000e+00       1.000e+00       1.000e+00       1.000e+00       1.657e-01       2.449e-01       2.294e-01       1.300e-01       7.712e-02       
  1.20      1.000e+00       1.000e+00       1.000e+00       1.000e+00       1.000e+00       1.000e+00       1.000e+00       6.745e-02       1.212e-01       1.098e-01       4.687e-02       2.142e-02       
  1.30      1.000e+00       7.053e-01       5.256e-01       7.419e-01       7.123e-01       3.882e-01       4.385e-01       5.136e-02       1.055e-01       9.882e-02       4.390e-02       1.693e-02       
  1.40      2.987e-01       1.956e-01       1.458e-01       2.058e-01       1.976e-01       1.077e-01       1.444e-01       3.840e-02       9.057e-02       8.777e-02       4.071e-02       1.319e-02       
  1.50      7.897e-02       5.172e-02       3.854e-02       5.440e-02       5.223e-02       2.846e-02       4.575e-02       2.820e-02       7.655e-02       7.693e-02       3.737e-02       1.014e-02       
  1.60      1.993e-02       1.306e-02       9.729e-03       1.373e-02       1.318e-02       7.184e-03       1.396e-02       2.034e-02       6.372e-02       6.651e-02       3.392e-02       7.691e-03       
  1.70      4.810e-03       3.151e-03       2.348e-03       3.314e-03       3.182e-03       1.734e-03       4.105e-03       1.441e-02       5.222e-02       5.670e-02       3.043e-02       5.755e-03       
  1.80      1.111e-03       7.279e-04       5.424e-04       7.656e-04       7.351e-04       4.006e-04       1.165e-03       1.003e-02       4.212e-02       4.764e-02       2.698e-02       4.250e-03       
  1.90      2.461e-04       1.612e-04       1.201e-04       1.695e-04       1.628e-04       8.870e-05       3.198e-04       6.864e-03       3.343e-02       3.944e-02       2.361e-02       3.098e-03       
  2.00      5.230e-05       3.425e-05       2.553e-05       3.603e-05       3.459e-05       1.885e-05       8.487e-05       4.616e-03       2.609e-02       3.215e-02       2.039e-02       2.229e-03       
  2.10      1.068e-05       6.992e-06       5.211e-06       7.354e-06       7.061e-06       3.848e-06       2.181e-05       3.052e-03       2.003e-02       2.580e-02       1.736e-02       1.584e-03       
  2.20      2.095e-06       1.372e-06       1.023e-06       1.443e-06       1.386e-06       7.552e-07       5.429e-06       1.984e-03       1.512e-02       2.038e-02       1.458e-02       1.112e-03       
  2.30      3.957e-07       2.592e-07       1.932e-07       2.726e-07       2.618e-07       1.426e-07       1.311e-06       1.268e-03       1.122e-02       1.583e-02       1.205e-02       7.708e-04       
  2.40      7.199e-08       4.715e-08       3.514e-08       4.960e-08       4.762e-08       2.595e-08       3.070e-07       7.967e-04       8.179e-03       1.210e-02       9.815e-03       5.278e-04       
  2.50      1.262e-08       8.268e-09       6.162e-09       8.697e-09       8.350e-09       4.550e-09       6.982e-08       4.925e-04       5.858e-03       9.088e-03       7.864e-03       3.571e-04       
  2.60      2.135e-09       1.399e-09       1.042e-09       1.471e-09       1.412e-09       7.696e-10       1.543e-08       2.995e-04       4.122e-03       6.709e-03       6.197e-03       2.387e-04       
  2.70      3.486e-10       2.283e-10       1.702e-10       2.402e-10       2.306e-10       1.257e-10       3.314e-09       1.791e-04       2.848e-03       4.865e-03       4.800e-03       1.577e-04       
  2.80      5.498e-11       3.601e-11       2.684e-11       3.788e-11       3.637e-11       1.982e-11       6.926e-10       1.054e-04       1.932e-03       3.465e-03       3.653e-03       1.030e-04       
  2.90      8.380e-12       5.489e-12       4.090e-12       5.773e-12       5.543e-12       3.021e-12       1.408e-10       6.103e-05       1.287e-03       2.423e-03       2.730e-03       6.648e-05       
  3.00      1.235e-12       8.091e-13       6.029e-13       8.510e-13       8.170e-13       4.452e-13       2.789e-11       3.477e-05       8.414e-04       1.663e-03       2.003e-03       4.242e-05       
  3.10      1.762e-13       1.154e-13       8.599e-14       1.214e-13       1.165e-13       6.350e-14       5.378e-12       1.949e-05       5.397e-04       1.120e-03       1.441e-03       2.676e-05       
  3.20      2.432e-14       1.593e-14       1.187e-14       1.676e-14       1.609e-14       8.768e-15       1.011e-12       1.076e-05       3.396e-04       7.400e-04       1.017e-03       1.669e-05       
  3.30      3.253e-15       2.131e-15       1.588e-15       2.241e-15       2.152e-15       1.173e-15       1.853e-13       5.842e-06       2.097e-04       4.794e-04       7.027e-04       1.029e-05       
  3.40      4.216e-16       2.761e-16       2.058e-16       2.905e-16       2.789e-16       1.520e-16       3.312e-14       3.123e-06       1.269e-04       3.044e-04       4.758e-04       6.278e-06       
  3.50      5.297e-17       3.470e-17       2.586e-17       3.649e-17       3.504e-17       1.909e-17       5.777e-15       1.644e-06       7.536e-05       1.895e-04       3.154e-04       3.787e-06       
  3.60      6.456e-18       4.228e-18       3.151e-18       4.447e-18       4.270e-18       2.327e-18       9.834e-16       8.517e-07       4.386e-05       1.156e-04       2.046e-04       2.259e-06       
  3.70      7.634e-19       5.000e-19       3.726e-19       5.259e-19       5.049e-19       2.752e-19       1.635e-16       4.344e-07       2.503e-05       6.904e-05       1.298e-04       1.333e-06       
  3.80      8.763e-20       5.740e-20       4.277e-20       6.037e-20       5.796e-20       3.158e-20       2.655e-17       2.182e-07       1.399e-05       4.039e-05       8.045e-05       7.784e-07       
  3.90      9.768e-21       6.398e-21       4.768e-21       6.730e-21       6.461e-21       3.521e-21       4.212e-18       1.079e-07       7.668e-06       2.314e-05       4.874e-05       4.496e-07       
  4.00      1.058e-21       6.928e-22       5.163e-22       7.287e-22       6.997e-22       3.813e-22       6.531e-19       5.256e-08       4.117e-06       1.297e-05       2.883e-05       2.569e-07       
  4.10      1.113e-22       7.291e-23       5.434e-23       7.669e-23       7.363e-23       4.012e-23       9.903e-20       2.521e-08       2.165e-06       7.114e-06       1.665e-05       1.452e-07       
  4.20      1.139e-23       7.459e-24       5.559e-24       7.846e-24       7.533e-24       4.105e-24       1.468e-20       1.191e-08       1.115e-06       3.818e-06       9.378e-06       8.125e-08       
  4.30      1.133e-24       7.421e-25       5.530e-25       7.806e-25       7.494e-25       4.084e-25       2.130e-21       5.540e-09       5.626e-07       2.004e-06       5.151e-06       4.498e-08       
  4.40      1.097e-25       7.182e-26       5.352e-26       7.554e-26       7.253e-26       3.952e-26       3.023e-22       2.539e-09       2.779e-07       1.028e-06       2.758e-06       2.464e-08       
  4.50      1.033e-26       6.764e-27       5.040e-27       7.114e-27       6.830e-27       3.722e-27       4.199e-23       1.146e-09       1.344e-07       5.158e-07       1.438e-06       1.336e-08       
  4.60      9.466e-28       6.200e-28       4.620e-28       6.521e-28       6.261e-28       3.412e-28       5.711e-24       5.097e-10       6.361e-08       2.529e-07       7.305e-07       7.169e-09       
  4.70      8.449e-29       5.534e-29       4.124e-29       5.821e-29       5.588e-29       3.045e-29       7.606e-25       2.233e-10       2.947e-08       1.211e-07       3.611e-07       3.808e-09       
  4.80      7.344e-30       4.810e-30       3.585e-30       5.059e-30       4.858e-30       2.647e-30       9.922e-26       9.636e-11       1.336e-08       5.667e-08       1.736e-07       2.002e-09       
  4.90      6.219e-31       4.073e-31       3.035e-31       4.284e-31       4.113e-31       2.242e-31       1.268e-26       4.097e-11       5.928e-09       2.590e-08       8.118e-08       1.042e-09       
  5.00      5.132e-32       3.361e-32       2.505e-32       3.535e-32       3.394e-32       1.850e-32       1.588e-27       1.717e-11       2.573e-09       1.156e-08       3.689e-08       5.369e-10       
  5.10      4.127e-33       2.703e-33       2.015e-33       2.843e-33       2.730e-33       1.488e-33       1.949e-28       7.087e-12       1.092e-09       5.033e-09       1.628e-08       2.739e-10       
  5.20      3.236e-34       2.120e-34       1.580e-34       2.230e-34       2.141e-34       1.167e-34       2.345e-29       2.883e-12       4.536e-10       2.139e-09       6.979e-09       1.383e-10       
  5.30      2.475e-35       1.621e-35       1.208e-35       1.705e-35       1.637e-35       8.920e-36       2.767e-30       1.156e-12       1.842e-10       8.872e-10       2.903e-09       6.916e-11       
  5.40      1.846e-36       1.209e-36       9.010e-37       1.272e-36       1.221e-36       6.653e-37       3.201e-31       4.565e-13       7.315e-11       3.589e-10       1.172e-09       3.424e-11       
  5.50      1.343e-37       8.798e-38       6.556e-38       9.253e-38       8.884e-38       4.841e-38       3.633e-32       1.777e-13       2.840e-11       1.416e-10       4.585e-10       1.679e-11       
  5.60      9.538e-39       6.247e-39       4.655e-39       6.571e-39       6.309e-39       3.438e-39       4.045e-33       6.819e-14       1.078e-11       5.449e-11       1.739e-10       8.149e-12       
  5.70      6.610e-40       4.330e-40       3.227e-40       4.554e-40       4.372e-40       2.383e-40       4.419e-34       2.579e-14       3.999e-12       2.044e-11       6.389e-11       3.917e-12       
  5.80      4.473e-41       2.930e-41       2.183e-41       3.081e-41       2.959e-41       1.612e-41       4.739e-35       9.613e-15       1.450e-12       7.472e-12       2.273e-11       1.865e-12       
  5.90      2.955e-42       1.936e-42       1.442e-42       2.036e-42       1.955e-42       1.065e-42       4.988e-36       3.532e-15       5.138e-13       2.662e-12       7.828e-12       8.794e-13       
  6.00      1.907e-43       1.249e-43       9.308e-44       1.314e-43       1.261e-43       6.873e-44       5.154e-37       1.279e-15       1.779e-13       9.239e-13       2.608e-12       4.107e-13       
  6.10      1.202e-44       7.873e-45       5.867e-45       8.281e-45       7.950e-45       4.332e-45       5.229e-38       4.566e-16       6.017e-14       3.123e-13       8.403e-13       1.899e-13       
  6.20      7.402e-46       4.848e-46       3.613e-46       5.099e-46       4.896e-46       2.668e-46       5.210e-39       1.607e-16       1.988e-14       1.028e-13       2.617e-13       8.702e-14       
  6.30      4.454e-47       2.918e-47       2.174e-47       3.069e-47       2.946e-47       1.606e-47       5.099e-40       5.575e-17       6.417e-15       3.296e-14       7.873e-14       3.949e-14       
  6.40      2.620e-48       1.716e-48       1.279e-48       1.805e-48       1.733e-48       9.444e-49       4.902e-41       1.907e-17       2.023e-15       1.028e-14       2.288e-14       1.775e-14       
  6.50      1.506e-49       9.867e-50       7.353e-50       1.038e-49       9.965e-50       5.430e-50       4.630e-42       6.431e-18       6.227e-16       3.123e-15       6.416e-15       7.904e-15       
  6.60      8.469e-51       5.547e-51       4.134e-51       5.835e-51       5.602e-51       3.053e-51       4.298e-43       2.138e-18       1.872e-16       9.230e-16       1.736e-15       3.487e-15       
  6.70      4.656e-52       3.050e-52       2.273e-52       3.208e-52       3.080e-52       1.678e-52       3.920e-44       7.009e-19       5.493e-17       2.654e-16       4.532e-16       1.524e-15       
  6.80      2.503e-53       1.640e-53       1.222e-53       1.725e-53       1.656e-53       9.023e-54       3.515e-45       2.265e-19       1.574e-17       7.421e-17       1.140e-16       6.597e-16       
  6.90      1.317e-54       8.624e-55       6.426e-55       9.070e-55       8.709e-55       4.746e-55       3.098e-46       7.220e-20       4.401e-18       2.018e-17       2.765e-17       2.830e-16       
  7.00      6.775e-56       4.437e-56       3.307e-56       4.667e-56       4.481e-56       2.442e-56       2.684e-47       2.269e-20       1.201e-18       5.337e-18       6.458e-18       1.203e-16       
  7.10      3.411e-57       2.234e-57       1.665e-57       2.350e-57       2.256e-57       1.230e-57       2.287e-48       7.032e-21       3.200e-19       1.372e-18       1.452e-18       5.064e-17       
  7.20      1.681e-58       1.101e-58       8.204e-59       1.158e-58       1.112e-58       6.058e-59       1.916e-49       2.149e-21       8.319e-20       3.427e-19       3.142e-19       2.113e-17       
  7.30      8.107e-60       5.310e-60       3.957e-60       5.585e-60       5.362e-60       2.922e-60       1.579e-50       6.477e-22       2.110e-20       8.321e-20       6.540e-20       8.734e-18       
  7.40      3.828e-61       2.507e-61       1.868e-61       2.637e-61       2.532e-61       1.380e-61       1.280e-51       1.925e-22       5.221e-21       1.963e-20       1.309e-20       3.578e-18       
  7.50      1.769e-62       1.159e-62       8.637e-63       1.219e-62       1.170e-62       6.378e-63       1.021e-52       5.643e-23       1.260e-21       4.498e-21       2.518e-21       1.452e-18       
  7.60      8.010e-64       5.246e-64       3.910e-64       5.518e-64       5.298e-64       2.887e-64       8.011e-54       1.632e-23       2.967e-22       1.001e-21       4.653e-22       5.843e-19       
  7.70      3.551e-65       2.326e-65       1.733e-65       2.446e-65       2.349e-65       1.280e-65       6.185e-55       4.652e-24       6.814e-23       2.163e-22       8.257e-23       2.329e-19       
  7.80      1.542e-66       1.010e-66       7.526e-67       1.062e-66       1.020e-66       5.557e-67       4.699e-56       1.308e-24       1.526e-23       4.538e-23       1.406e-23       9.203e-20       
  7.90      6.558e-68       4.296e-68       3.201e-68       4.518e-68       4.338e-68       2.364e-68       3.514e-57       3.629e-25       3.333e-24       9.242e-24       2.299e-24       3.603e-20       
  8.00      2.733e-69       1.790e-69       1.334e-69       1.883e-69       1.808e-69       9.852e-70       2.586e-58       9.930e-26       7.096e-25       1.827e-24       3.603e-25       1.398e-20       