* De conditionele overschrijdingskans van de zeewaterstand met statistische onzekerheid gegeven de windrichting
* voor een 12-uursperiode te West Terschelling, gelegen op locatie: 
* 143870, 597420
* 
* Deze statistiek is afgeleid met dezelfde methode als gebruikt in 3280.20.03.
* De door Deltares op 10 november 2016 aangeleverde statistiek is gebruikt als bron.
*
* Het waterstandsbereik waarvoor de overschrijdingskansen zijn gegeven is het hoogwater 2017 tot 8.00 m + NAP
* met een stapgrootte van 0.1 m. De laatste stapgrootte kan afwijken om op 8.00 m uit te komen. Hierbij wordt
* een stapgrootte van minimaal 6 en maximaal 15 cm gekozen.
* 
* Door: G.W.F. Rongen van HKV lijn in water
* Project: PR3510.10
*
* m (m+NAP) 30              60              90              120             150             180             210             240             270             300             330             360
  0.90      1.000e+00       1.000e+00       1.000e+00       1.000e+00       1.000e+00       1.000e+00       1.000e+00       1.000e+00       1.000e+00       1.000e+00       1.000e+00       1.000e+00       
  1.00      1.000e+00       1.000e+00       1.000e+00       1.000e+00       1.000e+00       1.000e+00       1.000e+00       4.037e-01       4.886e-01       4.731e-01       3.592e-01       2.806e-01       
  1.10      1.000e+00       1.000e+00       1.000e+00       1.000e+00       1.000e+00       1.000e+00       1.000e+00       1.643e-01       2.418e-01       2.266e-01       1.295e-01       7.793e-02       
  1.20      1.000e+00       9.985e-01       9.891e-01       9.989e-01       9.986e-01       9.488e-01       9.539e-01       7.185e-02       1.282e-01       1.172e-01       5.203e-02       2.411e-02       
  1.30      8.812e-01       6.790e-01       5.242e-01       7.060e-01       6.841e-01       3.903e-01       4.371e-01       5.079e-02       1.048e-01       9.827e-02       4.374e-02       1.676e-02       
  1.40      3.016e-01       1.976e-01       1.472e-01       2.078e-01       1.995e-01       1.087e-01       1.444e-01       3.796e-02       8.989e-02       8.723e-02       4.054e-02       1.306e-02       
  1.50      8.003e-02       5.242e-02       3.906e-02       5.513e-02       5.293e-02       2.885e-02       4.583e-02       2.786e-02       7.594e-02       7.642e-02       3.719e-02       1.003e-02       
  1.60      2.027e-02       1.328e-02       9.894e-03       1.396e-02       1.341e-02       7.306e-03       1.401e-02       2.009e-02       6.318e-02       6.603e-02       3.374e-02       7.606e-03       
  1.70      4.909e-03       3.215e-03       2.396e-03       3.382e-03       3.247e-03       1.769e-03       4.130e-03       1.423e-02       5.175e-02       5.627e-02       3.026e-02       5.689e-03       
  1.80      1.138e-03       7.455e-04       5.556e-04       7.842e-04       7.529e-04       4.103e-04       1.175e-03       9.902e-03       4.172e-02       4.725e-02       2.681e-02       4.200e-03       
  1.90      2.530e-04       1.657e-04       1.235e-04       1.743e-04       1.673e-04       9.119e-05       3.233e-04       6.773e-03       3.309e-02       3.909e-02       2.345e-02       3.061e-03       
  2.00      5.396e-05       3.535e-05       2.634e-05       3.718e-05       3.569e-05       1.945e-05       8.600e-05       4.554e-03       2.582e-02       3.185e-02       2.024e-02       2.202e-03       
  2.10      1.106e-05       7.242e-06       5.397e-06       7.618e-06       7.314e-06       3.985e-06       2.215e-05       3.010e-03       1.981e-02       2.555e-02       1.723e-02       1.565e-03       
  2.20      2.178e-06       1.427e-06       1.063e-06       1.501e-06       1.441e-06       7.852e-07       5.528e-06       1.956e-03       1.495e-02       2.017e-02       1.446e-02       1.098e-03       
  2.30      4.131e-07       2.706e-07       2.016e-07       2.846e-07       2.732e-07       1.489e-07       1.338e-06       1.250e-03       1.109e-02       1.567e-02       1.195e-02       7.609e-04       
  2.40      7.544e-08       4.941e-08       3.682e-08       5.197e-08       4.990e-08       2.719e-08       3.141e-07       7.855e-04       8.079e-03       1.196e-02       9.723e-03       5.210e-04       
  2.50      1.328e-08       8.699e-09       6.482e-09       9.150e-09       8.785e-09       4.787e-09       7.161e-08       4.855e-04       5.785e-03       8.984e-03       7.787e-03       3.524e-04       
  2.60      2.255e-09       1.477e-09       1.101e-09       1.554e-09       1.492e-09       8.129e-10       1.586e-08       2.952e-04       4.069e-03       6.629e-03       6.133e-03       2.356e-04       
  2.70      3.697e-10       2.422e-10       1.805e-10       2.547e-10       2.446e-10       1.333e-10       3.417e-09       1.765e-04       2.811e-03       4.805e-03       4.749e-03       1.556e-04       
  2.80      5.855e-11       3.835e-11       2.858e-11       4.033e-11       3.872e-11       2.110e-11       7.158e-10       1.039e-04       1.907e-03       3.421e-03       3.612e-03       1.016e-04       
  2.90      8.960e-12       5.869e-12       4.373e-12       6.173e-12       5.927e-12       3.230e-12       1.459e-10       6.015e-05       1.269e-03       2.392e-03       2.698e-03       6.557e-05       
  3.00      1.309e-12       8.571e-13       6.387e-13       9.015e-13       8.656e-13       4.717e-13       2.858e-11       3.397e-05       8.238e-04       1.630e-03       1.967e-03       4.153e-05       
  3.10      1.984e-13       1.299e-13       9.683e-14       1.367e-13       1.312e-13       7.150e-14       5.749e-12       1.906e-05       5.277e-04       1.096e-03       1.412e-03       2.617e-05       
  3.20      3.072e-14       2.012e-14       1.500e-14       2.117e-14       2.032e-14       1.107e-14       1.173e-12       1.061e-05       3.334e-04       7.259e-04       9.970e-04       1.640e-05       
  3.30      4.728e-15       3.097e-15       2.308e-15       3.257e-15       3.127e-15       1.704e-15       2.377e-13       5.829e-06       2.071e-04       4.724e-04       6.910e-04       1.018e-05       
  3.40      7.233e-16       4.738e-16       3.530e-16       4.983e-16       4.784e-16       2.607e-16       4.789e-14       3.163e-06       1.265e-04       3.020e-04       4.698e-04       6.260e-06       
  3.50      1.099e-16       7.201e-17       5.367e-17       7.575e-17       7.272e-17       3.963e-17       9.580e-15       1.691e-06       7.579e-05       1.892e-04       3.125e-04       3.805e-06       
  3.60      1.674e-17       1.096e-17       8.169e-18       1.153e-17       1.107e-17       6.032e-18       1.917e-15       8.953e-07       4.472e-05       1.167e-04       2.041e-04       2.295e-06       
  3.70      2.637e-18       1.727e-18       1.287e-18       1.817e-18       1.744e-18       9.505e-19       3.945e-16       4.729e-07       2.615e-05       7.113e-05       1.315e-04       1.382e-06       
  3.80      4.284e-19       2.806e-19       2.091e-19       2.951e-19       2.833e-19       1.544e-19       8.287e-17       2.481e-07       1.510e-05       4.276e-05       8.329e-05       8.273e-07       
  3.90      7.034e-20       4.607e-20       3.433e-20       4.846e-20       4.653e-20       2.535e-20       1.753e-17       1.290e-07       8.590e-06       2.529e-05       5.178e-05       4.914e-07       
  4.00      1.164e-20       7.624e-21       5.682e-21       8.019e-21       7.700e-21       4.196e-21       3.727e-18       6.658e-08       4.828e-06       1.476e-05       3.167e-05       2.901e-07       
  4.10      1.951e-21       1.278e-21       9.525e-22       1.344e-21       1.291e-21       7.034e-22       8.026e-19       3.437e-08       2.698e-06       8.544e-06       1.916e-05       1.713e-07       
  4.20      3.376e-22       2.211e-22       1.648e-22       2.326e-22       2.233e-22       1.217e-22       1.781e-19       1.782e-08       1.505e-06       4.927e-06       1.151e-05       1.014e-07       
  4.30      6.143e-23       4.024e-23       2.999e-23       4.232e-23       4.063e-23       2.214e-23       4.121e-20       9.273e-09       8.367e-07       2.827e-06       6.854e-06       6.013e-08       
  4.40      1.171e-23       7.668e-24       5.714e-24       8.065e-24       7.743e-24       4.219e-24       9.850e-21       4.827e-09       4.631e-07       1.612e-06       4.046e-06       3.564e-08       
  4.50      2.294e-24       1.503e-24       1.120e-24       1.580e-24       1.517e-24       8.268e-25       2.401e-21       2.515e-09       2.555e-07       9.149e-07       2.371e-06       2.114e-08       
  4.60      4.579e-25       2.999e-25       2.235e-25       3.155e-25       3.029e-25       1.651e-25       5.944e-22       1.315e-09       1.408e-07       5.178e-07       1.381e-06       1.257e-08       
  4.70      9.317e-26       6.103e-26       4.548e-26       6.419e-26       6.163e-26       3.358e-26       1.499e-22       6.905e-10       7.755e-08       2.925e-07       8.017e-07       7.501e-09       
  4.80      1.942e-26       1.272e-26       9.478e-27       1.338e-26       1.284e-26       6.999e-27       3.866e-23       3.641e-10       4.272e-08       1.650e-07       4.633e-07       4.485e-09       
  4.90      4.168e-27       2.730e-27       2.034e-27       2.871e-27       2.757e-27       1.502e-27       1.023e-23       1.925e-10       2.351e-08       9.283e-08       2.664e-07       2.686e-09       
  5.00      9.217e-28       6.037e-28       4.499e-28       6.350e-28       6.097e-28       3.322e-28       2.770e-24       1.020e-10       1.291e-08       5.205e-08       1.524e-07       1.610e-09       
  5.10      2.091e-28       1.370e-28       1.021e-28       1.441e-28       1.383e-28       7.539e-29       7.642e-25       5.407e-11       7.073e-09       2.909e-08       8.666e-08       9.655e-10       
  5.20      4.839e-29       3.169e-29       2.362e-29       3.334e-29       3.201e-29       1.744e-29       2.137e-25       2.869e-11       3.866e-09       1.620e-08       4.903e-08       5.791e-10       
  5.30      1.136e-29       7.440e-30       5.544e-30       7.826e-30       7.513e-30       4.094e-30       6.043e-26       1.523e-11       2.108e-09       8.992e-09       2.760e-08       3.475e-10       
  5.40      2.699e-30       1.768e-30       1.317e-30       1.859e-30       1.785e-30       9.727e-31       1.725e-26       8.090e-12       1.147e-09       4.974e-09       1.546e-08       2.085e-10       
  5.50      6.481e-31       4.245e-31       3.163e-31       4.465e-31       4.287e-31       2.336e-31       4.970e-27       4.299e-12       6.226e-10       2.744e-09       8.615e-09       1.252e-10       
  5.60      1.572e-31       1.030e-31       7.674e-32       1.083e-31       1.040e-31       5.667e-32       1.444e-27       2.286e-12       3.373e-10       1.509e-09       4.780e-09       7.517e-11       
  5.70      3.850e-32       2.522e-32       1.879e-32       2.653e-32       2.547e-32       1.388e-32       4.228e-28       1.216e-12       1.824e-10       8.271e-10       2.640e-09       4.515e-11       
  5.80      9.516e-33       6.233e-33       4.645e-33       6.556e-33       6.294e-33       3.430e-33       1.247e-28       6.473e-13       9.842e-11       4.522e-10       1.452e-09       2.713e-11       
  5.90      2.372e-33       1.554e-33       1.158e-33       1.634e-33       1.569e-33       8.551e-34       3.708e-29       3.447e-13       5.301e-11       2.466e-10       7.950e-10       1.630e-11       
  6.00      5.963e-34       3.906e-34       2.911e-34       4.108e-34       3.944e-34       2.149e-34       1.110e-29       1.836e-13       2.850e-11       1.341e-10       4.336e-10       9.798e-12       
  6.10      1.511e-34       9.897e-35       7.375e-35       1.041e-34       9.994e-35       5.446e-35       3.344e-30       9.784e-14       1.530e-11       7.274e-11       2.355e-10       5.891e-12       
  6.20      3.858e-35       2.527e-35       1.883e-35       2.658e-35       2.552e-35       1.390e-35       1.014e-30       5.216e-14       8.195e-12       3.936e-11       1.275e-10       3.542e-12       
  6.30      9.921e-36       6.498e-36       4.842e-36       6.835e-36       6.562e-36       3.576e-36       3.095e-31       2.782e-14       4.383e-12       2.125e-11       6.872e-11       2.131e-12       
  6.40      2.569e-36       1.683e-36       1.254e-36       1.770e-36       1.700e-36       9.261e-37       9.500e-32       1.484e-14       2.341e-12       1.144e-11       3.692e-11       1.282e-12       
  6.50      6.700e-37       4.388e-37       3.270e-37       4.616e-37       4.432e-37       2.415e-37       2.933e-32       7.923e-15       1.248e-12       6.150e-12       1.976e-11       7.714e-13       
  6.60      1.758e-37       1.152e-37       8.583e-38       1.211e-37       1.163e-37       6.338e-38       9.105e-33       4.231e-15       6.645e-13       3.298e-12       1.054e-11       4.643e-13       
  6.70      4.644e-38       3.042e-38       2.267e-38       3.200e-38       3.072e-38       1.674e-38       2.842e-33       2.260e-15       3.532e-13       1.764e-12       5.606e-12       2.795e-13       
  6.80      1.234e-38       8.083e-39       6.024e-39       8.502e-39       8.163e-39       4.448e-39       8.915e-34       1.207e-15       1.875e-13       9.421e-13       2.971e-12       1.683e-13       
  6.90      3.299e-39       2.161e-39       1.610e-39       2.273e-39       2.182e-39       1.189e-39       2.811e-34       6.453e-16       9.940e-14       5.020e-13       1.570e-12       1.014e-13       
  7.00      8.867e-40       5.808e-40       4.328e-40       6.109e-40       5.865e-40       3.196e-40       8.905e-35       3.450e-16       5.262e-14       2.670e-13       8.266e-13       6.107e-14       
  7.10      2.397e-40       1.570e-40       1.170e-40       1.651e-40       1.585e-40       8.639e-41       2.834e-35       1.845e-16       2.782e-14       1.417e-13       4.340e-13       3.680e-14       
  7.20      6.513e-41       4.266e-41       3.179e-41       4.487e-41       4.308e-41       2.348e-41       9.063e-36       9.871e-17       1.469e-14       7.507e-14       2.272e-13       2.217e-14       
  7.30      1.779e-41       1.165e-41       8.683e-42       1.226e-41       1.177e-41       6.412e-42       2.911e-36       5.282e-17       7.745e-15       3.970e-14       1.186e-13       1.337e-14       
  7.40      4.884e-42       3.199e-42       2.384e-42       3.365e-42       3.230e-42       1.760e-42       9.388e-37       2.828e-17       4.079e-15       2.095e-14       6.174e-14       8.058e-15       
  7.50      1.347e-42       8.825e-43       6.576e-43       9.282e-43       8.912e-43       4.856e-43       3.041e-37       1.514e-17       2.146e-15       1.104e-14       3.205e-14       4.859e-15       
  7.60      3.734e-43       2.446e-43       1.823e-43       2.573e-43       2.470e-43       1.346e-43       9.888e-38       8.109e-18       1.127e-15       5.808e-15       1.659e-14       2.931e-15       
  7.70      1.040e-43       6.811e-44       5.076e-44       7.164e-44       6.878e-44       3.748e-44       3.228e-38       4.345e-18       5.916e-16       3.050e-15       8.566e-15       1.768e-15       
  7.80      2.909e-44       1.905e-44       1.420e-44       2.004e-44       1.924e-44       1.048e-44       1.058e-38       2.328e-18       3.101e-16       1.599e-15       4.411e-15       1.067e-15       
  7.90      8.172e-45       5.353e-45       3.989e-45       5.630e-45       5.405e-45       2.945e-45       3.481e-39       1.248e-18       1.624e-16       8.370e-16       2.266e-15       6.437e-16       
  8.00      2.306e-45       1.510e-45       1.125e-45       1.588e-45       1.525e-45       8.310e-46       1.149e-39       6.691e-19       8.492e-17       4.374e-16       1.161e-15       3.885e-16       