* De conditionele overschrijdingskans van de zeewaterstand zonder statistische onzekerheid gegeven de windrichting
* voor een 12-uursperiode te West Terschelling, gelegen op locatie: 
* 143870, 597420
* 
* Het waterstandsbereik waarvoor de overschrijdingskansen zijn gegeven is het hoogwater 1991 tot 8.00 m + NAP
* met een stapgrootte van 0.1 m. De laatste stapgrootte kan afwijken om op 8.00 m uit te komen. Hierbij wordt
* een stapgrootte van mimimaal 6 en maximaal 15 cm gekozen.
* 
* Betreft zichtjaar 1985 (het jaar waarvoor de basispeilen zijn afgeleid); 
* zeespiegelstijging sinds 1985 moet apart in rekening worden gebracht.
*
* Door: G.W.F. Rongen van HKV lijn in water
* Project: PR3280.20.03
*
* m (m+NAP) 30              60              90              120             150             180             210             240             270             300             330             360
  0.83      1.000e+00       1.000e+00       1.000e+00       1.000e+00       1.000e+00       1.000e+00       1.000e+00       1.000e+00       1.000e+00       1.000e+00       1.000e+00       1.000e+00       
  0.93      1.000e+00       1.000e+00       1.000e+00       1.000e+00       1.000e+00       1.000e+00       1.000e+00       4.048e-01       4.923e-01       4.768e-01       3.595e-01       2.769e-01       
  1.03      1.000e+00       1.000e+00       1.000e+00       1.000e+00       1.000e+00       1.000e+00       1.000e+00       1.639e-01       2.424e-01       2.274e-01       1.293e-01       7.667e-02       
  1.13      1.000e+00       1.000e+00       1.000e+00       1.000e+00       1.000e+00       1.000e+00       1.000e+00       6.632e-02       1.193e-01       1.084e-01       4.648e-02       2.123e-02       
  1.23      1.000e+00       6.900e-01       5.142e-01       7.257e-01       6.968e-01       3.797e-01       4.315e-01       5.081e-02       1.045e-01       9.797e-02       4.368e-02       1.686e-02       
  1.33      2.952e-01       1.934e-01       1.441e-01       2.034e-01       1.953e-01       1.064e-01       1.433e-01       3.820e-02       9.007e-02       8.740e-02       4.065e-02       1.319e-02       
  1.43      7.871e-02       5.156e-02       3.842e-02       5.423e-02       5.207e-02       2.837e-02       4.572e-02       2.819e-02       7.649e-02       7.694e-02       3.744e-02       1.018e-02       
  1.53      2.000e-02       1.310e-02       9.764e-03       1.378e-02       1.323e-02       7.210e-03       1.403e-02       2.043e-02       6.396e-02       6.679e-02       3.410e-02       7.746e-03       
  1.63      4.853e-03       3.179e-03       2.369e-03       3.343e-03       3.210e-03       1.749e-03       4.144e-03       1.453e-02       5.263e-02       5.717e-02       3.070e-02       5.813e-03       
  1.73      1.125e-03       7.372e-04       5.493e-04       7.754e-04       7.444e-04       4.057e-04       1.181e-03       1.016e-02       4.262e-02       4.822e-02       2.731e-02       4.305e-03       
  1.83      2.498e-04       1.636e-04       1.219e-04       1.721e-04       1.653e-04       9.005e-05       3.246e-04       6.971e-03       3.395e-02       4.006e-02       2.398e-02       3.145e-03       
  1.93      5.315e-05       3.481e-05       2.594e-05       3.662e-05       3.516e-05       1.916e-05       8.625e-05       4.701e-03       2.659e-02       3.276e-02       2.077e-02       2.268e-03       
  2.03      1.085e-05       7.105e-06       5.295e-06       7.473e-06       7.175e-06       3.910e-06       2.216e-05       3.115e-03       2.048e-02       2.638e-02       1.774e-02       1.614e-03       
  2.13      2.126e-06       1.393e-06       1.038e-06       1.465e-06       1.406e-06       7.664e-07       5.513e-06       2.029e-03       1.550e-02       2.089e-02       1.494e-02       1.135e-03       
  2.23      4.006e-07       2.624e-07       1.956e-07       2.760e-07       2.650e-07       1.444e-07       1.329e-06       1.299e-03       1.153e-02       1.628e-02       1.238e-02       7.873e-04       
  2.33      7.263e-08       4.757e-08       3.545e-08       5.004e-08       4.804e-08       2.618e-08       3.104e-07       8.172e-04       8.424e-03       1.246e-02       1.011e-02       5.396e-04       
  2.43      1.268e-08       8.304e-09       6.188e-09       8.734e-09       8.386e-09       4.569e-09       7.036e-08       5.055e-04       6.045e-03       9.381e-03       8.115e-03       3.652e-04       
  2.53      2.132e-09       1.397e-09       1.041e-09       1.469e-09       1.411e-09       7.686e-10       1.548e-08       3.075e-04       4.259e-03       6.937e-03       6.407e-03       2.442e-04       
  2.63      3.459e-10       2.266e-10       1.688e-10       2.383e-10       2.288e-10       1.247e-10       3.309e-09       1.839e-04       2.946e-03       5.037e-03       4.971e-03       1.613e-04       
  2.73      5.415e-11       3.547e-11       2.643e-11       3.731e-11       3.582e-11       1.952e-11       6.876e-10       1.082e-04       2.001e-03       3.591e-03       3.788e-03       1.053e-04       
  2.83      8.185e-12       5.361e-12       3.995e-12       5.639e-12       5.414e-12       2.950e-12       1.389e-10       6.259e-05       1.333e-03       2.513e-03       2.834e-03       6.793e-05       
  2.93      1.195e-12       7.830e-13       5.835e-13       8.236e-13       7.907e-13       4.309e-13       2.731e-11       3.562e-05       8.712e-04       1.725e-03       2.080e-03       4.330e-05       
  3.03      1.688e-13       1.106e-13       8.239e-14       1.163e-13       1.116e-13       6.084e-14       5.228e-12       1.994e-05       5.586e-04       1.162e-03       1.497e-03       2.728e-05       
  3.13      2.305e-14       1.510e-14       1.125e-14       1.588e-14       1.525e-14       8.310e-15       9.745e-13       1.098e-05       3.512e-04       7.671e-04       1.056e-03       1.699e-05       
  3.23      3.047e-15       1.996e-15       1.488e-15       2.100e-15       2.016e-15       1.098e-15       1.770e-13       5.953e-06       2.165e-04       4.965e-04       7.296e-04       1.046e-05       
  3.33      3.901e-16       2.555e-16       1.904e-16       2.687e-16       2.580e-16       1.406e-16       3.134e-14       3.174e-06       1.309e-04       3.149e-04       4.936e-04       6.370e-06       
  3.43      4.837e-17       3.168e-17       2.361e-17       3.332e-17       3.199e-17       1.743e-17       5.410e-15       1.666e-06       7.754e-05       1.956e-04       3.267e-04       3.834e-06       
  3.53      5.813e-18       3.808e-18       2.837e-18       4.005e-18       3.845e-18       2.095e-18       9.112e-16       8.602e-07       4.502e-05       1.191e-04       2.115e-04       2.282e-06       
  3.63      6.774e-19       4.437e-19       3.307e-19       4.667e-19       4.481e-19       2.442e-19       1.498e-16       4.372e-07       2.561e-05       7.093e-05       1.338e-04       1.343e-06       
  3.73      7.658e-20       5.016e-20       3.738e-20       5.276e-20       5.065e-20       2.760e-20       2.404e-17       2.187e-07       1.427e-05       4.137e-05       8.275e-05       7.818e-07       
  3.83      8.401e-21       5.502e-21       4.100e-21       5.788e-21       5.557e-21       3.028e-21       3.767e-18       1.077e-07       7.788e-06       2.361e-05       4.996e-05       4.501e-07       
  3.93      8.947e-22       5.860e-22       4.367e-22       6.164e-22       5.918e-22       3.225e-22       5.766e-19       5.222e-08       4.163e-06       1.318e-05       2.944e-05       2.563e-07       
  4.03      9.253e-23       6.061e-23       4.517e-23       6.375e-23       6.121e-23       3.335e-23       8.626e-20       2.492e-08       2.179e-06       7.197e-06       1.692e-05       1.444e-07       
  4.13      9.298e-24       6.090e-24       4.538e-24       6.406e-24       6.150e-24       3.351e-24       1.261e-20       1.171e-08       1.116e-06       3.842e-06       9.484e-06       8.048e-08       
  4.23      9.079e-25       5.947e-25       4.432e-25       6.255e-25       6.006e-25       3.273e-25       1.804e-21       5.418e-09       5.599e-07       2.005e-06       5.180e-06       4.438e-08       
  4.33      8.620e-26       5.646e-26       4.207e-26       5.938e-26       5.701e-26       3.107e-26       2.522e-22       2.468e-09       2.748e-07       1.023e-06       2.756e-06       2.421e-08       
  4.43      7.958e-27       5.212e-27       3.884e-27       5.482e-27       5.264e-27       2.868e-27       3.450e-23       1.107e-09       1.320e-07       5.096e-07       1.428e-06       1.307e-08       
  4.53      7.147e-28       4.681e-28       3.489e-28       4.924e-28       4.727e-28       2.576e-28       4.619e-24       4.891e-10       6.204e-08       2.480e-07       7.196e-07       6.979e-09       
  4.63      6.246e-29       4.091e-29       3.049e-29       4.303e-29       4.132e-29       2.251e-29       6.053e-25       2.128e-10       2.852e-08       1.179e-07       3.527e-07       3.689e-09       
  4.73      5.313e-30       3.480e-30       2.593e-30       3.661e-30       3.514e-30       1.915e-30       7.766e-26       9.117e-11       1.282e-08       5.471e-08       1.681e-07       1.930e-09       
  4.83      4.401e-31       2.882e-31       2.148e-31       3.032e-31       2.911e-31       1.586e-31       9.756e-27       3.847e-11       5.640e-09       2.478e-08       7.784e-08       9.990e-10       
  4.93      3.550e-32       2.325e-32       1.733e-32       2.445e-32       2.348e-32       1.279e-32       1.201e-27       1.599e-11       2.425e-09       1.095e-08       3.501e-08       5.119e-10       
  5.03      2.789e-33       1.827e-33       1.361e-33       1.922e-33       1.845e-33       1.005e-33       1.447e-28       6.548e-12       1.020e-09       4.722e-09       1.528e-08       2.596e-10       
  5.13      2.136e-34       1.399e-34       1.042e-34       1.471e-34       1.413e-34       7.698e-35       1.710e-29       2.641e-12       4.191e-10       1.986e-09       6.473e-09       1.303e-10       
  5.23      1.594e-35       1.044e-35       7.779e-36       1.098e-35       1.054e-35       5.744e-36       1.980e-30       1.049e-12       1.684e-10       8.144e-10       2.659e-09       6.477e-11       
  5.33      1.159e-36       7.594e-37       5.659e-37       7.988e-37       7.669e-37       4.179e-37       2.247e-31       4.108e-13       6.610e-11       3.256e-10       1.059e-09       3.186e-11       
  5.43      8.225e-38       5.388e-38       4.015e-38       5.667e-38       5.441e-38       2.965e-38       2.501e-32       1.584e-13       2.536e-11       1.269e-10       4.084e-10       1.552e-11       
  5.53      5.691e-39       3.728e-39       2.778e-39       3.921e-39       3.765e-39       2.051e-39       2.730e-33       6.019e-14       9.505e-12       4.819e-11       1.526e-10       7.483e-12       
  5.63      3.842e-40       2.516e-40       1.875e-40       2.647e-40       2.541e-40       1.385e-40       2.923e-34       2.253e-14       3.481e-12       1.783e-11       5.517e-11       3.573e-12       
  5.73      2.530e-41       1.657e-41       1.235e-41       1.743e-41       1.674e-41       9.120e-42       3.070e-35       8.312e-15       1.245e-12       6.424e-12       1.930e-11       1.689e-12       
  5.83      1.627e-42       1.065e-42       7.939e-43       1.121e-42       1.076e-42       5.863e-43       3.164e-36       3.022e-15       4.350e-13       2.254e-12       6.531e-12       7.904e-13       
  5.93      1.021e-43       6.686e-44       4.982e-44       7.032e-44       6.751e-44       3.679e-44       3.200e-37       1.082e-15       1.484e-13       7.703e-13       2.136e-12       3.663e-13       
  6.03      6.254e-45       4.096e-45       3.052e-45       4.308e-45       4.136e-45       2.254e-45       3.177e-38       3.820e-16       4.944e-14       2.562e-13       6.748e-13       1.681e-13       
  6.13      3.742e-46       2.451e-46       1.826e-46       2.578e-46       2.475e-46       1.349e-46       3.096e-39       1.329e-16       1.608e-14       8.292e-14       2.059e-13       7.642e-14       
  6.23      2.187e-47       1.432e-47       1.067e-47       1.506e-47       1.446e-47       7.882e-48       2.963e-40       4.556e-17       5.106e-15       2.611e-14       6.063e-14       3.440e-14       
  6.33      1.248e-48       8.177e-49       6.094e-49       8.601e-49       8.258e-49       4.500e-49       2.784e-41       1.540e-17       1.583e-15       8.000e-15       1.723e-14       1.533e-14       
  6.43      6.964e-50       4.562e-50       3.399e-50       4.798e-50       4.607e-50       2.510e-50       2.570e-42       5.127e-18       4.787e-16       2.384e-15       4.720e-15       6.771e-15       
  6.53      3.797e-51       2.487e-51       1.853e-51       2.616e-51       2.511e-51       1.369e-51       2.330e-43       1.683e-18       1.413e-16       6.906e-16       1.247e-15       2.961e-15       
  6.63      2.023e-52       1.325e-52       9.876e-53       1.394e-52       1.338e-52       7.293e-53       2.075e-44       5.445e-19       4.070e-17       1.945e-16       3.173e-16       1.282e-15       
  6.73      1.054e-53       6.904e-54       5.145e-54       7.262e-54       6.972e-54       3.799e-54       1.816e-45       1.737e-19       1.144e-17       5.326e-17       7.775e-17       5.502e-16       
  6.83      5.369e-55       3.517e-55       2.621e-55       3.699e-55       3.551e-55       1.935e-55       1.562e-46       5.460e-20       3.136e-18       1.417e-17       1.834e-17       2.338e-16       
  6.93      2.674e-56       1.752e-56       1.305e-56       1.843e-56       1.769e-56       9.640e-57       1.320e-47       1.692e-20       8.386e-19       3.663e-18       4.163e-18       9.845e-17       
  7.03      1.303e-57       8.535e-58       6.360e-58       8.977e-58       8.619e-58       4.697e-58       1.097e-48       5.169e-21       2.187e-19       9.200e-19       9.087e-19       4.106e-17       
  7.13      6.210e-59       4.068e-59       3.031e-59       4.279e-59       4.108e-59       2.239e-59       8.963e-50       1.557e-21       5.563e-20       2.244e-19       1.907e-19       1.696e-17       
  7.23      2.896e-60       1.897e-60       1.414e-60       1.995e-60       1.916e-60       1.044e-60       7.199e-51       4.623e-22       1.380e-20       5.314e-20       3.845e-20       6.943e-18       
  7.33      1.321e-61       8.656e-62       6.450e-62       9.104e-62       8.741e-62       4.763e-62       5.685e-52       1.354e-22       3.337e-21       1.222e-20       7.445e-21       2.816e-18       
  7.43      5.901e-63       3.865e-63       2.881e-63       4.066e-63       3.903e-63       2.127e-63       4.416e-53       3.907e-23       7.868e-22       2.727e-21       1.384e-21       1.131e-18       
  7.53      2.580e-64       1.690e-64       1.259e-64       1.777e-64       1.706e-64       9.298e-65       3.374e-54       1.112e-23       1.808e-22       5.906e-22       2.469e-22       4.503e-19       
  7.63      1.104e-65       7.230e-66       5.388e-66       7.605e-66       7.301e-66       3.979e-66       2.535e-55       3.120e-24       4.051e-23       1.241e-22       4.225e-23       1.776e-19       
  7.73      4.625e-67       3.029e-67       2.257e-67       3.186e-67       3.059e-67       1.667e-67       1.874e-56       8.632e-25       8.846e-24       2.531e-23       6.931e-24       6.941e-20       
  7.83      1.897e-68       1.243e-68       9.261e-69       1.307e-68       1.255e-68       6.839e-69       1.364e-57       2.355e-25       1.882e-24       5.004e-24       1.090e-24       2.688e-20       
  7.93      7.623e-70       4.993e-70       3.721e-70       5.252e-70       5.042e-70       2.748e-70       9.760e-59       6.336e-26       3.902e-25       9.597e-25       1.641e-25       1.031e-20       
  8.00      7.935e-71       5.198e-71       3.873e-71       5.467e-71       5.249e-71       2.860e-71       1.526e-59       2.507e-26       1.277e-25       2.965e-25       4.249e-26       5.247e-21       