* De conditionele overschrijdingskans van de zeewaterstand gegeven de windrichting
* voor een 12-uursperiode te West-Terschelling, gelegen op locatie: 
* 143870, 597420 
*
* De getallen zijn afkomstig uit het spreadsheet Afleiding_zeewaterstandstatistiek.xls,               
* tabblad OvKans_Zeewaterstand.
* Speadsheet gemaakt door Matthijs Duits van HKV lijn in water op 2 mei 2013
*
* De parameters voor de Weibullverdelingen (geldig voor een winterhalfjaar), die de basis vormen van 
* onderstaande conditionele overschrijdingskansen, zijn ontleend aan:
* Hydra-K, versie 3.6.5. Bestand: tsw_A.e30
*
* Onderstaand is m de zeewaterstand en r de windrichting
*
*m \ r   30            60            90            120           150           180           210           240           270           300           330           360
0.89     1.000E+00     1.000E+00     1.000E+00     1.000E+00     1.000E+00     1.000E+00     1.000E+00     1.000E+00     1.000E+00     1.000E+00     1.000E+00     1.000E+00
0.99     1.000E+00     1.000E+00     1.000E+00     1.000E+00     1.000E+00     1.000E+00     1.000E+00     4.301E-01     4.940E-01     4.741E-01     3.253E-01     2.418E-01
1.09     1.000E+00     1.000E+00     1.000E+00     1.000E+00     1.000E+00     1.000E+00     1.000E+00     1.850E-01     2.440E-01     2.248E-01     1.058E-01     5.846E-02
1.19     1.000E+00     1.000E+00     1.000E+00     1.000E+00     1.000E+00     1.000E+00     1.000E+00     7.958E-02     1.205E-01     1.066E-01     3.443E-02     1.413E-02
1.29     7.046E-01     5.665E-01     6.145E-01     8.139E-01     6.530E-01     4.651E-01     5.836E-01     6.061E-02     1.050E-01     9.587E-02     3.225E-02     1.117E-02
1.39     1.954E-01     1.571E-01     1.705E-01     2.257E-01     1.811E-01     1.290E-01     1.922E-01     4.532E-02     9.007E-02     8.515E-02     2.991E-02     8.708E-03
1.49     5.167E-02     4.154E-02     4.506E-02     5.968E-02     4.788E-02     3.411E-02     6.088E-02     3.327E-02     7.613E-02     7.463E-02     2.745E-02     6.694E-03
1.59     1.304E-02     1.049E-02     1.137E-02     1.506E-02     1.209E-02     8.609E-03     1.857E-02     2.400E-02     6.337E-02     6.453E-02     2.492E-02     5.076E-03
1.69     3.147E-03     2.530E-03     2.745E-03     3.635E-03     2.917E-03     2.077E-03     5.462E-03     1.700E-02     5.193E-02     5.501E-02     2.236E-02     3.798E-03
1.79     7.271E-04     5.846E-04     6.342E-04     8.399E-04     6.739E-04     4.800E-04     1.551E-03     1.184E-02     4.189E-02     4.622E-02     1.982E-02     2.805E-03
1.89     1.610E-04     1.295E-04     1.404E-04     1.860E-04     1.492E-04     1.063E-04     4.256E-04     8.100E-03     3.324E-02     3.826E-02     1.734E-02     2.045E-03
1.99     3.422E-05     2.751E-05     2.984E-05     3.952E-05     3.171E-05     2.259E-05     1.129E-04     5.447E-03     2.595E-02     3.119E-02     1.498E-02     1.471E-03
2.09     6.984E-06     5.616E-06     6.092E-06     8.068E-06     6.473E-06     4.611E-06     2.902E-05     3.601E-03     1.992E-02     2.503E-02     1.276E-02     1.046E-03
2.19     1.371E-06     1.102E-06     1.196E-06     1.583E-06     1.270E-06     9.049E-07     7.225E-06     2.341E-03     1.504E-02     1.977E-02     1.071E-02     7.338E-04
2.29     2.589E-07     2.082E-07     2.258E-07     2.991E-07     2.400E-07     1.709E-07     1.744E-06     1.496E-03     1.116E-02     1.536E-02     8.855E-03     5.087E-04
2.39     4.710E-08     3.787E-08     4.108E-08     5.441E-08     4.365E-08     3.109E-08     4.085E-07     9.401E-04     8.133E-03     1.174E-02     7.210E-03     3.484E-04
2.49     8.259E-09     6.641E-09     7.204E-09     9.541E-09     7.655E-09     5.452E-09     9.291E-08     5.811E-04     5.826E-03     8.817E-03     5.777E-03     2.357E-04
2.59     1.397E-09     1.123E-09     1.219E-09     1.614E-09     1.295E-09     9.222E-10     2.053E-08     3.533E-04     4.099E-03     6.508E-03     4.552E-03     1.576E-04
2.69     2.281E-10     1.834E-10     1.990E-10     2.635E-10     2.114E-10     1.506E-10     4.411E-09     2.113E-04     2.833E-03     4.720E-03     3.526E-03     1.041E-04
2.79     3.597E-11     2.892E-11     3.138E-11     4.155E-11     3.334E-11     2.375E-11     9.216E-10     1.244E-04     1.922E-03     3.362E-03     2.684E-03     6.798E-05
2.89     5.483E-12     4.408E-12     4.782E-12     6.333E-12     5.082E-12     3.619E-12     1.874E-10     7.201E-05     1.280E-03     2.351E-03     2.006E-03     4.388E-05
2.99     8.082E-13     6.498E-13     7.049E-13     9.335E-13     7.490E-13     5.335E-13     3.711E-11     4.103E-05     8.367E-04     1.614E-03     1.471E-03     2.800E-05
3.09     1.153E-13     9.268E-14     1.005E-13     1.331E-13     1.068E-13     7.609E-14     7.157E-12     2.300E-05     5.367E-04     1.087E-03     1.059E-03     1.766E-05
3.19     1.591E-14     1.280E-14     1.388E-14     1.838E-14     1.475E-14     1.051E-14     1.345E-12     1.269E-05     3.378E-04     7.179E-04     7.467E-04     1.102E-05
3.29     2.128E-15     1.711E-15     1.856E-15     2.459E-15     1.973E-15     1.405E-15     2.466E-13     6.894E-06     2.085E-04     4.650E-04     5.162E-04     6.794E-06
3.39     2.758E-16     2.218E-16     2.406E-16     3.186E-16     2.557E-16     1.821E-16     4.407E-14     3.686E-06     1.262E-04     2.954E-04     3.495E-04     4.143E-06
3.49     3.466E-17     2.787E-17     3.023E-17     4.003E-17     3.212E-17     2.288E-17     7.687E-15     1.940E-06     7.495E-05     1.838E-04     2.317E-04     2.499E-06
3.59     4.224E-18     3.396E-18     3.684E-18     4.879E-18     3.915E-18     2.788E-18     1.309E-15     1.005E-06     4.362E-05     1.121E-04     1.503E-04     1.491E-06
3.69     4.995E-19     4.016E-19     4.356E-19     5.769E-19     4.629E-19     3.297E-19     2.176E-16     5.126E-07     2.489E-05     6.698E-05     9.532E-05     8.800E-07
3.79     5.733E-20     4.610E-20     5.001E-20     6.623E-20     5.314E-20     3.785E-20     3.533E-17     2.575E-07     1.392E-05     3.919E-05     5.910E-05     5.137E-07
3.89     6.391E-21     5.139E-21     5.574E-21     7.382E-21     5.923E-21     4.219E-21     5.605E-18     1.273E-07     7.626E-06     2.244E-05     3.580E-05     2.967E-07
3.99     6.921E-22     5.564E-22     6.036E-22     7.994E-22     6.414E-22     4.569E-22     8.692E-19     6.202E-08     4.094E-06     1.258E-05     2.118E-05     1.695E-07
4.09     7.283E-23     5.856E-23     6.353E-23     8.413E-23     6.750E-23     4.808E-23     1.318E-19     2.975E-08     2.153E-06     6.902E-06     1.223E-05     9.585E-08
4.19     7.451E-24     5.991E-24     6.499E-24     8.607E-24     6.906E-24     4.919E-24     1.954E-20     1.405E-08     1.109E-06     3.704E-06     6.889E-06     5.362E-08
4.29     7.413E-25     5.960E-25     6.466E-25     8.563E-25     6.870E-25     4.893E-25     2.834E-21     6.537E-09     5.594E-07     1.944E-06     3.784E-06     2.968E-08
4.39     7.174E-26     5.768E-26     6.258E-26     8.287E-26     6.649E-26     4.736E-26     4.023E-22     2.996E-09     2.763E-07     9.975E-07     2.026E-06     1.626E-08
4.49     6.756E-27     5.432E-27     5.893E-27     7.804E-27     6.262E-27     4.460E-27     5.588E-23     1.352E-09     1.336E-07     5.004E-07     1.057E-06     8.818E-09
4.59     6.193E-28     4.980E-28     5.402E-28     7.154E-28     5.740E-28     4.088E-28     7.600E-24     6.014E-10     6.326E-08     2.453E-07     5.366E-07     4.732E-09
4.69     5.528E-29     4.444E-29     4.821E-29     6.385E-29     5.123E-29     3.649E-29     1.012E-24     2.634E-10     2.931E-08     1.175E-07     2.652E-07     2.513E-09
4.79     4.805E-30     3.863E-30     4.191E-30     5.550E-30     4.453E-30     3.172E-30     1.320E-25     1.137E-10     1.329E-08     5.498E-08     1.275E-07     1.321E-09
4.89     4.069E-31     3.271E-31     3.549E-31     4.700E-31     3.771E-31     2.686E-31     1.687E-26     4.835E-11     5.895E-09     2.512E-08     5.963E-08     6.878E-10
4.99     3.357E-32     2.700E-32     2.928E-32     3.878E-32     3.112E-32     2.216E-32     2.113E-27     2.026E-11     2.558E-09     1.121E-08     2.710E-08     3.544E-10
5.09     2.700E-33     2.171E-33     2.355E-33     3.119E-33     2.503E-33     1.783E-33     2.594E-28     8.362E-12     1.086E-09     4.882E-09     1.196E-08     1.808E-10
5.19     2.117E-34     1.703E-34     1.847E-34     2.446E-34     1.962E-34     1.398E-34     3.121E-29     3.402E-12     4.511E-10     2.075E-09     5.127E-09     9.129E-11
5.29     1.619E-35     1.302E-35     1.412E-35     1.870E-35     1.501E-35     1.069E-35     3.682E-30     1.364E-12     1.832E-10     8.607E-10     2.133E-09     4.564E-11
5.39     1.208E-36     9.710E-37     1.053E-36     1.395E-36     1.119E-36     7.972E-37     4.260E-31     5.387E-13     7.274E-11     3.482E-10     8.607E-10     2.260E-11
5.49     8.788E-38     7.066E-38     7.665E-38     1.015E-37     8.145E-38     5.801E-38     4.835E-32     2.097E-13     2.824E-11     1.374E-10     3.368E-10     1.108E-11
5.59     6.240E-39     5.017E-39     5.443E-39     7.208E-39     5.783E-39     4.119E-39     5.383E-33     8.047E-14     1.072E-11     5.287E-11     1.277E-10     5.378E-12
5.69     4.325E-40     3.477E-40     3.772E-40     4.996E-40     4.008E-40     2.855E-40     5.881E-34     3.043E-14     3.977E-12     1.983E-11     4.694E-11     2.586E-12
5.79     2.926E-41     2.353E-41     2.552E-41     3.380E-41     2.712E-41     1.932E-41     6.306E-35     1.134E-14     1.442E-12     7.249E-12     1.670E-11     1.231E-12
5.89     1.933E-42     1.555E-42     1.686E-42     2.233E-42     1.792E-42     1.276E-42     6.637E-36     4.167E-15     5.109E-13     2.582E-12     5.751E-12     5.804E-13
5.99     1.248E-43     1.003E-43     1.088E-43     1.441E-43     1.156E-43     8.236E-44     6.858E-37     1.509E-15     1.769E-13     8.963E-13     1.916E-12     2.710E-13
6.09     7.864E-45     6.323E-45     6.859E-45     9.084E-45     7.288E-45     5.191E-45     6.958E-38     5.388E-16     5.984E-14     3.030E-13     6.172E-13     1.254E-13
6.19     4.843E-46     3.894E-46     4.224E-46     5.594E-46     4.488E-46     3.197E-46     6.933E-39     1.896E-16     1.977E-14     9.975E-14     1.922E-13     5.743E-14
6.29     2.914E-47     2.343E-47     2.542E-47     3.367E-47     2.701E-47     1.924E-47     6.785E-40     6.579E-17     6.382E-15     3.197E-14     5.783E-14     2.606E-14
6.39     1.714E-48     1.378E-48     1.495E-48     1.980E-48     1.589E-48     1.132E-48     6.523E-41     2.250E-17     2.012E-15     9.977E-15     1.680E-14     1.172E-14