*
* Afvoergolven van de Vecht bij Dalfsen. 
*
* Aan de getallen in dit bestand mag geen officiële status toegekend worden! 
*
* Dit bestand is gemaakt door Matthijs Duits van 'HKV lijn in water' op 13 februari 2007.
* De getallen zijn gebaseerd op waarden uit Bijlage H.1 en Bijlage H.2.4 van:
* 'Hydraulische Randvoorwaarden 2006 Vecht- en IJsseldelta' -
* 'Statistiek IJsselmeerpeil, afvoeren en stormverlopen voor Hydra-VIJ'
* RIZA-werkdocument 2006.036X, Lelystad, maart 2006. 
* (Auteur: C.P.M. Geerse)
* 
* De eerste kolom bevat tijdstippen in de afvoergolf in uren.
* De eerste rij bevat piekwaarden van de golven in m³/s
* De overige rijen en kolommen bevatten de afvoergolven in m³/s
* waarbij de kolommen de afvoergolven bevatten.
*
* De eerste regel van het bestand bestaat uit twee getallen:
* 1) het aantal tijdstappen in een afvoergolf
* 2) het aantal afvoerniveaus in een golf
     61    161
           0.0     5.0    10.0    15.0    20.0    25.0    30.0    35.0    40.0    45.0    50.0    55.0    60.0    65.0    70.0    75.0    80.0    85.0    90.0    95.0   100.0   105.0   110.0   115.0   120.0   125.0   130.0   135.0   140.0   145.0   150.0   155.0   160.0   165.0   170.0   175.0   180.0   185.0   190.0   195.0   200.0   205.0   210.0   215.0   220.0   225.0   230.0   235.0   240.0   245.0   250.0   255.0   260.0   265.0   270.0   275.0   280.0   285.0   290.0   295.0   300.0   305.0   310.0   315.0   320.0   325.0   330.0   335.0   340.0   345.0   350.0   355.0   360.0   365.0   370.0   375.0   380.0   385.0   390.0   395.0   400.0   405.0   410.0   415.0   420.0   425.0   430.0   435.0   440.0   445.0   450.0   455.0   460.0   465.0   470.0   475.0   480.0   485.0   490.0   495.0   500.0   505.0   510.0   515.0   520.0   525.0   530.0   535.0   540.0   545.0   550.0   555.0   560.0   565.0   570.0   575.0   580.0   585.0   590.0   595.0   600.0   605.0   610.0   615.0   620.0   625.0   630.0   635.0   640.0   645.0   650.0   655.0   660.0   665.0   670.0   675.0   680.0   685.0   690.0   695.0   700.0   705.0   710.0   715.0   720.0   725.0   730.0   735.0   740.0   745.0   750.0   755.0   760.0   765.0   770.0   775.0   780.0   785.0   790.0   795.0   800.0
   0.0     0.0     0.0     0.0     0.0     0.0     0.0     0.0     0.0     0.0     0.0     0.0     0.0     0.0     0.0     0.0     0.0     0.0     0.0     0.0     0.0     0.0     0.0     0.0     0.0     0.0     0.0     0.0     0.0     0.0     0.0     0.0     0.0     0.0     0.0     0.0     0.0     0.0     0.0     0.0     0.0     0.0     0.0     0.0     0.0     0.0     0.0     0.0     0.0     0.0     0.0     0.0     0.0     0.0     0.0     0.0     0.0     0.0     0.0     0.0     0.0     0.0     0.0     0.0     0.0     0.0     0.0     0.0     0.0     0.0     0.0     0.0     0.0     0.0     0.0     0.0     0.0     0.0     0.0     0.0     0.0     0.0     0.0     0.0     0.0     0.0     0.0     0.0     0.0     0.0     0.0     0.0     0.0     0.0     0.0     0.0     0.0     0.0     0.0     0.0     0.0     0.0     0.0     0.0     0.0     0.0     0.0     0.0     0.0     0.0     0.0     0.0     0.0     0.0     0.0     0.0     0.0     0.0     0.0     0.0     0.0     0.0     0.0     0.0     0.0     0.0     0.0     0.0     0.0     0.0     0.0     0.0     0.0     0.0     0.0     0.0     0.0     0.0     0.0     0.0     0.0     0.0     0.0     0.0     0.0     0.0     0.0     0.0     0.0     0.0     0.0     0.0     0.0     0.0     0.0     0.0     0.0     0.0     0.0     0.0     0.0     0.0
  12.0     0.0     5.0     6.4     6.4     6.4     6.4     6.4     6.4     6.4     6.4     6.4     6.4     6.4     6.4     6.4     6.4     6.4     6.4     6.4     6.4     6.4     6.4     6.4     6.4     6.4     6.4     6.4     6.4     6.4     6.4     6.4     6.4     6.4     6.4     6.4     6.4     6.4     6.6     6.8     7.0     7.1     7.3     7.5     7.7     7.9     8.0     8.2     8.4     8.6     8.8     8.9     9.1     9.3     9.5     9.6     9.8    10.0    10.2    10.4    10.5    10.7    10.9    11.1    11.2    11.4    11.6    11.8    12.0    12.1    12.3    12.5    12.7    12.9    13.0    13.2    13.4    13.6    13.8    13.9    14.1    14.3    14.5    14.6    14.8    15.0    15.2    15.4    15.5    15.7    15.9    16.1    16.2    16.4    16.6    16.8    17.0    17.1    17.3    17.5    17.7    17.9    18.0    18.2    18.4    18.6    18.8    18.9    19.1    19.3    19.5    19.6    19.8    20.0    20.2    20.4    20.5    20.7    20.9    21.1    21.2    21.4    21.6    21.8    22.0    22.1    22.3    22.5    22.7    22.9    23.0    23.2    23.4    23.6    23.8    23.9    24.1    24.3    24.5    24.6    24.8    25.0    25.2    25.4    25.5    25.7    25.9    26.1    26.2    26.4    26.6    26.8    27.0    27.1    27.3    27.5    27.7    27.9    28.0    28.2    28.4    28.6
  24.0     0.0     5.0    10.0    12.9    12.9    12.9    12.9    12.9    12.9    12.9    12.9    12.9    12.9    12.9    12.9    12.9    12.9    12.9    12.9    12.9    12.9    12.9    12.9    12.9    12.9    12.9    12.9    12.9    12.9    12.9    12.9    12.9    12.9    12.9    12.9    12.9    12.9    13.2    13.6    13.9    14.3    14.6    15.0    15.4    15.7    16.1    16.4    16.8    17.1    17.5    17.9    18.2    18.6    18.9    19.3    19.6    20.0    20.4    20.7    21.1    21.4    21.8    22.1    22.5    22.9    23.2    23.6    23.9    24.3    24.6    25.0    25.4    25.7    26.1    26.4    26.8    27.1    27.5    27.9    28.2    28.6    28.9    29.3    29.6    30.0    30.4    30.7    31.1    31.4    31.8    32.1    32.5    32.9    33.2    33.6    33.9    34.3    34.6    35.0    35.4    35.7    36.1    36.4    36.8    37.1    37.5    37.9    38.2    38.6    38.9    39.3    39.6    40.0    40.4    40.7    41.1    41.4    41.8    42.1    42.5    42.9    43.2    43.6    43.9    44.3    44.6    45.0    45.4    45.7    46.1    46.4    46.8    47.1    47.5    47.9    48.2    48.6    48.9    49.3    49.6    50.0    50.4    50.7    51.1    51.4    51.8    52.1    52.5    52.9    53.2    53.6    53.9    54.3    54.6    55.0    55.4    55.7    56.1    56.4    56.8    57.1
  36.0     0.0     5.0    10.0    15.0    19.3    19.3    19.3    19.3    19.3    19.3    19.3    19.3    19.3    19.3    19.3    19.3    19.3    19.3    19.3    19.3    19.3    19.3    19.3    19.3    19.3    19.3    19.3    19.3    19.3    19.3    19.3    19.3    19.3    19.3    19.3    19.3    19.3    19.8    20.4    20.9    21.4    22.0    22.5    23.0    23.6    24.1    24.6    25.2    25.7    26.2    26.8    27.3    27.9    28.4    28.9    29.5    30.0    30.5    31.1    31.6    32.1    32.7    33.2    33.8    34.3    34.8    35.4    35.9    36.4    37.0    37.5    38.0    38.6    39.1    39.6    40.2    40.7    41.2    41.8    42.3    42.9    43.4    43.9    44.5    45.0    45.5    46.1    46.6    47.1    47.7    48.2    48.8    49.3    49.8    50.4    50.9    51.4    52.0    52.5    53.0    53.6    54.1    54.6    55.2    55.7    56.2    56.8    57.3    57.9    58.4    58.9    59.5    60.0    60.5    61.1    61.6    62.1    62.7    63.2    63.8    64.3    64.8    65.4    65.9    66.4    67.0    67.5    68.0    68.6    69.1    69.6    70.2    70.7    71.2    71.8    72.3    72.9    73.4    73.9    74.5    75.0    75.5    76.1    76.6    77.1    77.7    78.2    78.8    79.3    79.8    80.4    80.9    81.4    82.0    82.5    83.0    83.6    84.1    84.6    85.2    85.7
  48.0     0.0     5.0    10.0    15.0    20.0    25.0    25.7    25.7    25.7    25.7    25.7    25.7    25.7    25.7    25.7    25.7    25.7    25.7    25.7    25.7    25.7    25.7    25.7    25.7    25.7    25.7    25.7    25.7    25.7    25.7    25.7    25.7    25.7    25.7    25.7    25.7    25.7    26.4    27.1    27.9    28.6    29.3    30.0    30.7    31.4    32.1    32.9    33.6    34.3    35.0    35.7    36.4    37.1    37.9    38.6    39.3    40.0    40.7    41.4    42.1    42.9    43.6    44.3    45.0    45.7    46.4    47.1    47.9    48.6    49.3    50.0    50.7    51.4    52.1    52.9    53.6    54.3    55.0    55.7    56.4    57.1    57.9    58.6    59.3    60.0    60.7    61.4    62.1    62.9    63.6    64.3    65.0    65.7    66.4    67.1    67.9    68.6    69.3    70.0    70.7    71.4    72.1    72.9    73.6    74.3    75.0    75.7    76.4    77.1    77.9    78.6    79.3    80.0    80.7    81.4    82.1    82.9    83.6    84.3    85.0    85.7    86.4    87.1    87.9    88.6    89.3    90.0    90.7    91.4    92.1    92.9    93.6    94.3    95.0    95.7    96.4    97.1    97.9    98.6    99.3   100.0   100.7   101.4   102.1   102.9   103.6   104.3   105.0   105.7   106.4   107.1   107.9   108.6   109.3   110.0   110.7   111.4   112.1   112.9   113.6   114.3
  60.0     0.0     5.0    10.0    15.0    20.0    25.0    30.0    32.1    32.1    32.1    32.1    32.1    32.1    32.1    32.1    32.1    32.1    32.1    32.1    32.1    32.1    32.1    32.1    32.1    32.1    32.1    32.1    32.1    32.1    32.1    32.1    32.1    32.1    32.1    32.1    32.1    32.1    33.0    33.9    34.8    35.7    36.6    37.5    38.4    39.3    40.2    41.1    42.0    42.9    43.8    44.6    45.5    46.4    47.3    48.2    49.1    50.0    50.9    51.8    52.7    53.6    54.5    55.4    56.2    57.1    58.0    58.9    59.8    60.7    61.6    62.5    63.4    64.3    65.2    66.1    67.0    67.9    68.8    69.6    70.5    71.4    72.3    73.2    74.1    75.0    75.9    76.8    77.7    78.6    79.5    80.4    81.2    82.1    83.0    83.9    84.8    85.7    86.6    87.5    88.4    89.3    90.2    91.1    92.0    92.9    93.8    94.6    95.5    96.4    97.3    98.2    99.1   100.0   100.9   101.8   102.7   103.6   104.5   105.4   106.2   107.1   108.0   108.9   109.8   110.7   111.6   112.5   113.4   114.3   115.2   116.1   117.0   117.9   118.8   119.6   120.5   121.4   122.3   123.2   124.1   125.0   125.9   126.8   127.7   128.6   129.5   130.4   131.2   132.1   133.0   133.9   134.8   135.7   136.6   137.5   138.4   139.3   140.2   141.1   142.0   142.9
  72.0     0.0     5.0    10.0    15.0    20.0    25.0    30.0    35.0    38.6    38.6    38.6    38.6    38.6    38.6    38.6    38.6    38.6    38.6    38.6    38.6    38.6    38.6    38.6    38.6    38.6    38.6    38.6    38.6    38.6    38.6    38.6    38.6    38.6    38.6    38.6    38.6    38.6    39.6    40.7    41.8    42.9    43.9    45.0    46.1    47.1    48.2    49.3    50.4    51.4    52.5    53.6    54.6    55.7    56.8    57.9    58.9    60.0    61.1    62.1    63.2    64.3    65.4    66.4    67.5    68.6    69.6    70.7    71.8    72.9    73.9    75.0    76.1    77.1    78.2    79.3    80.4    81.4    82.5    83.6    84.6    85.7    86.8    87.9    88.9    90.0    91.1    92.1    93.2    94.3    95.4    96.4    97.5    98.6    99.6   100.7   101.8   102.9   103.9   105.0   106.1   107.1   108.2   109.3   110.4   111.4   112.5   113.6   114.6   115.7   116.8   117.9   118.9   120.0   121.1   122.1   123.2   124.3   125.4   126.4   127.5   128.6   129.6   130.7   131.8   132.9   133.9   135.0   136.1   137.1   138.2   139.3   140.4   141.4   142.5   143.6   144.6   145.7   146.8   147.9   148.9   150.0   151.1   152.1   153.2   154.3   155.4   156.4   157.5   158.6   159.6   160.7   161.8   162.9   163.9   165.0   166.1   167.1   168.2   169.3   170.4   171.4
  84.0     0.0     5.0    10.0    15.0    20.0    25.0    30.0    35.0    40.0    45.0    45.0    45.0    45.0    45.0    45.0    45.0    45.0    45.0    45.0    45.0    45.0    45.0    45.0    45.0    45.0    45.0    45.0    45.0    45.0    45.0    45.0    45.0    45.0    45.0    45.0    45.0    45.0    46.2    47.5    48.8    50.0    51.2    52.5    53.8    55.0    56.2    57.5    58.8    60.0    61.2    62.5    63.8    65.0    66.2    67.5    68.8    70.0    71.2    72.5    73.8    75.0    76.2    77.5    78.8    80.0    81.2    82.5    83.8    85.0    86.2    87.5    88.8    90.0    91.2    92.5    93.8    95.0    96.2    97.5    98.8   100.0   101.2   102.5   103.8   105.0   106.2   107.5   108.8   110.0   111.2   112.5   113.8   115.0   116.2   117.5   118.8   120.0   121.2   122.5   123.8   125.0   126.2   127.5   128.8   130.0   131.2   132.5   133.8   135.0   136.2   137.5   138.8   140.0   141.2   142.5   143.8   145.0   146.2   147.5   148.8   150.0   151.2   152.5   153.8   155.0   156.2   157.5   158.8   160.0   161.2   162.5   163.8   165.0   166.2   167.5   168.8   170.0   171.2   172.5   173.8   175.0   176.2   177.5   178.8   180.0   181.2   182.5   183.8   185.0   186.2   187.5   188.8   190.0   191.2   192.5   193.8   195.0   196.2   197.5   198.8   200.0
  96.0     0.0     5.0    10.0    15.0    20.0    25.0    30.0    35.0    40.0    45.0    50.0    51.4    51.4    51.4    51.4    51.4    51.4    51.4    51.4    51.4    51.4    51.4    51.4    51.4    51.4    51.4    51.4    51.4    51.4    51.4    51.4    51.4    51.4    51.4    51.4    51.4    51.4    52.9    54.3    55.7    57.1    58.6    60.0    61.4    62.9    64.3    65.7    67.1    68.6    70.0    71.4    72.9    74.3    75.7    77.1    78.6    80.0    81.4    82.9    84.3    85.7    87.1    88.6    90.0    91.4    92.9    94.3    95.7    97.1    98.6   100.0   101.4   102.9   104.3   105.7   107.1   108.6   110.0   111.4   112.9   114.3   115.7   117.1   118.6   120.0   121.4   122.9   124.3   125.7   127.1   128.6   130.0   131.4   132.9   134.3   135.7   137.1   138.6   140.0   141.4   142.9   144.3   145.7   147.1   148.6   150.0   151.4   152.9   154.3   155.7   157.1   158.6   160.0   161.4   162.9   164.3   165.7   167.1   168.6   170.0   171.4   172.9   174.3   175.7   177.1   178.6   180.0   181.4   182.9   184.3   185.7   187.1   188.6   190.0   191.4   192.9   194.3   195.7   197.1   198.6   200.0   201.4   202.9   204.3   205.7   207.1   208.6   210.0   211.4   212.9   214.3   215.7   217.1   218.6   220.0   221.4   222.9   224.3   225.7   227.1   228.6
 108.0     0.0     5.0    10.0    15.0    20.0    25.0    30.0    35.0    40.0    45.0    50.0    55.0    57.9    57.9    57.9    57.9    57.9    57.9    57.9    57.9    57.9    57.9    57.9    57.9    57.9    57.9    57.9    57.9    57.9    57.9    57.9    57.9    57.9    57.9    57.9    57.9    57.9    59.5    61.1    62.7    64.3    65.9    67.5    69.1    70.7    72.3    73.9    75.5    77.1    78.8    80.4    82.0    83.6    85.2    86.8    88.4    90.0    91.6    93.2    94.8    96.4    98.0    99.6   101.2   102.9   104.5   106.1   107.7   109.3   110.9   112.5   114.1   115.7   117.3   118.9   120.5   122.1   123.8   125.4   127.0   128.6   130.2   131.8   133.4   135.0   136.6   138.2   139.8   141.4   143.0   144.6   146.2   147.9   149.5   151.1   152.7   154.3   155.9   157.5   159.1   160.7   162.3   163.9   165.5   167.1   168.8   170.4   172.0   173.6   175.2   176.8   178.4   180.0   181.6   183.2   184.8   186.4   188.0   189.6   191.2   192.9   194.5   196.1   197.7   199.3   200.9   202.5   204.1   205.7   207.3   208.9   210.5   212.1   213.8   215.4   217.0   218.6   220.2   221.8   223.4   225.0   226.6   228.2   229.8   231.4   233.0   234.6   236.2   237.9   239.5   241.1   242.7   244.3   245.9   247.5   249.1   250.7   252.3   253.9   255.5   257.1
 120.0     0.0     5.0    10.0    15.0    20.0    25.0    30.0    35.0    40.0    45.0    50.0    55.0    60.0    64.3    64.3    64.3    64.3    64.3    64.3    64.3    64.3    64.3    64.3    64.3    64.3    64.3    64.3    64.3    64.3    64.3    64.3    64.3    64.3    64.3    64.3    64.3    64.3    66.1    67.9    69.6    71.4    73.2    75.0    76.8    78.6    80.4    82.1    83.9    85.7    87.5    89.3    91.1    92.9    94.6    96.4    98.2   100.0   101.8   103.6   105.4   107.1   108.9   110.7   112.5   114.3   116.1   117.9   119.6   121.4   123.2   125.0   126.8   128.6   130.4   132.1   133.9   135.7   137.5   139.3   141.1   142.9   144.6   146.4   148.2   150.0   151.8   153.6   155.4   157.1   158.9   160.7   162.5   164.3   166.1   167.9   169.6   171.4   173.2   175.0   176.8   178.6   180.4   182.1   183.9   185.7   187.5   189.3   191.1   192.9   194.6   196.4   198.2   200.0   201.8   203.6   205.4   207.1   208.9   210.7   212.5   214.3   216.1   217.9   219.6   221.4   223.2   225.0   226.8   228.6   230.4   232.1   233.9   235.7   237.5   239.3   241.1   242.9   244.6   246.4   248.2   250.0   251.8   253.6   255.4   257.1   258.9   260.7   262.5   264.3   266.1   267.9   269.6   271.4   273.2   275.0   276.8   278.6   280.4   282.1   283.9   285.7
 132.0     0.0     5.0    10.0    15.0    20.0    25.0    30.0    35.0    40.0    45.0    50.0    55.0    60.0    65.0    70.0    70.7    70.7    70.7    70.7    70.7    70.7    70.7    70.7    70.7    70.7    70.7    70.7    70.7    70.7    70.7    70.7    70.7    70.7    70.7    70.7    70.7    70.7    72.7    74.6    76.6    78.6    80.5    82.5    84.5    86.4    88.4    90.4    92.3    94.3    96.2    98.2   100.2   102.1   104.1   106.1   108.0   110.0   112.0   113.9   115.9   117.9   119.8   121.8   123.8   125.7   127.7   129.6   131.6   133.6   135.5   137.5   139.5   141.4   143.4   145.4   147.3   149.3   151.2   153.2   155.2   157.1   159.1   161.1   163.0   165.0   167.0   168.9   170.9   172.9   174.8   176.8   178.8   180.7   182.7   184.6   186.6   188.6   190.5   192.5   194.5   196.4   198.4   200.4   202.3   204.3   206.2   208.2   210.2   212.1   214.1   216.1   218.0   220.0   222.0   223.9   225.9   227.9   229.8   231.8   233.8   235.7   237.7   239.6   241.6   243.6   245.5   247.5   249.5   251.4   253.4   255.4   257.3   259.3   261.2   263.2   265.2   267.1   269.1   271.1   273.0   275.0   277.0   278.9   280.9   282.9   284.8   286.8   288.8   290.7   292.7   294.6   296.6   298.6   300.5   302.5   304.5   306.4   308.4   310.4   312.3   314.3
 144.0     0.0     5.0    10.0    15.0    20.0    25.0    30.0    35.0    40.0    45.0    50.0    55.0    60.0    65.0    70.0    75.0    77.1    77.1    77.1    77.1    77.1    77.1    77.1    77.1    77.1    77.1    77.1    77.1    77.1    77.1    77.1    77.1    77.1    77.1    77.1    77.1    77.1    79.3    81.4    83.6    85.7    87.9    90.0    92.1    94.3    96.4    98.6   100.7   102.9   105.0   107.1   109.3   111.4   113.6   115.7   117.9   120.0   122.1   124.3   126.4   128.6   130.7   132.9   135.0   137.1   139.3   141.4   143.6   145.7   147.9   150.0   152.1   154.3   156.4   158.6   160.7   162.9   165.0   167.1   169.3   171.4   173.6   175.7   177.9   180.0   182.1   184.3   186.4   188.6   190.7   192.9   195.0   197.1   199.3   201.4   203.6   205.7   207.9   210.0   212.1   214.3   216.4   218.6   220.7   222.9   225.0   227.1   229.3   231.4   233.6   235.7   237.9   240.0   242.1   244.3   246.4   248.6   250.7   252.9   255.0   257.1   259.3   261.4   263.6   265.7   267.9   270.0   272.1   274.3   276.4   278.6   280.7   282.9   285.0   287.1   289.3   291.4   293.6   295.7   297.9   300.0   302.1   304.3   306.4   308.6   310.7   312.9   315.0   317.1   319.3   321.4   323.6   325.7   327.9   330.0   332.1   334.3   336.4   338.6   340.7   342.9
 156.0     0.0     5.0    10.0    15.0    20.0    25.0    30.0    35.0    40.0    45.0    50.0    55.0    60.0    65.0    70.0    75.0    80.0    83.6    83.6    83.6    83.6    83.6    83.6    83.6    83.6    83.6    83.6    83.6    83.6    83.6    83.6    83.6    83.6    83.6    83.6    83.6    83.6    85.9    88.2    90.5    92.9    95.2    97.5    99.8   102.1   104.5   106.8   109.1   111.4   113.8   116.1   118.4   120.7   123.0   125.4   127.7   130.0   132.3   134.6   137.0   139.3   141.6   143.9   146.2   148.6   150.9   153.2   155.5   157.9   160.2   162.5   164.8   167.1   169.5   171.8   174.1   176.4   178.8   181.1   183.4   185.7   188.0   190.4   192.7   195.0   197.3   199.6   202.0   204.3   206.6   208.9   211.2   213.6   215.9   218.2   220.5   222.9   225.2   227.5   229.8   232.1   234.5   236.8   239.1   241.4   243.8   246.1   248.4   250.7   253.0   255.4   257.7   260.0   262.3   264.6   267.0   269.3   271.6   273.9   276.2   278.6   280.9   283.2   285.5   287.9   290.2   292.5   294.8   297.1   299.5   301.8   304.1   306.4   308.8   311.1   313.4   315.7   318.0   320.4   322.7   325.0   327.3   329.6   332.0   334.3   336.6   338.9   341.2   343.6   345.9   348.2   350.5   352.9   355.2   357.5   359.8   362.1   364.5   366.8   369.1   371.4
 168.0     0.0     5.0    10.0    15.0    20.0    25.0    30.0    35.0    40.0    45.0    50.0    55.0    60.0    65.0    70.0    75.0    80.0    85.0    90.0    90.0    90.0    90.0    90.0    90.0    90.0    90.0    90.0    90.0    90.0    90.0    90.0    90.0    90.0    90.0    90.0    90.0    90.0    92.5    95.0    97.5   100.0   102.5   105.0   107.5   110.0   112.5   115.0   117.5   120.0   122.5   125.0   127.5   130.0   132.5   135.0   137.5   140.0   142.5   145.0   147.5   150.0   152.5   155.0   157.5   160.0   162.5   165.0   167.5   170.0   172.5   175.0   177.5   180.0   182.5   185.0   187.5   190.0   192.5   195.0   197.5   200.0   202.5   205.0   207.5   210.0   212.5   215.0   217.5   220.0   222.5   225.0   227.5   230.0   232.5   235.0   237.5   240.0   242.5   245.0   247.5   250.0   252.5   255.0   257.5   260.0   262.5   265.0   267.5   270.0   272.5   275.0   277.5   280.0   282.5   285.0   287.5   290.0   292.5   295.0   297.5   300.0   302.5   305.0   307.5   310.0   312.5   315.0   317.5   320.0   322.5   325.0   327.5   330.0   332.5   335.0   337.5   340.0   342.5   345.0   347.5   350.0   352.5   355.0   357.5   360.0   362.5   365.0   367.5   370.0   372.5   375.0   377.5   380.0   382.5   385.0   387.5   390.0   392.5   395.0   397.5   400.0
 180.0     0.0     5.0    10.0    15.0    20.0    25.0    30.0    35.0    40.0    45.0    50.0    55.0    60.0    65.0    70.0    75.0    80.0    85.0    90.0    95.0    96.4    96.4    96.4    96.4    96.4    96.4    96.4    96.4    96.4    96.4    96.4    96.4    96.4    96.4    96.4    96.4    96.4    99.1   101.8   104.5   107.1   109.8   112.5   115.2   117.9   120.5   123.2   125.9   128.6   131.2   133.9   136.6   139.3   142.0   144.6   147.3   150.0   152.7   155.4   158.0   160.7   163.4   166.1   168.8   171.4   174.1   176.8   179.5   182.1   184.8   187.5   190.2   192.9   195.5   198.2   200.9   203.6   206.2   208.9   211.6   214.3   217.0   219.6   222.3   225.0   227.7   230.4   233.0   235.7   238.4   241.1   243.8   246.4   249.1   251.8   254.5   257.1   259.8   262.5   265.2   267.9   270.5   273.2   275.9   278.6   281.2   283.9   286.6   289.3   292.0   294.6   297.3   300.0   302.7   305.4   308.0   310.7   313.4   316.1   318.8   321.4   324.1   326.8   329.5   332.1   334.8   337.5   340.2   342.9   345.5   348.2   350.9   353.6   356.2   358.9   361.6   364.3   367.0   369.6   372.3   375.0   377.7   380.4   383.0   385.7   388.4   391.1   393.8   396.4   399.1   401.8   404.5   407.1   409.8   412.5   415.2   417.9   420.5   423.2   425.9   428.6
 192.0     0.0     5.0    10.0    15.0    20.0    25.0    30.0    35.0    40.0    45.0    50.0    55.0    60.0    65.0    70.0    75.0    80.0    85.0    90.0    95.0   100.0   102.9   102.9   102.9   102.9   102.9   102.9   102.9   102.9   102.9   102.9   102.9   102.9   102.9   102.9   102.9   102.9   105.7   108.6   111.4   114.3   117.1   120.0   122.9   125.7   128.6   131.4   134.3   137.1   140.0   142.9   145.7   148.6   151.4   154.3   157.1   160.0   162.9   165.7   168.6   171.4   174.3   177.1   180.0   182.9   185.7   188.6   191.4   194.3   197.1   200.0   202.9   205.7   208.6   211.4   214.3   217.1   220.0   222.9   225.7   228.6   231.4   234.3   237.1   240.0   242.9   245.7   248.6   251.4   254.3   257.1   260.0   262.9   265.7   268.6   271.4   274.3   277.1   280.0   282.9   285.7   288.6   291.4   294.3   297.1   300.0   302.9   305.7   308.6   311.4   314.3   317.1   320.0   322.9   325.7   328.6   331.4   334.3   337.1   340.0   342.9   345.7   348.6   351.4   354.3   357.1   360.0   362.9   365.7   368.6   371.4   374.3   377.1   380.0   382.9   385.7   388.6   391.4   394.3   397.1   400.0   402.9   405.7   408.6   411.4   414.3   417.1   420.0   422.9   425.7   428.6   431.4   434.3   437.1   440.0   442.9   445.7   448.6   451.4   454.3   457.1
 204.0     0.0     5.0    10.0    15.0    20.0    25.0    30.0    35.0    40.0    45.0    50.0    55.0    60.0    65.0    70.0    75.0    80.0    85.0    90.0    95.0   100.0   105.0   109.3   109.3   109.3   109.3   109.3   109.3   109.3   109.3   109.3   109.3   109.3   109.3   109.3   109.3   109.3   112.3   115.4   118.4   121.4   124.5   127.5   130.5   133.6   136.6   139.6   142.7   145.7   148.8   151.8   154.8   157.9   160.9   163.9   167.0   170.0   173.0   176.1   179.1   182.1   185.2   188.2   191.2   194.3   197.3   200.4   203.4   206.4   209.5   212.5   215.5   218.6   221.6   224.6   227.7   230.7   233.8   236.8   239.8   242.9   245.9   248.9   252.0   255.0   258.0   261.1   264.1   267.1   270.2   273.2   276.2   279.3   282.3   285.4   288.4   291.4   294.5   297.5   300.5   303.6   306.6   309.6   312.7   315.7   318.8   321.8   324.8   327.9   330.9   333.9   337.0   340.0   343.0   346.1   349.1   352.1   355.2   358.2   361.2   364.3   367.3   370.4   373.4   376.4   379.5   382.5   385.5   388.6   391.6   394.6   397.7   400.7   403.8   406.8   409.8   412.9   415.9   418.9   422.0   425.0   428.0   431.1   434.1   437.1   440.2   443.2   446.2   449.3   452.3   455.4   458.4   461.4   464.5   467.5   470.5   473.6   476.6   479.6   482.7   485.7
 216.0     0.0     5.0    10.0    15.0    20.0    25.0    30.0    35.0    40.0    45.0    50.0    55.0    60.0    65.0    70.0    75.0    80.0    85.0    90.0    95.0   100.0   105.0   110.0   115.0   115.7   115.7   115.7   115.7   115.7   115.7   115.7   115.7   115.7   115.7   115.7   115.7   115.7   118.9   122.1   125.4   128.6   131.8   135.0   138.2   141.4   144.6   147.9   151.1   154.3   157.5   160.7   163.9   167.1   170.4   173.6   176.8   180.0   183.2   186.4   189.6   192.9   196.1   199.3   202.5   205.7   208.9   212.1   215.4   218.6   221.8   225.0   228.2   231.4   234.6   237.9   241.1   244.3   247.5   250.7   253.9   257.1   260.4   263.6   266.8   270.0   273.2   276.4   279.6   282.9   286.1   289.3   292.5   295.7   298.9   302.1   305.4   308.6   311.8   315.0   318.2   321.4   324.6   327.9   331.1   334.3   337.5   340.7   343.9   347.1   350.4   353.6   356.8   360.0   363.2   366.4   369.6   372.9   376.1   379.3   382.5   385.7   388.9   392.1   395.4   398.6   401.8   405.0   408.2   411.4   414.6   417.9   421.1   424.3   427.5   430.7   433.9   437.1   440.4   443.6   446.8   450.0   453.2   456.4   459.6   462.9   466.1   469.3   472.5   475.7   478.9   482.1   485.4   488.6   491.8   495.0   498.2   501.4   504.6   507.9   511.1   514.3
 228.0     0.0     5.0    10.0    15.0    20.0    25.0    30.0    35.0    40.0    45.0    50.0    55.0    60.0    65.0    70.0    75.0    80.0    85.0    90.0    95.0   100.0   105.0   110.0   115.0   120.0   122.1   122.1   122.1   122.1   122.1   122.1   122.1   122.1   122.1   122.1   122.1   122.1   125.5   128.9   132.3   135.7   139.1   142.5   145.9   149.3   152.7   156.1   159.5   162.9   166.2   169.6   173.0   176.4   179.8   183.2   186.6   190.0   193.4   196.8   200.2   203.6   207.0   210.4   213.8   217.1   220.5   223.9   227.3   230.7   234.1   237.5   240.9   244.3   247.7   251.1   254.5   257.9   261.2   264.6   268.0   271.4   274.8   278.2   281.6   285.0   288.4   291.8   295.2   298.6   302.0   305.4   308.8   312.1   315.5   318.9   322.3   325.7   329.1   332.5   335.9   339.3   342.7   346.1   349.5   352.9   356.2   359.6   363.0   366.4   369.8   373.2   376.6   380.0   383.4   386.8   390.2   393.6   397.0   400.4   403.8   407.1   410.5   413.9   417.3   420.7   424.1   427.5   430.9   434.3   437.7   441.1   444.5   447.9   451.2   454.6   458.0   461.4   464.8   468.2   471.6   475.0   478.4   481.8   485.2   488.6   492.0   495.4   498.8   502.1   505.5   508.9   512.3   515.7   519.1   522.5   525.9   529.3   532.7   536.1   539.5   542.9
 240.0     0.0     5.0    10.0    15.0    20.0    25.0    30.0    35.0    40.0    45.0    50.0    55.0    60.0    65.0    70.0    75.0    80.0    85.0    90.0    95.0   100.0   105.0   110.0   115.0   120.0   125.0   128.6   128.6   128.6   128.6   128.6   128.6   128.6   128.6   128.6   128.6   128.6   132.1   135.7   139.3   142.9   146.4   150.0   153.6   157.1   160.7   164.3   167.9   171.4   175.0   178.6   182.1   185.7   189.3   192.9   196.4   200.0   203.6   207.1   210.7   214.3   217.9   221.4   225.0   228.6   232.1   235.7   239.3   242.9   246.4   250.0   253.6   257.1   260.7   264.3   267.9   271.4   275.0   278.6   282.1   285.7   289.3   292.9   296.4   300.0   303.6   307.1   310.7   314.3   317.9   321.4   325.0   328.6   332.1   335.7   339.3   342.9   346.4   350.0   353.6   357.1   360.7   364.3   367.9   371.4   375.0   378.6   382.1   385.7   389.3   392.9   396.4   400.0   403.6   407.1   410.7   414.3   417.9   421.4   425.0   428.6   432.1   435.7   439.3   442.9   446.4   450.0   453.6   457.1   460.7   464.3   467.9   471.4   475.0   478.6   482.1   485.7   489.3   492.9   496.4   500.0   503.6   507.1   510.7   514.3   517.9   521.4   525.0   528.6   532.1   535.7   539.3   542.9   546.4   550.0   553.6   557.1   560.7   564.3   567.9   571.4
 252.0     0.0     5.0    10.0    15.0    20.0    25.0    30.0    35.0    40.0    45.0    50.0    55.0    60.0    65.0    70.0    75.0    80.0    85.0    90.0    95.0   100.0   105.0   110.0   115.0   120.0   125.0   130.0   135.0   135.0   135.0   135.0   135.0   135.0   135.0   135.0   135.0   135.0   138.8   142.5   146.2   150.0   153.8   157.5   161.2   165.0   168.8   172.5   176.2   180.0   183.8   187.5   191.2   195.0   198.8   202.5   206.2   210.0   213.8   217.5   221.2   225.0   228.8   232.5   236.2   240.0   243.8   247.5   251.2   255.0   258.8   262.5   266.2   270.0   273.8   277.5   281.2   285.0   288.8   292.5   296.2   300.0   303.8   307.5   311.2   315.0   318.8   322.5   326.2   330.0   333.8   337.5   341.2   345.0   348.8   352.5   356.2   360.0   363.8   367.5   371.2   375.0   378.8   382.5   386.2   390.0   393.8   397.5   401.2   405.0   408.8   412.5   416.2   420.0   423.8   427.5   431.2   435.0   438.8   442.5   446.2   450.0   453.8   457.5   461.2   465.0   468.8   472.5   476.2   480.0   483.8   487.5   491.2   495.0   498.8   502.5   506.2   510.0   513.8   517.5   521.2   525.0   528.8   532.5   536.2   540.0   543.8   547.5   551.2   555.0   558.8   562.5   566.2   570.0   573.8   577.5   581.2   585.0   588.8   592.5   596.2   600.0
 264.0     0.0     5.0    10.0    15.0    20.0    25.0    30.0    35.0    40.0    45.0    50.0    55.0    60.0    65.0    70.0    75.0    80.0    85.0    90.0    95.0   100.0   105.0   110.0   115.0   120.0   125.0   130.0   135.0   140.0   141.4   141.4   141.4   141.4   141.4   141.4   141.4   141.4   145.4   149.3   153.2   157.1   161.1   165.0   168.9   172.9   176.8   180.7   184.6   188.6   192.5   196.4   200.4   204.3   208.2   212.1   216.1   220.0   223.9   227.9   231.8   235.7   239.6   243.6   247.5   251.4   255.4   259.3   263.2   267.1   271.1   275.0   278.9   282.9   286.8   290.7   294.6   298.6   302.5   306.4   310.4   314.3   318.2   322.1   326.1   330.0   333.9   337.9   341.8   345.7   349.6   353.6   357.5   361.4   365.4   369.3   373.2   377.1   381.1   385.0   388.9   392.9   396.8   400.7   404.6   408.6   412.5   416.4   420.4   424.3   428.2   432.1   436.1   440.0   443.9   447.9   451.8   455.7   459.6   463.6   467.5   471.4   475.4   479.3   483.2   487.1   491.1   495.0   498.9   502.9   506.8   510.7   514.6   518.6   522.5   526.4   530.4   534.3   538.2   542.1   546.1   550.0   553.9   557.9   561.8   565.7   569.6   573.6   577.5   581.4   585.4   589.3   593.2   597.1   601.1   605.0   608.9   612.9   616.8   620.7   624.6   628.6
 276.0     0.0     5.0    10.0    15.0    20.0    25.0    30.0    35.0    40.0    45.0    50.0    55.0    60.0    65.0    70.0    75.0    80.0    85.0    90.0    95.0   100.0   105.0   110.0   115.0   120.0   125.0   130.0   135.0   140.0   145.0   147.9   147.9   147.9   147.9   147.9   147.9   147.9   152.0   156.1   160.2   164.3   168.4   172.5   176.6   180.7   184.8   188.9   193.0   197.1   201.2   205.4   209.5   213.6   217.7   221.8   225.9   230.0   234.1   238.2   242.3   246.4   250.5   254.6   258.8   262.9   267.0   271.1   275.2   279.3   283.4   287.5   291.6   295.7   299.8   303.9   308.0   312.1   316.2   320.4   324.5   328.6   332.7   336.8   340.9   345.0   349.1   353.2   357.3   361.4   365.5   369.6   373.8   377.9   382.0   386.1   390.2   394.3   398.4   402.5   406.6   410.7   414.8   418.9   423.0   427.1   431.2   435.4   439.5   443.6   447.7   451.8   455.9   460.0   464.1   468.2   472.3   476.4   480.5   484.6   488.8   492.9   497.0   501.1   505.2   509.3   513.4   517.5   521.6   525.7   529.8   533.9   538.0   542.1   546.2   550.4   554.5   558.6   562.7   566.8   570.9   575.0   579.1   583.2   587.3   591.4   595.5   599.6   603.8   607.9   612.0   616.1   620.2   624.3   628.4   632.5   636.6   640.7   644.8   648.9   653.0   657.1
 288.0     0.0     5.0    10.0    15.0    20.0    25.0    30.0    35.0    40.0    45.0    50.0    55.0    60.0    65.0    70.0    75.0    80.0    85.0    90.0    95.0   100.0   105.0   110.0   115.0   120.0   125.0   130.0   135.0   140.0   145.0   150.0   154.3   154.3   154.3   154.3   154.3   154.3   158.6   162.9   167.1   171.4   175.7   180.0   184.3   188.6   192.9   197.1   201.4   205.7   210.0   214.3   218.6   222.9   227.1   231.4   235.7   240.0   244.3   248.6   252.9   257.1   261.4   265.7   270.0   274.3   278.6   282.9   287.1   291.4   295.7   300.0   304.3   308.6   312.9   317.1   321.4   325.7   330.0   334.3   338.6   342.9   347.1   351.4   355.7   360.0   364.3   368.6   372.9   377.1   381.4   385.7   390.0   394.3   398.6   402.9   407.1   411.4   415.7   420.0   424.3   428.6   432.9   437.1   441.4   445.7   450.0   454.3   458.6   462.9   467.1   471.4   475.7   480.0   484.3   488.6   492.9   497.1   501.4   505.7   510.0   514.3   518.6   522.9   527.1   531.4   535.7   540.0   544.3   548.6   552.9   557.1   561.4   565.7   570.0   574.3   578.6   582.9   587.1   591.4   595.7   600.0   604.3   608.6   612.9   617.1   621.4   625.7   630.0   634.3   638.6   642.9   647.1   651.4   655.7   660.0   664.3   668.6   672.9   677.1   681.4   685.7
 300.0     0.0     5.0    10.0    15.0    20.0    25.0    30.0    35.0    40.0    45.0    50.0    55.0    60.0    65.0    70.0    75.0    80.0    85.0    90.0    95.0   100.0   105.0   110.0   115.0   120.0   125.0   130.0   135.0   140.0   145.0   150.0   155.0   160.0   160.7   160.7   160.7   160.7   165.2   169.6   174.1   178.6   183.0   187.5   192.0   196.4   200.9   205.4   209.8   214.3   218.8   223.2   227.7   232.1   236.6   241.1   245.5   250.0   254.5   258.9   263.4   267.9   272.3   276.8   281.2   285.7   290.2   294.6   299.1   303.6   308.0   312.5   317.0   321.4   325.9   330.4   334.8   339.3   343.8   348.2   352.7   357.1   361.6   366.1   370.5   375.0   379.5   383.9   388.4   392.9   397.3   401.8   406.2   410.7   415.2   419.6   424.1   428.6   433.0   437.5   442.0   446.4   450.9   455.4   459.8   464.3   468.8   473.2   477.7   482.1   486.6   491.1   495.5   500.0   504.5   508.9   513.4   517.9   522.3   526.8   531.2   535.7   540.2   544.6   549.1   553.6   558.0   562.5   567.0   571.4   575.9   580.4   584.8   589.3   593.8   598.2   602.7   607.1   611.6   616.1   620.5   625.0   629.5   633.9   638.4   642.9   647.3   651.8   656.2   660.7   665.2   669.6   674.1   678.6   683.0   687.5   692.0   696.4   700.9   705.4   709.8   714.3
 312.0     0.0     5.0    10.0    15.0    20.0    25.0    30.0    35.0    40.0    45.0    50.0    55.0    60.0    65.0    70.0    75.0    80.0    85.0    90.0    95.0   100.0   105.0   110.0   115.0   120.0   125.0   130.0   135.0   140.0   145.0   150.0   155.0   160.0   165.0   167.1   167.1   167.1   171.8   176.4   181.1   185.7   190.4   195.0   199.6   204.3   208.9   213.6   218.2   222.9   227.5   232.1   236.8   241.4   246.1   250.7   255.4   260.0   264.6   269.3   273.9   278.6   283.2   287.9   292.5   297.1   301.8   306.4   311.1   315.7   320.4   325.0   329.6   334.3   338.9   343.6   348.2   352.9   357.5   362.1   366.8   371.4   376.1   380.7   385.4   390.0   394.6   399.3   403.9   408.6   413.2   417.9   422.5   427.1   431.8   436.4   441.1   445.7   450.4   455.0   459.6   464.3   468.9   473.6   478.2   482.9   487.5   492.1   496.8   501.4   506.1   510.7   515.4   520.0   524.6   529.3   533.9   538.6   543.2   547.9   552.5   557.1   561.8   566.4   571.1   575.7   580.4   585.0   589.6   594.3   598.9   603.6   608.2   612.9   617.5   622.1   626.8   631.4   636.1   640.7   645.4   650.0   654.6   659.3   663.9   668.6   673.2   677.9   682.5   687.1   691.8   696.4   701.1   705.7   710.4   715.0   719.6   724.3   728.9   733.6   738.2   742.9
 324.0     0.0     5.0    10.0    15.0    20.0    25.0    30.0    35.0    40.0    45.0    50.0    55.0    60.0    65.0    70.0    75.0    80.0    85.0    90.0    95.0   100.0   105.0   110.0   115.0   120.0   125.0   130.0   135.0   140.0   145.0   150.0   155.0   160.0   165.0   170.0   173.6   173.6   178.4   183.2   188.0   192.9   197.7   202.5   207.3   212.1   217.0   221.8   226.6   231.4   236.2   241.1   245.9   250.7   255.5   260.4   265.2   270.0   274.8   279.6   284.5   289.3   294.1   298.9   303.8   308.6   313.4   318.2   323.0   327.9   332.7   337.5   342.3   347.1   352.0   356.8   361.6   366.4   371.2   376.1   380.9   385.7   390.5   395.4   400.2   405.0   409.8   414.6   419.5   424.3   429.1   433.9   438.8   443.6   448.4   453.2   458.0   462.9   467.7   472.5   477.3   482.1   487.0   491.8   496.6   501.4   506.2   511.1   515.9   520.7   525.5   530.4   535.2   540.0   544.8   549.6   554.5   559.3   564.1   568.9   573.8   578.6   583.4   588.2   593.0   597.9   602.7   607.5   612.3   617.1   622.0   626.8   631.6   636.4   641.2   646.1   650.9   655.7   660.5   665.4   670.2   675.0   679.8   684.6   689.5   694.3   699.1   703.9   708.8   713.6   718.4   723.2   728.0   732.9   737.7   742.5   747.3   752.1   757.0   761.8   766.6   771.4
 336.0     0.0     5.0    10.0    15.0    20.0    25.0    30.0    35.0    40.0    45.0    50.0    55.0    60.0    65.0    70.0    75.0    80.0    85.0    90.0    95.0   100.0   105.0   110.0   115.0   120.0   125.0   130.0   135.0   140.0   145.0   150.0   155.0   160.0   165.0   170.0   175.0   180.0   185.0   190.0   195.0   200.0   205.0   210.0   215.0   220.0   225.0   230.0   235.0   240.0   245.0   250.0   255.0   260.0   265.0   270.0   275.0   280.0   285.0   290.0   295.0   300.0   305.0   310.0   315.0   320.0   325.0   330.0   335.0   340.0   345.0   350.0   355.0   360.0   365.0   370.0   375.0   380.0   385.0   390.0   395.0   400.0   405.0   410.0   415.0   420.0   425.0   430.0   435.0   440.0   445.0   450.0   455.0   460.0   465.0   470.0   475.0   480.0   485.0   490.0   495.0   500.0   505.0   510.0   515.0   520.0   525.0   530.0   535.0   540.0   545.0   550.0   555.0   560.0   565.0   570.0   575.0   580.0   585.0   590.0   595.0   600.0   605.0   610.0   615.0   620.0   625.0   630.0   635.0   640.0   645.0   650.0   655.0   660.0   665.0   670.0   675.0   680.0   685.0   690.0   695.0   700.0   705.0   710.0   715.0   720.0   725.0   730.0   735.0   740.0   745.0   750.0   755.0   760.0   765.0   770.0   775.0   780.0   785.0   790.0   795.0   800.0
 348.0     0.0     5.0    10.0    15.0    20.0    25.0    30.0    35.0    40.0    45.0    50.0    55.0    60.0    65.0    70.0    75.0    80.0    85.0    90.0    95.0   100.0   105.0   110.0   115.0   120.0   125.0   130.0   135.0   140.0   145.0   150.0   155.0   160.0   165.0   170.0   175.0   180.0   185.0   190.0   195.0   200.0   205.0   210.0   215.0   220.0   225.0   230.0   235.0   240.0   245.0   250.0   255.0   260.0   265.0   270.0   275.0   280.0   285.0   290.0   295.0   300.0   305.0   310.0   315.0   320.0   325.0   330.0   335.0   340.0   345.0   350.0   355.0   360.0   365.0   370.0   375.0   380.0   385.0   390.0   395.0   400.0   405.0   410.0   415.0   420.0   425.0   430.0   435.0   440.0   445.0   450.0   455.0   460.0   465.0   470.0   475.0   480.0   485.0   490.0   495.0   500.0   505.0   510.0   515.0   520.0   525.0   530.0   535.0   540.0   545.0   550.0   555.0   560.0   565.0   570.0   575.0   580.0   585.0   590.0   595.0   600.0   605.0   610.0   615.0   620.0   625.0   630.0   635.0   640.0   645.0   650.0   655.0   660.0   665.0   670.0   675.0   680.0   685.0   690.0   695.0   700.0   705.0   710.0   715.0   720.0   725.0   730.0   735.0   740.0   745.0   750.0   755.0   760.0   765.0   770.0   775.0   780.0   785.0   790.0   795.0   800.0
 360.0     0.0     5.0    10.0    15.0    20.0    25.0    30.0    35.0    40.0    45.0    50.0    55.0    60.0    65.0    70.0    75.0    80.0    85.0    90.0    95.0   100.0   105.0   110.0   115.0   120.0   125.0   130.0   135.0   140.0   145.0   150.0   155.0   160.0   165.0   170.0   175.0   180.0   185.0   190.0   195.0   200.0   205.0   210.0   215.0   220.0   225.0   230.0   235.0   240.0   245.0   250.0   255.0   260.0   265.0   270.0   275.0   280.0   285.0   290.0   295.0   300.0   305.0   310.0   315.0   320.0   325.0   330.0   335.0   340.0   345.0   350.0   355.0   360.0   365.0   370.0   375.0   380.0   385.0   390.0   395.0   400.0   405.0   410.0   415.0   420.0   425.0   430.0   435.0   440.0   445.0   450.0   455.0   460.0   465.0   470.0   475.0   480.0   485.0   490.0   495.0   500.0   505.0   510.0   515.0   520.0   525.0   530.0   535.0   540.0   545.0   550.0   555.0   560.0   565.0   570.0   575.0   580.0   585.0   590.0   595.0   600.0   605.0   610.0   615.0   620.0   625.0   630.0   635.0   640.0   645.0   650.0   655.0   660.0   665.0   670.0   675.0   680.0   685.0   690.0   695.0   700.0   705.0   710.0   715.0   720.0   725.0   730.0   735.0   740.0   745.0   750.0   755.0   760.0   765.0   770.0   775.0   780.0   785.0   790.0   795.0   800.0
 372.0     0.0     5.0    10.0    15.0    20.0    25.0    30.0    35.0    40.0    45.0    50.0    55.0    60.0    65.0    70.0    75.0    80.0    85.0    90.0    95.0   100.0   105.0   110.0   115.0   120.0   125.0   130.0   135.0   140.0   145.0   150.0   155.0   160.0   165.0   170.0   175.0   180.0   185.0   190.0   195.0   200.0   205.0   210.0   215.0   220.0   225.0   230.0   235.0   240.0   245.0   250.0   255.0   260.0   265.0   270.0   275.0   280.0   285.0   290.0   295.0   300.0   305.0   310.0   315.0   320.0   325.0   330.0   335.0   340.0   345.0   350.0   355.0   360.0   365.0   370.0   375.0   380.0   385.0   390.0   395.0   400.0   405.0   410.0   415.0   420.0   425.0   430.0   435.0   440.0   445.0   450.0   455.0   460.0   465.0   470.0   475.0   480.0   485.0   490.0   495.0   500.0   505.0   510.0   515.0   520.0   525.0   530.0   535.0   540.0   545.0   550.0   555.0   560.0   565.0   570.0   575.0   580.0   585.0   590.0   595.0   600.0   605.0   610.0   615.0   620.0   625.0   630.0   635.0   640.0   645.0   650.0   655.0   660.0   665.0   670.0   675.0   680.0   685.0   690.0   695.0   700.0   705.0   710.0   715.0   720.0   725.0   730.0   735.0   740.0   745.0   750.0   755.0   760.0   765.0   770.0   775.0   780.0   785.0   790.0   795.0   800.0
 384.0     0.0     5.0    10.0    15.0    20.0    25.0    30.0    35.0    40.0    45.0    50.0    55.0    60.0    65.0    70.0    75.0    80.0    85.0    90.0    95.0   100.0   105.0   110.0   115.0   120.0   125.0   130.0   135.0   140.0   145.0   150.0   155.0   160.0   165.0   170.0   175.0   180.0   185.0   190.0   195.0   200.0   205.0   210.0   215.0   220.0   225.0   230.0   235.0   240.0   245.0   250.0   255.0   260.0   265.0   270.0   275.0   280.0   285.0   290.0   295.0   300.0   305.0   310.0   315.0   320.0   325.0   330.0   335.0   340.0   345.0   350.0   355.0   360.0   365.0   370.0   375.0   380.0   385.0   390.0   395.0   400.0   405.0   410.0   415.0   420.0   425.0   430.0   435.0   440.0   445.0   450.0   455.0   460.0   465.0   470.0   475.0   480.0   485.0   490.0   495.0   500.0   505.0   510.0   515.0   520.0   525.0   530.0   535.0   540.0   545.0   550.0   555.0   560.0   565.0   570.0   575.0   580.0   585.0   590.0   595.0   600.0   605.0   610.0   615.0   620.0   625.0   630.0   635.0   640.0   645.0   650.0   655.0   660.0   665.0   670.0   675.0   680.0   685.0   690.0   695.0   700.0   705.0   710.0   715.0   720.0   725.0   730.0   735.0   740.0   745.0   750.0   755.0   760.0   765.0   770.0   775.0   780.0   785.0   790.0   795.0   800.0
 396.0     0.0     5.0    10.0    15.0    20.0    25.0    30.0    35.0    40.0    45.0    50.0    55.0    60.0    65.0    70.0    75.0    80.0    85.0    90.0    95.0   100.0   105.0   110.0   115.0   120.0   125.0   130.0   135.0   140.0   145.0   150.0   155.0   160.0   165.0   170.0   173.6   173.6   178.4   183.2   188.0   192.9   197.7   202.5   207.3   212.1   217.0   221.8   226.6   231.4   236.2   241.1   245.9   250.7   255.5   260.4   265.2   270.0   274.8   279.6   284.5   289.3   294.1   298.9   303.8   308.6   313.4   318.2   323.0   327.9   332.7   337.5   342.3   347.1   352.0   356.8   361.6   366.4   371.2   376.1   380.9   385.7   390.5   395.4   400.2   405.0   409.8   414.6   419.5   424.3   429.1   433.9   438.8   443.6   448.4   453.2   458.0   462.9   467.7   472.5   477.3   482.1   487.0   491.8   496.6   501.4   506.2   511.1   515.9   520.7   525.5   530.4   535.2   540.0   544.8   549.6   554.5   559.3   564.1   568.9   573.8   578.6   583.4   588.2   593.0   597.9   602.7   607.5   612.3   617.1   622.0   626.8   631.6   636.4   641.2   646.1   650.9   655.7   660.5   665.4   670.2   675.0   679.8   684.6   689.5   694.3   699.1   703.9   708.8   713.6   718.4   723.2   728.0   732.9   737.7   742.5   747.3   752.1   757.0   761.8   766.6   771.4
 408.0     0.0     5.0    10.0    15.0    20.0    25.0    30.0    35.0    40.0    45.0    50.0    55.0    60.0    65.0    70.0    75.0    80.0    85.0    90.0    95.0   100.0   105.0   110.0   115.0   120.0   125.0   130.0   135.0   140.0   145.0   150.0   155.0   160.0   165.0   167.1   167.1   167.1   171.8   176.4   181.1   185.7   190.4   195.0   199.6   204.3   208.9   213.6   218.2   222.9   227.5   232.1   236.8   241.4   246.1   250.7   255.4   260.0   264.6   269.3   273.9   278.6   283.2   287.9   292.5   297.1   301.8   306.4   311.1   315.7   320.4   325.0   329.6   334.3   338.9   343.6   348.2   352.9   357.5   362.1   366.8   371.4   376.1   380.7   385.4   390.0   394.6   399.3   403.9   408.6   413.2   417.9   422.5   427.1   431.8   436.4   441.1   445.7   450.4   455.0   459.6   464.3   468.9   473.6   478.2   482.9   487.5   492.1   496.8   501.4   506.1   510.7   515.4   520.0   524.6   529.3   533.9   538.6   543.2   547.9   552.5   557.1   561.8   566.4   571.1   575.7   580.4   585.0   589.6   594.3   598.9   603.6   608.2   612.9   617.5   622.1   626.8   631.4   636.1   640.7   645.4   650.0   654.6   659.3   663.9   668.6   673.2   677.9   682.5   687.1   691.8   696.4   701.1   705.7   710.4   715.0   719.6   724.3   728.9   733.6   738.2   742.9
 420.0     0.0     5.0    10.0    15.0    20.0    25.0    30.0    35.0    40.0    45.0    50.0    55.0    60.0    65.0    70.0    75.0    80.0    85.0    90.0    95.0   100.0   105.0   110.0   115.0   120.0   125.0   130.0   135.0   140.0   145.0   150.0   155.0   160.0   160.7   160.7   160.7   160.7   165.2   169.6   174.1   178.6   183.0   187.5   192.0   196.4   200.9   205.4   209.8   214.3   218.8   223.2   227.7   232.1   236.6   241.1   245.5   250.0   254.5   258.9   263.4   267.9   272.3   276.8   281.2   285.7   290.2   294.6   299.1   303.6   308.0   312.5   317.0   321.4   325.9   330.4   334.8   339.3   343.8   348.2   352.7   357.1   361.6   366.1   370.5   375.0   379.5   383.9   388.4   392.9   397.3   401.8   406.2   410.7   415.2   419.6   424.1   428.6   433.0   437.5   442.0   446.4   450.9   455.4   459.8   464.3   468.8   473.2   477.7   482.1   486.6   491.1   495.5   500.0   504.5   508.9   513.4   517.9   522.3   526.8   531.2   535.7   540.2   544.6   549.1   553.6   558.0   562.5   567.0   571.4   575.9   580.4   584.8   589.3   593.8   598.2   602.7   607.1   611.6   616.1   620.5   625.0   629.5   633.9   638.4   642.9   647.3   651.8   656.2   660.7   665.2   669.6   674.1   678.6   683.0   687.5   692.0   696.4   700.9   705.4   709.8   714.3
 432.0     0.0     5.0    10.0    15.0    20.0    25.0    30.0    35.0    40.0    45.0    50.0    55.0    60.0    65.0    70.0    75.0    80.0    85.0    90.0    95.0   100.0   105.0   110.0   115.0   120.0   125.0   130.0   135.0   140.0   145.0   150.0   154.3   154.3   154.3   154.3   154.3   154.3   158.6   162.9   167.1   171.4   175.7   180.0   184.3   188.6   192.9   197.1   201.4   205.7   210.0   214.3   218.6   222.9   227.1   231.4   235.7   240.0   244.3   248.6   252.9   257.1   261.4   265.7   270.0   274.3   278.6   282.9   287.1   291.4   295.7   300.0   304.3   308.6   312.9   317.1   321.4   325.7   330.0   334.3   338.6   342.9   347.1   351.4   355.7   360.0   364.3   368.6   372.9   377.1   381.4   385.7   390.0   394.3   398.6   402.9   407.1   411.4   415.7   420.0   424.3   428.6   432.9   437.1   441.4   445.7   450.0   454.3   458.6   462.9   467.1   471.4   475.7   480.0   484.3   488.6   492.9   497.1   501.4   505.7   510.0   514.3   518.6   522.9   527.1   531.4   535.7   540.0   544.3   548.6   552.9   557.1   561.4   565.7   570.0   574.3   578.6   582.9   587.1   591.4   595.7   600.0   604.3   608.6   612.9   617.1   621.4   625.7   630.0   634.3   638.6   642.9   647.1   651.4   655.7   660.0   664.3   668.6   672.9   677.1   681.4   685.7
 444.0     0.0     5.0    10.0    15.0    20.0    25.0    30.0    35.0    40.0    45.0    50.0    55.0    60.0    65.0    70.0    75.0    80.0    85.0    90.0    95.0   100.0   105.0   110.0   115.0   120.0   125.0   130.0   135.0   140.0   145.0   147.9   147.9   147.9   147.9   147.9   147.9   147.9   152.0   156.1   160.2   164.3   168.4   172.5   176.6   180.7   184.8   188.9   193.0   197.1   201.2   205.4   209.5   213.6   217.7   221.8   225.9   230.0   234.1   238.2   242.3   246.4   250.5   254.6   258.8   262.9   267.0   271.1   275.2   279.3   283.4   287.5   291.6   295.7   299.8   303.9   308.0   312.1   316.2   320.4   324.5   328.6   332.7   336.8   340.9   345.0   349.1   353.2   357.3   361.4   365.5   369.6   373.8   377.9   382.0   386.1   390.2   394.3   398.4   402.5   406.6   410.7   414.8   418.9   423.0   427.1   431.2   435.4   439.5   443.6   447.7   451.8   455.9   460.0   464.1   468.2   472.3   476.4   480.5   484.6   488.8   492.9   497.0   501.1   505.2   509.3   513.4   517.5   521.6   525.7   529.8   533.9   538.0   542.1   546.2   550.4   554.5   558.6   562.7   566.8   570.9   575.0   579.1   583.2   587.3   591.4   595.5   599.6   603.8   607.9   612.0   616.1   620.2   624.3   628.4   632.5   636.6   640.7   644.8   648.9   653.0   657.1
 456.0     0.0     5.0    10.0    15.0    20.0    25.0    30.0    35.0    40.0    45.0    50.0    55.0    60.0    65.0    70.0    75.0    80.0    85.0    90.0    95.0   100.0   105.0   110.0   115.0   120.0   125.0   130.0   135.0   140.0   141.4   141.4   141.4   141.4   141.4   141.4   141.4   141.4   145.4   149.3   153.2   157.1   161.1   165.0   168.9   172.9   176.8   180.7   184.6   188.6   192.5   196.4   200.4   204.3   208.2   212.1   216.1   220.0   223.9   227.9   231.8   235.7   239.6   243.6   247.5   251.4   255.4   259.3   263.2   267.1   271.1   275.0   278.9   282.9   286.8   290.7   294.6   298.6   302.5   306.4   310.4   314.3   318.2   322.1   326.1   330.0   333.9   337.9   341.8   345.7   349.6   353.6   357.5   361.4   365.4   369.3   373.2   377.1   381.1   385.0   388.9   392.9   396.8   400.7   404.6   408.6   412.5   416.4   420.4   424.3   428.2   432.1   436.1   440.0   443.9   447.9   451.8   455.7   459.6   463.6   467.5   471.4   475.4   479.3   483.2   487.1   491.1   495.0   498.9   502.9   506.8   510.7   514.6   518.6   522.5   526.4   530.4   534.3   538.2   542.1   546.1   550.0   553.9   557.9   561.8   565.7   569.6   573.6   577.5   581.4   585.4   589.3   593.2   597.1   601.1   605.0   608.9   612.9   616.8   620.7   624.6   628.6
 468.0     0.0     5.0    10.0    15.0    20.0    25.0    30.0    35.0    40.0    45.0    50.0    55.0    60.0    65.0    70.0    75.0    80.0    85.0    90.0    95.0   100.0   105.0   110.0   115.0   120.0   125.0   130.0   135.0   135.0   135.0   135.0   135.0   135.0   135.0   135.0   135.0   135.0   138.8   142.5   146.2   150.0   153.8   157.5   161.2   165.0   168.8   172.5   176.2   180.0   183.8   187.5   191.2   195.0   198.8   202.5   206.2   210.0   213.8   217.5   221.2   225.0   228.8   232.5   236.2   240.0   243.8   247.5   251.2   255.0   258.8   262.5   266.2   270.0   273.8   277.5   281.2   285.0   288.8   292.5   296.2   300.0   303.8   307.5   311.2   315.0   318.8   322.5   326.2   330.0   333.8   337.5   341.2   345.0   348.8   352.5   356.2   360.0   363.8   367.5   371.2   375.0   378.8   382.5   386.2   390.0   393.8   397.5   401.2   405.0   408.8   412.5   416.2   420.0   423.8   427.5   431.2   435.0   438.8   442.5   446.2   450.0   453.8   457.5   461.2   465.0   468.8   472.5   476.2   480.0   483.8   487.5   491.2   495.0   498.8   502.5   506.2   510.0   513.8   517.5   521.2   525.0   528.8   532.5   536.2   540.0   543.8   547.5   551.2   555.0   558.8   562.5   566.2   570.0   573.8   577.5   581.2   585.0   588.8   592.5   596.2   600.0
 480.0     0.0     5.0    10.0    15.0    20.0    25.0    30.0    35.0    40.0    45.0    50.0    55.0    60.0    65.0    70.0    75.0    80.0    85.0    90.0    95.0   100.0   105.0   110.0   115.0   120.0   125.0   128.6   128.6   128.6   128.6   128.6   128.6   128.6   128.6   128.6   128.6   128.6   132.1   135.7   139.3   142.9   146.4   150.0   153.6   157.1   160.7   164.3   167.9   171.4   175.0   178.6   182.1   185.7   189.3   192.9   196.4   200.0   203.6   207.1   210.7   214.3   217.9   221.4   225.0   228.6   232.1   235.7   239.3   242.9   246.4   250.0   253.6   257.1   260.7   264.3   267.9   271.4   275.0   278.6   282.1   285.7   289.3   292.9   296.4   300.0   303.6   307.1   310.7   314.3   317.9   321.4   325.0   328.6   332.1   335.7   339.3   342.9   346.4   350.0   353.6   357.1   360.7   364.3   367.9   371.4   375.0   378.6   382.1   385.7   389.3   392.9   396.4   400.0   403.6   407.1   410.7   414.3   417.9   421.4   425.0   428.6   432.1   435.7   439.3   442.9   446.4   450.0   453.6   457.1   460.7   464.3   467.9   471.4   475.0   478.6   482.1   485.7   489.3   492.9   496.4   500.0   503.6   507.1   510.7   514.3   517.9   521.4   525.0   528.6   532.1   535.7   539.3   542.9   546.4   550.0   553.6   557.1   560.7   564.3   567.9   571.4
 492.0     0.0     5.0    10.0    15.0    20.0    25.0    30.0    35.0    40.0    45.0    50.0    55.0    60.0    65.0    70.0    75.0    80.0    85.0    90.0    95.0   100.0   105.0   110.0   115.0   120.0   122.1   122.1   122.1   122.1   122.1   122.1   122.1   122.1   122.1   122.1   122.1   122.1   125.5   128.9   132.3   135.7   139.1   142.5   145.9   149.3   152.7   156.1   159.5   162.9   166.2   169.6   173.0   176.4   179.8   183.2   186.6   190.0   193.4   196.8   200.2   203.6   207.0   210.4   213.8   217.1   220.5   223.9   227.3   230.7   234.1   237.5   240.9   244.3   247.7   251.1   254.5   257.9   261.2   264.6   268.0   271.4   274.8   278.2   281.6   285.0   288.4   291.8   295.2   298.6   302.0   305.4   308.8   312.1   315.5   318.9   322.3   325.7   329.1   332.5   335.9   339.3   342.7   346.1   349.5   352.9   356.2   359.6   363.0   366.4   369.8   373.2   376.6   380.0   383.4   386.8   390.2   393.6   397.0   400.4   403.8   407.1   410.5   413.9   417.3   420.7   424.1   427.5   430.9   434.3   437.7   441.1   444.5   447.9   451.2   454.6   458.0   461.4   464.8   468.2   471.6   475.0   478.4   481.8   485.2   488.6   492.0   495.4   498.8   502.1   505.5   508.9   512.3   515.7   519.1   522.5   525.9   529.3   532.7   536.1   539.5   542.9
 504.0     0.0     5.0    10.0    15.0    20.0    25.0    30.0    35.0    40.0    45.0    50.0    55.0    60.0    65.0    70.0    75.0    80.0    85.0    90.0    95.0   100.0   105.0   110.0   115.0   115.7   115.7   115.7   115.7   115.7   115.7   115.7   115.7   115.7   115.7   115.7   115.7   115.7   118.9   122.1   125.4   128.6   131.8   135.0   138.2   141.4   144.6   147.9   151.1   154.3   157.5   160.7   163.9   167.1   170.4   173.6   176.8   180.0   183.2   186.4   189.6   192.9   196.1   199.3   202.5   205.7   208.9   212.1   215.4   218.6   221.8   225.0   228.2   231.4   234.6   237.9   241.1   244.3   247.5   250.7   253.9   257.1   260.4   263.6   266.8   270.0   273.2   276.4   279.6   282.9   286.1   289.3   292.5   295.7   298.9   302.1   305.4   308.6   311.8   315.0   318.2   321.4   324.6   327.9   331.1   334.3   337.5   340.7   343.9   347.1   350.4   353.6   356.8   360.0   363.2   366.4   369.6   372.9   376.1   379.3   382.5   385.7   388.9   392.1   395.4   398.6   401.8   405.0   408.2   411.4   414.6   417.9   421.1   424.3   427.5   430.7   433.9   437.1   440.4   443.6   446.8   450.0   453.2   456.4   459.6   462.9   466.1   469.3   472.5   475.7   478.9   482.1   485.4   488.6   491.8   495.0   498.2   501.4   504.6   507.9   511.1   514.3
 516.0     0.0     5.0    10.0    15.0    20.0    25.0    30.0    35.0    40.0    45.0    50.0    55.0    60.0    65.0    70.0    75.0    80.0    85.0    90.0    95.0   100.0   105.0   109.3   109.3   109.3   109.3   109.3   109.3   109.3   109.3   109.3   109.3   109.3   109.3   109.3   109.3   109.3   112.3   115.4   118.4   121.4   124.5   127.5   130.5   133.6   136.6   139.6   142.7   145.7   148.8   151.8   154.8   157.9   160.9   163.9   167.0   170.0   173.0   176.1   179.1   182.1   185.2   188.2   191.2   194.3   197.3   200.4   203.4   206.4   209.5   212.5   215.5   218.6   221.6   224.6   227.7   230.7   233.8   236.8   239.8   242.9   245.9   248.9   252.0   255.0   258.0   261.1   264.1   267.1   270.2   273.2   276.2   279.3   282.3   285.4   288.4   291.4   294.5   297.5   300.5   303.6   306.6   309.6   312.7   315.7   318.8   321.8   324.8   327.9   330.9   333.9   337.0   340.0   343.0   346.1   349.1   352.1   355.2   358.2   361.2   364.3   367.3   370.4   373.4   376.4   379.5   382.5   385.5   388.6   391.6   394.6   397.7   400.7   403.8   406.8   409.8   412.9   415.9   418.9   422.0   425.0   428.0   431.1   434.1   437.1   440.2   443.2   446.2   449.3   452.3   455.4   458.4   461.4   464.5   467.5   470.5   473.6   476.6   479.6   482.7   485.7
 528.0     0.0     5.0    10.0    15.0    20.0    25.0    30.0    35.0    40.0    45.0    50.0    55.0    60.0    65.0    70.0    75.0    80.0    85.0    90.0    95.0   100.0   102.9   102.9   102.9   102.9   102.9   102.9   102.9   102.9   102.9   102.9   102.9   102.9   102.9   102.9   102.9   102.9   105.7   108.6   111.4   114.3   117.1   120.0   122.9   125.7   128.6   131.4   134.3   137.1   140.0   142.9   145.7   148.6   151.4   154.3   157.1   160.0   162.9   165.7   168.6   171.4   174.3   177.1   180.0   182.9   185.7   188.6   191.4   194.3   197.1   200.0   202.9   205.7   208.6   211.4   214.3   217.1   220.0   222.9   225.7   228.6   231.4   234.3   237.1   240.0   242.9   245.7   248.6   251.4   254.3   257.1   260.0   262.9   265.7   268.6   271.4   274.3   277.1   280.0   282.9   285.7   288.6   291.4   294.3   297.1   300.0   302.9   305.7   308.6   311.4   314.3   317.1   320.0   322.9   325.7   328.6   331.4   334.3   337.1   340.0   342.9   345.7   348.6   351.4   354.3   357.1   360.0   362.9   365.7   368.6   371.4   374.3   377.1   380.0   382.9   385.7   388.6   391.4   394.3   397.1   400.0   402.9   405.7   408.6   411.4   414.3   417.1   420.0   422.9   425.7   428.6   431.4   434.3   437.1   440.0   442.9   445.7   448.6   451.4   454.3   457.1
 540.0     0.0     5.0    10.0    15.0    20.0    25.0    30.0    35.0    40.0    45.0    50.0    55.0    60.0    65.0    70.0    75.0    80.0    85.0    90.0    95.0    96.4    96.4    96.4    96.4    96.4    96.4    96.4    96.4    96.4    96.4    96.4    96.4    96.4    96.4    96.4    96.4    96.4    99.1   101.8   104.5   107.1   109.8   112.5   115.2   117.9   120.5   123.2   125.9   128.6   131.2   133.9   136.6   139.3   142.0   144.6   147.3   150.0   152.7   155.4   158.0   160.7   163.4   166.1   168.8   171.4   174.1   176.8   179.5   182.1   184.8   187.5   190.2   192.9   195.5   198.2   200.9   203.6   206.2   208.9   211.6   214.3   217.0   219.6   222.3   225.0   227.7   230.4   233.0   235.7   238.4   241.1   243.8   246.4   249.1   251.8   254.5   257.1   259.8   262.5   265.2   267.9   270.5   273.2   275.9   278.6   281.2   283.9   286.6   289.3   292.0   294.6   297.3   300.0   302.7   305.4   308.0   310.7   313.4   316.1   318.8   321.4   324.1   326.8   329.5   332.1   334.8   337.5   340.2   342.9   345.5   348.2   350.9   353.6   356.2   358.9   361.6   364.3   367.0   369.6   372.3   375.0   377.7   380.4   383.0   385.7   388.4   391.1   393.8   396.4   399.1   401.8   404.5   407.1   409.8   412.5   415.2   417.9   420.5   423.2   425.9   428.6
 552.0     0.0     5.0    10.0    15.0    20.0    25.0    30.0    35.0    40.0    45.0    50.0    55.0    60.0    65.0    70.0    75.0    80.0    85.0    90.0    90.0    90.0    90.0    90.0    90.0    90.0    90.0    90.0    90.0    90.0    90.0    90.0    90.0    90.0    90.0    90.0    90.0    90.0    92.5    95.0    97.5   100.0   102.5   105.0   107.5   110.0   112.5   115.0   117.5   120.0   122.5   125.0   127.5   130.0   132.5   135.0   137.5   140.0   142.5   145.0   147.5   150.0   152.5   155.0   157.5   160.0   162.5   165.0   167.5   170.0   172.5   175.0   177.5   180.0   182.5   185.0   187.5   190.0   192.5   195.0   197.5   200.0   202.5   205.0   207.5   210.0   212.5   215.0   217.5   220.0   222.5   225.0   227.5   230.0   232.5   235.0   237.5   240.0   242.5   245.0   247.5   250.0   252.5   255.0   257.5   260.0   262.5   265.0   267.5   270.0   272.5   275.0   277.5   280.0   282.5   285.0   287.5   290.0   292.5   295.0   297.5   300.0   302.5   305.0   307.5   310.0   312.5   315.0   317.5   320.0   322.5   325.0   327.5   330.0   332.5   335.0   337.5   340.0   342.5   345.0   347.5   350.0   352.5   355.0   357.5   360.0   362.5   365.0   367.5   370.0   372.5   375.0   377.5   380.0   382.5   385.0   387.5   390.0   392.5   395.0   397.5   400.0
 564.0     0.0     5.0    10.0    15.0    20.0    25.0    30.0    35.0    40.0    45.0    50.0    55.0    60.0    65.0    70.0    75.0    80.0    83.6    83.6    83.6    83.6    83.6    83.6    83.6    83.6    83.6    83.6    83.6    83.6    83.6    83.6    83.6    83.6    83.6    83.6    83.6    83.6    85.9    88.2    90.5    92.9    95.2    97.5    99.8   102.1   104.5   106.8   109.1   111.4   113.8   116.1   118.4   120.7   123.0   125.4   127.7   130.0   132.3   134.6   137.0   139.3   141.6   143.9   146.2   148.6   150.9   153.2   155.5   157.9   160.2   162.5   164.8   167.1   169.5   171.8   174.1   176.4   178.8   181.1   183.4   185.7   188.0   190.4   192.7   195.0   197.3   199.6   202.0   204.3   206.6   208.9   211.2   213.6   215.9   218.2   220.5   222.9   225.2   227.5   229.8   232.1   234.5   236.8   239.1   241.4   243.8   246.1   248.4   250.7   253.0   255.4   257.7   260.0   262.3   264.6   267.0   269.3   271.6   273.9   276.2   278.6   280.9   283.2   285.5   287.9   290.2   292.5   294.8   297.1   299.5   301.8   304.1   306.4   308.8   311.1   313.4   315.7   318.0   320.4   322.7   325.0   327.3   329.6   332.0   334.3   336.6   338.9   341.2   343.6   345.9   348.2   350.5   352.9   355.2   357.5   359.8   362.1   364.5   366.8   369.1   371.4
 576.0     0.0     5.0    10.0    15.0    20.0    25.0    30.0    35.0    40.0    45.0    50.0    55.0    60.0    65.0    70.0    75.0    77.1    77.1    77.1    77.1    77.1    77.1    77.1    77.1    77.1    77.1    77.1    77.1    77.1    77.1    77.1    77.1    77.1    77.1    77.1    77.1    77.1    79.3    81.4    83.6    85.7    87.9    90.0    92.1    94.3    96.4    98.6   100.7   102.9   105.0   107.1   109.3   111.4   113.6   115.7   117.9   120.0   122.1   124.3   126.4   128.6   130.7   132.9   135.0   137.1   139.3   141.4   143.6   145.7   147.9   150.0   152.1   154.3   156.4   158.6   160.7   162.9   165.0   167.1   169.3   171.4   173.6   175.7   177.9   180.0   182.1   184.3   186.4   188.6   190.7   192.9   195.0   197.1   199.3   201.4   203.6   205.7   207.9   210.0   212.1   214.3   216.4   218.6   220.7   222.9   225.0   227.1   229.3   231.4   233.6   235.7   237.9   240.0   242.1   244.3   246.4   248.6   250.7   252.9   255.0   257.1   259.3   261.4   263.6   265.7   267.9   270.0   272.1   274.3   276.4   278.6   280.7   282.9   285.0   287.1   289.3   291.4   293.6   295.7   297.9   300.0   302.1   304.3   306.4   308.6   310.7   312.9   315.0   317.1   319.3   321.4   323.6   325.7   327.9   330.0   332.1   334.3   336.4   338.6   340.7   342.9
 588.0     0.0     5.0    10.0    15.0    20.0    25.0    30.0    35.0    40.0    45.0    50.0    55.0    60.0    65.0    70.0    70.7    70.7    70.7    70.7    70.7    70.7    70.7    70.7    70.7    70.7    70.7    70.7    70.7    70.7    70.7    70.7    70.7    70.7    70.7    70.7    70.7    70.7    72.7    74.6    76.6    78.6    80.5    82.5    84.5    86.4    88.4    90.4    92.3    94.3    96.2    98.2   100.2   102.1   104.1   106.1   108.0   110.0   112.0   113.9   115.9   117.9   119.8   121.8   123.8   125.7   127.7   129.6   131.6   133.6   135.5   137.5   139.5   141.4   143.4   145.4   147.3   149.3   151.2   153.2   155.2   157.1   159.1   161.1   163.0   165.0   167.0   168.9   170.9   172.9   174.8   176.8   178.8   180.7   182.7   184.6   186.6   188.6   190.5   192.5   194.5   196.4   198.4   200.4   202.3   204.3   206.2   208.2   210.2   212.1   214.1   216.1   218.0   220.0   222.0   223.9   225.9   227.9   229.8   231.8   233.8   235.7   237.7   239.6   241.6   243.6   245.5   247.5   249.5   251.4   253.4   255.4   257.3   259.3   261.2   263.2   265.2   267.1   269.1   271.1   273.0   275.0   277.0   278.9   280.9   282.9   284.8   286.8   288.8   290.7   292.7   294.6   296.6   298.6   300.5   302.5   304.5   306.4   308.4   310.4   312.3   314.3
 600.0     0.0     5.0    10.0    15.0    20.0    25.0    30.0    35.0    40.0    45.0    50.0    55.0    60.0    64.3    64.3    64.3    64.3    64.3    64.3    64.3    64.3    64.3    64.3    64.3    64.3    64.3    64.3    64.3    64.3    64.3    64.3    64.3    64.3    64.3    64.3    64.3    64.3    66.1    67.9    69.6    71.4    73.2    75.0    76.8    78.6    80.4    82.1    83.9    85.7    87.5    89.3    91.1    92.9    94.6    96.4    98.2   100.0   101.8   103.6   105.4   107.1   108.9   110.7   112.5   114.3   116.1   117.9   119.6   121.4   123.2   125.0   126.8   128.6   130.4   132.1   133.9   135.7   137.5   139.3   141.1   142.9   144.6   146.4   148.2   150.0   151.8   153.6   155.4   157.1   158.9   160.7   162.5   164.3   166.1   167.9   169.6   171.4   173.2   175.0   176.8   178.6   180.4   182.1   183.9   185.7   187.5   189.3   191.1   192.9   194.6   196.4   198.2   200.0   201.8   203.6   205.4   207.1   208.9   210.7   212.5   214.3   216.1   217.9   219.6   221.4   223.2   225.0   226.8   228.6   230.4   232.1   233.9   235.7   237.5   239.3   241.1   242.9   244.6   246.4   248.2   250.0   251.8   253.6   255.4   257.1   258.9   260.7   262.5   264.3   266.1   267.9   269.6   271.4   273.2   275.0   276.8   278.6   280.4   282.1   283.9   285.7
 612.0     0.0     5.0    10.0    15.0    20.0    25.0    30.0    35.0    40.0    45.0    50.0    55.0    57.9    57.9    57.9    57.9    57.9    57.9    57.9    57.9    57.9    57.9    57.9    57.9    57.9    57.9    57.9    57.9    57.9    57.9    57.9    57.9    57.9    57.9    57.9    57.9    57.9    59.5    61.1    62.7    64.3    65.9    67.5    69.1    70.7    72.3    73.9    75.5    77.1    78.8    80.4    82.0    83.6    85.2    86.8    88.4    90.0    91.6    93.2    94.8    96.4    98.0    99.6   101.2   102.9   104.5   106.1   107.7   109.3   110.9   112.5   114.1   115.7   117.3   118.9   120.5   122.1   123.8   125.4   127.0   128.6   130.2   131.8   133.4   135.0   136.6   138.2   139.8   141.4   143.0   144.6   146.2   147.9   149.5   151.1   152.7   154.3   155.9   157.5   159.1   160.7   162.3   163.9   165.5   167.1   168.8   170.4   172.0   173.6   175.2   176.8   178.4   180.0   181.6   183.2   184.8   186.4   188.0   189.6   191.2   192.9   194.5   196.1   197.7   199.3   200.9   202.5   204.1   205.7   207.3   208.9   210.5   212.1   213.8   215.4   217.0   218.6   220.2   221.8   223.4   225.0   226.6   228.2   229.8   231.4   233.0   234.6   236.2   237.9   239.5   241.1   242.7   244.3   245.9   247.5   249.1   250.7   252.3   253.9   255.5   257.1
 624.0     0.0     5.0    10.0    15.0    20.0    25.0    30.0    35.0    40.0    45.0    50.0    51.4    51.4    51.4    51.4    51.4    51.4    51.4    51.4    51.4    51.4    51.4    51.4    51.4    51.4    51.4    51.4    51.4    51.4    51.4    51.4    51.4    51.4    51.4    51.4    51.4    51.4    52.9    54.3    55.7    57.1    58.6    60.0    61.4    62.9    64.3    65.7    67.1    68.6    70.0    71.4    72.9    74.3    75.7    77.1    78.6    80.0    81.4    82.9    84.3    85.7    87.1    88.6    90.0    91.4    92.9    94.3    95.7    97.1    98.6   100.0   101.4   102.9   104.3   105.7   107.1   108.6   110.0   111.4   112.9   114.3   115.7   117.1   118.6   120.0   121.4   122.9   124.3   125.7   127.1   128.6   130.0   131.4   132.9   134.3   135.7   137.1   138.6   140.0   141.4   142.9   144.3   145.7   147.1   148.6   150.0   151.4   152.9   154.3   155.7   157.1   158.6   160.0   161.4   162.9   164.3   165.7   167.1   168.6   170.0   171.4   172.9   174.3   175.7   177.1   178.6   180.0   181.4   182.9   184.3   185.7   187.1   188.6   190.0   191.4   192.9   194.3   195.7   197.1   198.6   200.0   201.4   202.9   204.3   205.7   207.1   208.6   210.0   211.4   212.9   214.3   215.7   217.1   218.6   220.0   221.4   222.9   224.3   225.7   227.1   228.6
 636.0     0.0     5.0    10.0    15.0    20.0    25.0    30.0    35.0    40.0    45.0    45.0    45.0    45.0    45.0    45.0    45.0    45.0    45.0    45.0    45.0    45.0    45.0    45.0    45.0    45.0    45.0    45.0    45.0    45.0    45.0    45.0    45.0    45.0    45.0    45.0    45.0    45.0    46.2    47.5    48.8    50.0    51.2    52.5    53.8    55.0    56.2    57.5    58.8    60.0    61.2    62.5    63.8    65.0    66.2    67.5    68.8    70.0    71.2    72.5    73.8    75.0    76.2    77.5    78.8    80.0    81.2    82.5    83.8    85.0    86.2    87.5    88.8    90.0    91.2    92.5    93.8    95.0    96.2    97.5    98.8   100.0   101.2   102.5   103.8   105.0   106.2   107.5   108.8   110.0   111.2   112.5   113.8   115.0   116.2   117.5   118.8   120.0   121.2   122.5   123.8   125.0   126.2   127.5   128.8   130.0   131.2   132.5   133.8   135.0   136.2   137.5   138.8   140.0   141.2   142.5   143.8   145.0   146.2   147.5   148.8   150.0   151.2   152.5   153.8   155.0   156.2   157.5   158.8   160.0   161.2   162.5   163.8   165.0   166.2   167.5   168.8   170.0   171.2   172.5   173.8   175.0   176.2   177.5   178.8   180.0   181.2   182.5   183.8   185.0   186.2   187.5   188.8   190.0   191.2   192.5   193.8   195.0   196.2   197.5   198.8   200.0
 648.0     0.0     5.0    10.0    15.0    20.0    25.0    30.0    35.0    38.6    38.6    38.6    38.6    38.6    38.6    38.6    38.6    38.6    38.6    38.6    38.6    38.6    38.6    38.6    38.6    38.6    38.6    38.6    38.6    38.6    38.6    38.6    38.6    38.6    38.6    38.6    38.6    38.6    39.6    40.7    41.8    42.9    43.9    45.0    46.1    47.1    48.2    49.3    50.4    51.4    52.5    53.6    54.6    55.7    56.8    57.9    58.9    60.0    61.1    62.1    63.2    64.3    65.4    66.4    67.5    68.6    69.6    70.7    71.8    72.9    73.9    75.0    76.1    77.1    78.2    79.3    80.4    81.4    82.5    83.6    84.6    85.7    86.8    87.9    88.9    90.0    91.1    92.1    93.2    94.3    95.4    96.4    97.5    98.6    99.6   100.7   101.8   102.9   103.9   105.0   106.1   107.1   108.2   109.3   110.4   111.4   112.5   113.6   114.6   115.7   116.8   117.9   118.9   120.0   121.1   122.1   123.2   124.3   125.4   126.4   127.5   128.6   129.6   130.7   131.8   132.9   133.9   135.0   136.1   137.1   138.2   139.3   140.4   141.4   142.5   143.6   144.6   145.7   146.8   147.9   148.9   150.0   151.1   152.1   153.2   154.3   155.4   156.4   157.5   158.6   159.6   160.7   161.8   162.9   163.9   165.0   166.1   167.1   168.2   169.3   170.4   171.4
 660.0     0.0     5.0    10.0    15.0    20.0    25.0    30.0    32.1    32.1    32.1    32.1    32.1    32.1    32.1    32.1    32.1    32.1    32.1    32.1    32.1    32.1    32.1    32.1    32.1    32.1    32.1    32.1    32.1    32.1    32.1    32.1    32.1    32.1    32.1    32.1    32.1    32.1    33.0    33.9    34.8    35.7    36.6    37.5    38.4    39.3    40.2    41.1    42.0    42.9    43.8    44.6    45.5    46.4    47.3    48.2    49.1    50.0    50.9    51.8    52.7    53.6    54.5    55.4    56.2    57.1    58.0    58.9    59.8    60.7    61.6    62.5    63.4    64.3    65.2    66.1    67.0    67.9    68.8    69.6    70.5    71.4    72.3    73.2    74.1    75.0    75.9    76.8    77.7    78.6    79.5    80.4    81.2    82.1    83.0    83.9    84.8    85.7    86.6    87.5    88.4    89.3    90.2    91.1    92.0    92.9    93.8    94.6    95.5    96.4    97.3    98.2    99.1   100.0   100.9   101.8   102.7   103.6   104.5   105.4   106.2   107.1   108.0   108.9   109.8   110.7   111.6   112.5   113.4   114.3   115.2   116.1   117.0   117.9   118.8   119.6   120.5   121.4   122.3   123.2   124.1   125.0   125.9   126.8   127.7   128.6   129.5   130.4   131.2   132.1   133.0   133.9   134.8   135.7   136.6   137.5   138.4   139.3   140.2   141.1   142.0   142.9
 672.0     0.0     5.0    10.0    15.0    20.0    25.0    25.7    25.7    25.7    25.7    25.7    25.7    25.7    25.7    25.7    25.7    25.7    25.7    25.7    25.7    25.7    25.7    25.7    25.7    25.7    25.7    25.7    25.7    25.7    25.7    25.7    25.7    25.7    25.7    25.7    25.7    25.7    26.4    27.1    27.9    28.6    29.3    30.0    30.7    31.4    32.1    32.9    33.6    34.3    35.0    35.7    36.4    37.1    37.9    38.6    39.3    40.0    40.7    41.4    42.1    42.9    43.6    44.3    45.0    45.7    46.4    47.1    47.9    48.6    49.3    50.0    50.7    51.4    52.1    52.9    53.6    54.3    55.0    55.7    56.4    57.1    57.9    58.6    59.3    60.0    60.7    61.4    62.1    62.9    63.6    64.3    65.0    65.7    66.4    67.1    67.9    68.6    69.3    70.0    70.7    71.4    72.1    72.9    73.6    74.3    75.0    75.7    76.4    77.1    77.9    78.6    79.3    80.0    80.7    81.4    82.1    82.9    83.6    84.3    85.0    85.7    86.4    87.1    87.9    88.6    89.3    90.0    90.7    91.4    92.1    92.9    93.6    94.3    95.0    95.7    96.4    97.1    97.9    98.6    99.3   100.0   100.7   101.4   102.1   102.9   103.6   104.3   105.0   105.7   106.4   107.1   107.9   108.6   109.3   110.0   110.7   111.4   112.1   112.9   113.6   114.3
 684.0     0.0     5.0    10.0    15.0    19.3    19.3    19.3    19.3    19.3    19.3    19.3    19.3    19.3    19.3    19.3    19.3    19.3    19.3    19.3    19.3    19.3    19.3    19.3    19.3    19.3    19.3    19.3    19.3    19.3    19.3    19.3    19.3    19.3    19.3    19.3    19.3    19.3    19.8    20.4    20.9    21.4    22.0    22.5    23.0    23.6    24.1    24.6    25.2    25.7    26.2    26.8    27.3    27.9    28.4    28.9    29.5    30.0    30.5    31.1    31.6    32.1    32.7    33.2    33.8    34.3    34.8    35.4    35.9    36.4    37.0    37.5    38.0    38.6    39.1    39.6    40.2    40.7    41.2    41.8    42.3    42.9    43.4    43.9    44.5    45.0    45.5    46.1    46.6    47.1    47.7    48.2    48.8    49.3    49.8    50.4    50.9    51.4    52.0    52.5    53.0    53.6    54.1    54.6    55.2    55.7    56.2    56.8    57.3    57.9    58.4    58.9    59.5    60.0    60.5    61.1    61.6    62.1    62.7    63.2    63.8    64.3    64.8    65.4    65.9    66.4    67.0    67.5    68.0    68.6    69.1    69.6    70.2    70.7    71.2    71.8    72.3    72.9    73.4    73.9    74.5    75.0    75.5    76.1    76.6    77.1    77.7    78.2    78.8    79.3    79.8    80.4    80.9    81.4    82.0    82.5    83.0    83.6    84.1    84.6    85.2    85.7
 696.0     0.0     5.0    10.0    12.9    12.9    12.9    12.9    12.9    12.9    12.9    12.9    12.9    12.9    12.9    12.9    12.9    12.9    12.9    12.9    12.9    12.9    12.9    12.9    12.9    12.9    12.9    12.9    12.9    12.9    12.9    12.9    12.9    12.9    12.9    12.9    12.9    12.9    13.2    13.6    13.9    14.3    14.6    15.0    15.4    15.7    16.1    16.4    16.8    17.1    17.5    17.9    18.2    18.6    18.9    19.3    19.6    20.0    20.4    20.7    21.1    21.4    21.8    22.1    22.5    22.9    23.2    23.6    23.9    24.3    24.6    25.0    25.4    25.7    26.1    26.4    26.8    27.1    27.5    27.9    28.2    28.6    28.9    29.3    29.6    30.0    30.4    30.7    31.1    31.4    31.8    32.1    32.5    32.9    33.2    33.6    33.9    34.3    34.6    35.0    35.4    35.7    36.1    36.4    36.8    37.1    37.5    37.9    38.2    38.6    38.9    39.3    39.6    40.0    40.4    40.7    41.1    41.4    41.8    42.1    42.5    42.9    43.2    43.6    43.9    44.3    44.6    45.0    45.4    45.7    46.1    46.4    46.8    47.1    47.5    47.9    48.2    48.6    48.9    49.3    49.6    50.0    50.4    50.7    51.1    51.4    51.8    52.1    52.5    52.9    53.2    53.6    53.9    54.3    54.6    55.0    55.4    55.7    56.1    56.4    56.8    57.1
 708.0     0.0     5.0     6.4     6.4     6.4     6.4     6.4     6.4     6.4     6.4     6.4     6.4     6.4     6.4     6.4     6.4     6.4     6.4     6.4     6.4     6.4     6.4     6.4     6.4     6.4     6.4     6.4     6.4     6.4     6.4     6.4     6.4     6.4     6.4     6.4     6.4     6.4     6.6     6.8     7.0     7.1     7.3     7.5     7.7     7.9     8.0     8.2     8.4     8.6     8.8     8.9     9.1     9.3     9.5     9.6     9.8    10.0    10.2    10.4    10.5    10.7    10.9    11.1    11.2    11.4    11.6    11.8    12.0    12.1    12.3    12.5    12.7    12.9    13.0    13.2    13.4    13.6    13.8    13.9    14.1    14.3    14.5    14.6    14.8    15.0    15.2    15.4    15.5    15.7    15.9    16.1    16.2    16.4    16.6    16.8    17.0    17.1    17.3    17.5    17.7    17.9    18.0    18.2    18.4    18.6    18.8    18.9    19.1    19.3    19.5    19.6    19.8    20.0    20.2    20.4    20.5    20.7    20.9    21.1    21.2    21.4    21.6    21.8    22.0    22.1    22.3    22.5    22.7    22.9    23.0    23.2    23.4    23.6    23.8    23.9    24.1    24.3    24.5    24.6    24.8    25.0    25.2    25.4    25.5    25.7    25.9    26.1    26.2    26.4    26.6    26.8    27.0    27.1    27.3    27.5    27.7    27.9    28.0    28.2    28.4    28.6
 720.0     0.0     0.0     0.0     0.0     0.0     0.0     0.0     0.0     0.0     0.0     0.0     0.0     0.0     0.0     0.0     0.0     0.0     0.0     0.0     0.0     0.0     0.0     0.0     0.0     0.0     0.0     0.0     0.0     0.0     0.0     0.0     0.0     0.0     0.0     0.0     0.0     0.0     0.0     0.0     0.0     0.0     0.0     0.0     0.0     0.0     0.0     0.0     0.0     0.0     0.0     0.0     0.0     0.0     0.0     0.0     0.0     0.0     0.0     0.0     0.0     0.0     0.0     0.0     0.0     0.0     0.0     0.0     0.0     0.0     0.0     0.0     0.0     0.0     0.0     0.0     0.0     0.0     0.0     0.0     0.0     0.0     0.0     0.0     0.0     0.0     0.0     0.0     0.0     0.0     0.0     0.0     0.0     0.0     0.0     0.0     0.0     0.0     0.0     0.0     0.0     0.0     0.0     0.0     0.0     0.0     0.0     0.0     0.0     0.0     0.0     0.0     0.0     0.0     0.0     0.0     0.0     0.0     0.0     0.0     0.0     0.0     0.0     0.0     0.0     0.0     0.0     0.0     0.0     0.0     0.0     0.0     0.0     0.0     0.0     0.0     0.0     0.0     0.0     0.0     0.0     0.0     0.0     0.0     0.0     0.0     0.0     0.0     0.0     0.0     0.0     0.0     0.0     0.0     0.0     0.0     0.0     0.0     0.0     0.0     0.0     0.0
