* De conditionele overschrijdingskans van de zeewaterstand met statistische onzekerheid gegeven de windrichting
* voor een 12-uursperiode te Hoek van Holland, gelegen op locatie: 
* 67930, 445000
* 
* Het waterstandsbereik waarvoor de overschrijdingskansen zijn gegeven is het hoogwater 1991 tot 8.00 m + NAP
* met een stapgrootte van 0.1 m. De laatste stapgrootte kan afwijken om op 8.00 m uit te komen. Hierbij wordt
* een stapgrootte van mimimaal 6 en maximaal 15 cm gekozen.
* 
* Betreft zichtjaar 1985 (het jaar waarvoor de basispeilen zijn afgeleid); 
* zeespiegelstijging sinds 1985 moet apart in rekening worden gebracht.
*
* Door: G.W.F. Rongen van HKV lijn in water
* Project: PR3280.20.03
*
* m (m+NAP) 30              60              90              120             150             180             210             240             270             300             330             360
  1.11      1.000e+00       1.000e+00       1.000e+00       1.000e+00       1.000e+00       1.000e+00       1.000e+00       1.000e+00       1.000e+00       1.000e+00       1.000e+00       1.000e+00       
  1.21      5.964e-01       5.160e-01       4.668e-01       5.249e-01       5.177e-01       4.212e-01       4.123e-01       7.345e-01       9.577e-01       8.816e-01       7.746e-01       6.154e-01       
  1.31      3.628e-01       2.726e-01       2.236e-01       2.820e-01       2.744e-01       1.823e-01       1.748e-01       5.466e-01       9.190e-01       7.817e-01       6.066e-01       3.860e-01       
  1.41      2.098e-01       1.387e-01       1.041e-01       1.458e-01       1.401e-01       7.745e-02       7.383e-02       3.904e-01       8.395e-01       6.710e-01       4.680e-01       2.415e-01       
  1.51      7.551e-02       4.946e-02       3.686e-02       5.202e-02       4.995e-02       2.722e-02       3.021e-02       1.954e-01       5.116e-01       4.418e-01       3.193e-01       1.486e-01       
  1.61      2.598e-02       1.701e-02       1.268e-02       1.790e-02       1.718e-02       9.364e-03       1.238e-02       9.577e-02       3.045e-01       2.875e-01       2.173e-01       9.185e-02       
  1.71      8.895e-03       5.826e-03       4.342e-03       6.128e-03       5.884e-03       3.206e-03       5.089e-03       4.727e-02       1.825e-01       1.885e-01       1.487e-01       5.712e-02       
  1.81      3.033e-03       1.986e-03       1.480e-03       2.089e-03       2.006e-03       1.093e-03       2.100e-03       2.349e-02       1.100e-01       1.245e-01       1.024e-01       3.571e-02       
  1.91      1.030e-03       6.744e-04       5.026e-04       7.093e-04       6.811e-04       3.711e-04       8.699e-04       1.174e-02       6.673e-02       8.276e-02       7.088e-02       2.245e-02       
  2.01      3.482e-04       2.280e-04       1.700e-04       2.399e-04       2.303e-04       1.255e-04       3.614e-04       5.904e-03       4.070e-02       5.535e-02       4.930e-02       1.418e-02       
  2.11      1.173e-04       7.682e-05       5.726e-05       8.081e-05       7.759e-05       4.228e-05       1.506e-04       2.985e-03       2.495e-02       3.724e-02       3.446e-02       8.994e-03       
  2.21      3.937e-05       2.579e-05       1.922e-05       2.712e-05       2.604e-05       1.419e-05       6.296e-05       1.517e-03       1.537e-02       2.518e-02       2.419e-02       5.731e-03       
  2.31      1.317e-05       8.626e-06       6.429e-06       9.073e-06       8.712e-06       4.747e-06       2.639e-05       7.746e-04       9.508e-03       1.712e-02       1.705e-02       3.666e-03       
  2.41      4.391e-06       2.876e-06       2.143e-06       3.025e-06       2.905e-06       1.583e-06       1.109e-05       3.974e-04       5.909e-03       1.169e-02       1.206e-02       2.355e-03       
  2.51      1.459e-06       9.558e-07       7.124e-07       1.005e-06       9.653e-07       5.260e-07       4.671e-06       2.048e-04       3.687e-03       8.025e-03       8.567e-03       1.518e-03       
  2.61      4.835e-07       3.167e-07       2.360e-07       3.331e-07       3.198e-07       1.743e-07       1.973e-06       1.060e-04       2.310e-03       5.531e-03       6.106e-03       9.817e-04       
  2.71      1.597e-07       1.046e-07       7.796e-08       1.100e-07       1.056e-07       5.757e-08       8.350e-07       5.506e-05       1.453e-03       3.827e-03       4.367e-03       6.371e-04       
  2.81      5.261e-08       3.446e-08       2.568e-08       3.624e-08       3.480e-08       1.896e-08       3.542e-07       2.872e-05       9.168e-04       2.659e-03       3.133e-03       4.148e-04       
  2.91      1.726e-08       1.130e-08       8.425e-09       1.189e-08       1.142e-08       6.221e-09       1.504e-07       1.502e-05       5.802e-04       1.853e-03       2.253e-03       2.707e-04       
  3.01      5.631e-09       3.688e-09       2.749e-09       3.879e-09       3.725e-09       2.030e-09       6.373e-08       7.847e-06       3.668e-04       1.291e-03       1.620e-03       1.765e-04       
  3.11      1.876e-09       1.228e-09       9.156e-10       1.292e-09       1.241e-09       6.761e-10       2.748e-08       4.158e-06       2.343e-04       9.077e-04       1.173e-03       1.161e-04       
  3.21      6.268e-10       4.106e-10       3.060e-10       4.318e-10       4.146e-10       2.259e-10       1.191e-08       2.214e-06       1.502e-04       6.404e-04       8.521e-04       7.662e-05       
  3.31      2.102e-10       1.377e-10       1.026e-10       1.448e-10       1.390e-10       7.576e-11       5.191e-09       1.185e-06       9.665e-05       4.535e-04       6.209e-04       5.075e-05       
  3.41      7.070e-11       4.631e-11       3.451e-11       4.871e-11       4.677e-11       2.548e-11       2.272e-09       6.373e-07       6.243e-05       3.223e-04       4.538e-04       3.372e-05       
  3.51      2.383e-11       1.561e-11       1.163e-11       1.641e-11       1.576e-11       8.588e-12       9.977e-10       3.437e-07       4.040e-05       2.294e-04       3.321e-04       2.244e-05       
  3.61      8.023e-12       5.255e-12       3.916e-12       5.527e-12       5.307e-12       2.892e-12       4.382e-10       1.854e-07       2.614e-05       1.634e-04       2.430e-04       1.493e-05       
  3.71      2.754e-12       1.804e-12       1.344e-12       1.897e-12       1.822e-12       9.926e-13       1.955e-10       1.012e-07       1.705e-05       1.171e-04       1.788e-04       1.000e-05       
  3.81      9.668e-13       6.332e-13       4.719e-13       6.660e-13       6.395e-13       3.485e-13       8.863e-11       5.587e-08       1.120e-05       8.448e-05       1.323e-04       6.749e-06       
  3.91      3.429e-13       2.246e-13       1.674e-13       2.362e-13       2.268e-13       1.236e-13       4.052e-11       3.105e-08       7.394e-06       6.115e-05       9.816e-05       4.570e-06       
  4.01      1.226e-13       8.030e-14       5.985e-14       8.446e-14       8.110e-14       4.419e-14       1.865e-11       1.735e-08       4.897e-06       4.440e-05       7.302e-05       3.105e-06       
  4.11      4.416e-14       2.893e-14       2.156e-14       3.043e-14       2.922e-14       1.592e-14       8.640e-12       9.737e-09       3.253e-06       3.231e-05       5.442e-05       2.115e-06       
  4.21      1.602e-14       1.049e-14       7.820e-15       1.104e-14       1.060e-14       5.774e-15       4.024e-12       5.487e-09       2.166e-06       2.356e-05       4.061e-05       1.443e-06       
  4.31      5.851e-15       3.832e-15       2.856e-15       4.031e-15       3.870e-15       2.109e-15       1.886e-12       3.106e-09       1.446e-06       1.722e-05       3.037e-05       9.872e-07       
  4.41      2.160e-15       1.415e-15       1.054e-15       1.488e-15       1.429e-15       7.785e-16       8.921e-13       1.773e-09       9.711e-07       1.264e-05       2.280e-05       6.788e-07       
  4.51      8.117e-16       5.317e-16       3.963e-16       5.592e-16       5.370e-16       2.926e-16       4.283e-13       1.023e-09       6.569e-07       9.337e-06       1.721e-05       4.699e-07       
  4.61      3.119e-16       2.043e-16       1.522e-16       2.148e-16       2.063e-16       1.124e-16       2.089e-13       5.964e-10       4.473e-07       6.929e-06       1.304e-05       3.273e-07       
  4.71      1.221e-16       7.996e-17       5.960e-17       8.411e-17       8.076e-17       4.401e-17       1.031e-13       3.506e-10       3.061e-07       5.160e-06       9.911e-06       2.289e-07       
  4.81      4.842e-17       3.172e-17       2.364e-17       3.336e-17       3.203e-17       1.745e-17       5.136e-14       2.073e-10       2.102e-07       3.854e-06       7.551e-06       1.606e-07       
  4.91      1.939e-17       1.270e-17       9.466e-18       1.336e-17       1.283e-17       6.990e-18       2.576e-14       1.233e-10       1.448e-07       2.886e-06       5.765e-06       1.130e-07       
  5.01      7.830e-18       5.129e-18       3.823e-18       5.395e-18       5.180e-18       2.823e-18       1.301e-14       7.363e-11       1.001e-07       2.167e-06       4.412e-06       7.978e-08       
  5.11      3.187e-18       2.088e-18       1.556e-18       2.196e-18       2.108e-18       1.149e-18       6.611e-15       4.423e-11       6.948e-08       1.632e-06       3.386e-06       5.651e-08       
  5.21      1.308e-18       8.566e-19       6.385e-19       9.011e-19       8.652e-19       4.714e-19       3.385e-15       2.673e-11       4.845e-08       1.234e-06       2.608e-06       4.021e-08       
  5.31      5.416e-19       3.547e-19       2.644e-19       3.731e-19       3.583e-19       1.952e-19       1.748e-15       1.627e-11       3.396e-08       9.369e-07       2.016e-06       2.875e-08       
  5.41      2.267e-19       1.485e-19       1.107e-19       1.562e-19       1.500e-19       8.172e-20       9.117e-16       9.985e-12       2.394e-08       7.146e-07       1.565e-06       2.066e-08       
  5.51      9.615e-20       6.298e-20       4.694e-20       6.624e-20       6.361e-20       3.466e-20       4.810e-16       6.180e-12       1.697e-08       5.474e-07       1.219e-06       1.493e-08       
  5.61      4.139e-20       2.711e-20       2.021e-20       2.852e-20       2.738e-20       1.492e-20       2.567e-16       3.857e-12       1.209e-08       4.208e-07       9.527e-07       1.083e-08       
  5.71      1.810e-20       1.186e-20       8.836e-21       1.247e-20       1.197e-20       6.524e-21       1.385e-16       2.424e-12       8.654e-09       3.246e-07       7.468e-07       7.894e-09       
  5.81      8.032e-21       5.261e-21       3.921e-21       5.534e-21       5.313e-21       2.895e-21       7.541e-17       1.532e-12       6.217e-09       2.511e-07       5.869e-07       5.772e-09       
  5.91      3.610e-21       2.364e-21       1.762e-21       2.487e-21       2.388e-21       1.301e-21       4.138e-17       9.738e-13       4.481e-09       1.947e-07       4.623e-07       4.233e-09       
  6.01      1.639e-21       1.074e-21       8.002e-22       1.129e-21       1.084e-21       5.909e-22       2.286e-17       6.217e-13       3.239e-09       1.514e-07       3.649e-07       3.113e-09       
  6.11      7.507e-22       4.917e-22       3.664e-22       5.172e-22       4.966e-22       2.706e-22       1.270e-17       3.985e-13       2.348e-09       1.180e-07       2.886e-07       2.296e-09       
  6.21      3.462e-22       2.268e-22       1.690e-22       2.385e-22       2.290e-22       1.248e-22       7.091e-18       2.565e-13       1.707e-09       9.211e-08       2.287e-07       1.697e-09       
  6.31      1.607e-22       1.053e-22       7.845e-23       1.107e-22       1.063e-22       5.793e-23       3.979e-18       1.657e-13       1.244e-09       7.208e-08       1.816e-07       1.258e-09       
  6.41      7.503e-23       4.914e-23       3.663e-23       5.169e-23       4.963e-23       2.705e-23       2.243e-18       1.074e-13       9.094e-10       5.653e-08       1.445e-07       9.342e-10       
  6.51      3.523e-23       2.307e-23       1.720e-23       2.427e-23       2.330e-23       1.270e-23       1.270e-18       6.986e-14       6.662e-10       4.442e-08       1.151e-07       6.955e-10       
  6.61      1.663e-23       1.089e-23       8.117e-24       1.146e-23       1.100e-23       5.994e-24       7.222e-19       4.560e-14       4.892e-10       3.497e-08       9.192e-08       5.190e-10       
  6.71      7.889e-24       5.167e-24       3.851e-24       5.435e-24       5.219e-24       2.844e-24       4.124e-19       2.986e-14       3.601e-10       2.758e-08       7.350e-08       3.880e-10       
  6.81      3.762e-24       2.464e-24       1.836e-24       2.592e-24       2.488e-24       1.356e-24       2.364e-19       1.961e-14       2.656e-10       2.180e-08       5.887e-08       2.908e-10       
  6.91      1.802e-24       1.180e-24       8.798e-25       1.242e-24       1.192e-24       6.497e-25       1.361e-19       1.292e-14       1.964e-10       1.725e-08       4.722e-08       2.183e-10       
  7.01      8.676e-25       5.682e-25       4.235e-25       5.977e-25       5.739e-25       3.127e-25       7.861e-20       8.539e-15       1.455e-10       1.368e-08       3.794e-08       1.642e-10       
  7.11      4.195e-25       2.748e-25       2.048e-25       2.890e-25       2.775e-25       1.512e-25       4.558e-20       5.659e-15       1.080e-10       1.087e-08       3.053e-08       1.238e-10       
  7.21      2.037e-25       1.334e-25       9.946e-26       1.404e-25       1.348e-25       7.344e-26       2.652e-20       3.760e-15       8.033e-11       8.646e-09       2.460e-08       9.346e-11       
  7.31      9.937e-26       6.509e-26       4.851e-26       6.846e-26       6.573e-26       3.582e-26       1.549e-20       2.506e-15       5.987e-11       6.889e-09       1.985e-08       7.070e-11       
  7.41      4.867e-26       3.188e-26       2.376e-26       3.353e-26       3.219e-26       1.754e-26       9.074e-21       1.674e-15       4.471e-11       5.498e-09       1.604e-08       5.358e-11       
  7.51      2.393e-26       1.567e-26       1.168e-26       1.649e-26       1.583e-26       8.626e-27       5.333e-21       1.121e-15       3.345e-11       4.394e-09       1.298e-08       4.067e-11       
  7.61      1.181e-26       7.737e-27       5.766e-27       8.138e-27       7.814e-27       4.258e-27       3.145e-21       7.530e-16       2.507e-11       3.517e-09       1.052e-08       3.092e-11       
  7.71      5.853e-27       3.834e-27       2.857e-27       4.032e-27       3.872e-27       2.110e-27       1.860e-21       5.069e-16       1.882e-11       2.819e-09       8.530e-09       2.355e-11       
  7.81      2.911e-27       1.907e-27       1.421e-27       2.006e-27       1.926e-27       1.049e-27       1.103e-21       3.420e-16       1.415e-11       2.263e-09       6.928e-09       1.797e-11       
  7.91      1.453e-27       9.517e-28       7.093e-28       1.001e-27       9.612e-28       5.237e-28       6.566e-22       2.313e-16       1.066e-11       1.819e-09       5.633e-09       1.373e-11       
  8.00      7.798e-28       5.107e-28       3.807e-28       5.372e-28       5.158e-28       2.811e-28       4.125e-22       1.630e-16       8.275e-12       1.496e-09       4.681e-09       1.079e-11       