* De conditionele overschrijdingskans van de zeewaterstand zonder statistische onzekerheid gegeven de windrichting
* voor een 12-uursperiode te Hoek van Holland, gelegen op locatie: 
* 67930, 445000
* 
* Deze statistiek is afgeleid met dezelfde methode als gebruikt in 3280.20.03.
* De door Deltares op 10 november 2016 aangeleverde statistiek is gebruikt als bron.
*
* Het waterstandsbereik waarvoor de overschrijdingskansen zijn gegeven is het hoogwater 2017 tot 8.00 m + NAP
* met een stapgrootte van 0.1 m. De laatste stapgrootte kan afwijken om op 8.00 m uit te komen. Hierbij wordt
* een stapgrootte van minimaal 6 en maximaal 15 cm gekozen.
* 
* Door: G.W.F. Rongen van HKV lijn in water
* Project: PR3510.10
*
* m (m+NAP) 30              60              90              120             150             180             210             240             270             300             330             360
  1.21      1.000e+00       1.000e+00       1.000e+00       1.000e+00       1.000e+00       1.000e+00       1.000e+00       1.000e+00       1.000e+00       1.000e+00       1.000e+00       1.000e+00       
  1.31      6.056e-01       5.260e-01       4.769e-01       5.349e-01       5.277e-01       4.310e-01       4.214e-01       7.388e-01       9.519e-01       8.790e-01       7.769e-01       6.225e-01       
  1.41      3.668e-01       2.766e-01       2.274e-01       2.861e-01       2.785e-01       1.858e-01       1.776e-01       5.459e-01       9.061e-01       7.726e-01       6.035e-01       3.876e-01       
  1.51      2.222e-01       1.455e-01       1.084e-01       1.531e-01       1.470e-01       8.008e-02       7.485e-02       4.033e-01       8.625e-01       6.791e-01       4.689e-01       2.413e-01       
  1.61      7.676e-02       5.027e-02       3.747e-02       5.288e-02       5.077e-02       2.767e-02       3.056e-02       1.965e-01       5.109e-01       4.395e-01       3.176e-01       1.485e-01       
  1.71      2.640e-02       1.729e-02       1.289e-02       1.818e-02       1.746e-02       9.514e-03       1.253e-02       9.648e-02       3.047e-01       2.867e-01       2.165e-01       9.193e-02       
  1.81      9.037e-03       5.919e-03       4.411e-03       6.226e-03       5.978e-03       3.257e-03       5.155e-03       4.768e-02       1.829e-01       1.884e-01       1.485e-01       5.724e-02       
  1.91      3.081e-03       2.018e-03       1.504e-03       2.122e-03       2.038e-03       1.110e-03       2.129e-03       2.371e-02       1.105e-01       1.246e-01       1.024e-01       3.583e-02       
  2.01      1.046e-03       6.851e-04       5.106e-04       7.206e-04       6.919e-04       3.770e-04       8.819e-04       1.186e-02       6.709e-02       8.296e-02       7.095e-02       2.254e-02       
  2.11      3.538e-04       2.317e-04       1.727e-04       2.438e-04       2.340e-04       1.275e-04       3.665e-04       5.968e-03       4.096e-02       5.556e-02       4.941e-02       1.425e-02       
  2.21      1.192e-04       7.810e-05       5.821e-05       8.215e-05       7.888e-05       4.298e-05       1.527e-04       3.018e-03       2.513e-02       3.742e-02       3.456e-02       9.045e-03       
  2.31      4.004e-05       2.623e-05       1.955e-05       2.759e-05       2.649e-05       1.443e-05       6.384e-05       1.534e-03       1.549e-02       2.533e-02       2.428e-02       5.766e-03       
  2.41      1.340e-05       8.779e-06       6.543e-06       9.234e-06       8.866e-06       4.831e-06       2.675e-05       7.834e-04       9.592e-03       1.723e-02       1.713e-02       3.690e-03       
  2.51      4.472e-06       2.929e-06       2.183e-06       3.081e-06       2.958e-06       1.612e-06       1.124e-05       4.019e-04       5.964e-03       1.178e-02       1.212e-02       2.370e-03       
  2.61      1.487e-06       9.742e-07       7.260e-07       1.025e-06       9.839e-07       5.361e-07       4.735e-06       2.070e-04       3.723e-03       8.086e-03       8.615e-03       1.528e-03       
  2.71      4.932e-07       3.230e-07       2.408e-07       3.398e-07       3.263e-07       1.778e-07       1.999e-06       1.071e-04       2.333e-03       5.575e-03       6.142e-03       9.884e-04       
  2.81      1.631e-07       1.068e-07       7.961e-08       1.123e-07       1.079e-07       5.878e-08       8.457e-07       5.562e-05       1.467e-03       3.859e-03       4.394e-03       6.415e-04       
  2.91      5.377e-08       3.522e-08       2.625e-08       3.704e-08       3.557e-08       1.938e-08       3.586e-07       2.900e-05       9.262e-04       2.681e-03       3.153e-03       4.176e-04       
  3.01      1.768e-08       1.158e-08       8.632e-09       1.218e-08       1.170e-08       6.373e-09       1.524e-07       1.517e-05       5.865e-04       1.870e-03       2.269e-03       2.726e-04       
  3.11      5.799e-09       3.798e-09       2.831e-09       3.995e-09       3.836e-09       2.090e-09       6.488e-08       7.965e-06       3.726e-04       1.309e-03       1.638e-03       1.785e-04       
  3.21      1.897e-09       1.243e-09       9.261e-10       1.307e-09       1.255e-09       6.839e-10       2.768e-08       4.195e-06       2.375e-04       9.188e-04       1.185e-03       1.172e-04       
  3.31      6.191e-10       4.055e-10       3.022e-10       4.265e-10       4.096e-10       2.232e-10       1.183e-08       2.217e-06       1.518e-04       6.473e-04       8.600e-04       7.715e-05       
  3.41      2.016e-10       1.320e-10       9.840e-11       1.389e-10       1.333e-10       7.266e-11       5.066e-09       1.175e-06       9.729e-05       4.573e-04       6.256e-04       5.092e-05       
  3.51      6.547e-11       4.288e-11       3.196e-11       4.511e-11       4.331e-11       2.360e-11       2.173e-09       6.249e-07       6.254e-05       3.241e-04       4.563e-04       3.369e-05       
  3.61      2.122e-11       1.390e-11       1.036e-11       1.462e-11       1.404e-11       7.648e-12       9.336e-10       3.332e-07       4.030e-05       2.304e-04       3.335e-04       2.234e-05       
  3.71      6.861e-12       4.494e-12       3.349e-12       4.727e-12       4.538e-12       2.473e-12       4.018e-10       1.782e-07       2.604e-05       1.642e-04       2.443e-04       1.485e-05       
  3.81      2.214e-12       1.450e-12       1.081e-12       1.525e-12       1.464e-12       7.980e-13       1.732e-10       9.553e-08       1.687e-05       1.173e-04       1.794e-04       9.892e-06       
  3.91      7.128e-13       4.669e-13       3.480e-13       4.911e-13       4.715e-13       2.569e-13       7.477e-11       5.136e-08       1.095e-05       8.405e-05       1.320e-04       6.604e-06       
  4.01      2.290e-13       1.500e-13       1.118e-13       1.578e-13       1.515e-13       8.256e-14       3.233e-11       2.768e-08       7.128e-06       6.036e-05       9.733e-05       4.418e-06       
  4.11      7.345e-14       4.811e-14       3.586e-14       5.060e-14       4.859e-14       2.648e-14       1.400e-11       1.496e-08       4.649e-06       4.346e-05       7.190e-05       2.961e-06       
  4.21      2.351e-14       1.540e-14       1.148e-14       1.620e-14       1.555e-14       8.474e-15       6.071e-12       8.101e-09       3.039e-06       3.136e-05       5.322e-05       1.989e-06       
  4.31      7.510e-15       4.919e-15       3.666e-15       5.174e-15       4.968e-15       2.707e-15       2.636e-12       4.398e-09       1.991e-06       2.268e-05       3.947e-05       1.338e-06       
  4.41      2.395e-15       1.568e-15       1.169e-15       1.650e-15       1.584e-15       8.631e-16       1.146e-12       2.393e-09       1.307e-06       1.644e-05       2.932e-05       9.023e-07       
  4.51      7.621e-16       4.992e-16       3.720e-16       5.251e-16       5.042e-16       2.747e-16       4.992e-13       1.305e-09       8.598e-07       1.194e-05       2.182e-05       6.094e-07       
  4.61      2.421e-16       1.586e-16       1.182e-16       1.668e-16       1.602e-16       8.728e-17       2.176e-13       7.132e-10       5.667e-07       8.692e-06       1.627e-05       4.123e-07       
  4.71      7.679e-17       5.030e-17       3.749e-17       5.290e-17       5.080e-17       2.768e-17       9.501e-14       3.906e-10       3.742e-07       6.339e-06       1.215e-05       2.794e-07       
  4.81      2.431e-17       1.592e-17       1.187e-17       1.675e-17       1.608e-17       8.764e-18       4.153e-14       2.143e-10       2.476e-07       4.632e-06       9.087e-06       1.897e-07       
  4.91      7.684e-18       5.033e-18       3.751e-18       5.294e-18       5.083e-18       2.770e-18       1.817e-14       1.179e-10       1.641e-07       3.391e-06       6.807e-06       1.290e-07       
  5.01      2.425e-18       1.588e-18       1.184e-18       1.671e-18       1.604e-18       8.740e-19       7.962e-15       6.494e-11       1.089e-07       2.488e-06       5.107e-06       8.782e-08       
  5.11      7.639e-19       5.003e-19       3.729e-19       5.263e-19       5.053e-19       2.753e-19       3.492e-15       3.585e-11       7.246e-08       1.828e-06       3.838e-06       5.990e-08       
  5.21      2.403e-19       1.574e-19       1.173e-19       1.655e-19       1.589e-19       8.661e-20       1.534e-15       1.983e-11       4.827e-08       1.346e-06       2.888e-06       4.092e-08       
  5.31      7.545e-20       4.942e-20       3.683e-20       5.198e-20       4.991e-20       2.720e-20       6.742e-16       1.099e-11       3.221e-08       9.922e-07       2.176e-06       2.799e-08       
  5.41      2.366e-20       1.550e-20       1.155e-20       1.630e-20       1.565e-20       8.528e-21       2.967e-16       6.098e-12       2.153e-08       7.328e-07       1.642e-06       1.917e-08       
  5.51      7.407e-21       4.852e-21       3.616e-21       5.103e-21       4.900e-21       2.670e-21       1.307e-16       3.390e-12       1.441e-08       5.421e-07       1.241e-06       1.315e-08       
  5.61      2.316e-21       1.517e-21       1.130e-21       1.595e-21       1.532e-21       8.347e-22       5.766e-17       1.888e-12       9.663e-09       4.017e-07       9.389e-07       9.037e-09       
  5.71      7.229e-22       4.735e-22       3.529e-22       4.980e-22       4.782e-22       2.606e-22       2.546e-17       1.054e-12       6.488e-09       2.981e-07       7.114e-07       6.216e-09       
  5.81      2.253e-22       1.476e-22       1.100e-22       1.552e-22       1.491e-22       8.123e-23       1.125e-17       5.888e-13       4.363e-09       2.216e-07       5.396e-07       4.282e-09       
  5.91      7.014e-23       4.594e-23       3.424e-23       4.832e-23       4.640e-23       2.528e-23       4.977e-18       3.296e-13       2.938e-09       1.649e-07       4.099e-07       2.953e-09       
  6.01      2.180e-23       1.428e-23       1.064e-23       1.502e-23       1.442e-23       7.859e-24       2.204e-18       1.848e-13       1.981e-09       1.229e-07       3.117e-07       2.039e-09       
  6.11      6.768e-24       4.433e-24       3.304e-24       4.663e-24       4.477e-24       2.440e-24       9.767e-19       1.037e-13       1.338e-09       9.178e-08       2.373e-07       1.410e-09       
  6.21      2.098e-24       1.374e-24       1.024e-24       1.446e-24       1.388e-24       7.563e-25       4.333e-19       5.834e-14       9.048e-10       6.861e-08       1.809e-07       9.761e-10       
  6.31      6.496e-25       4.255e-25       3.171e-25       4.475e-25       4.297e-25       2.341e-25       1.924e-19       3.285e-14       6.126e-10       5.136e-08       1.380e-07       6.765e-10       
  6.41      2.008e-25       1.315e-25       9.804e-26       1.384e-25       1.329e-25       7.240e-26       8.552e-20       1.853e-14       4.154e-10       3.850e-08       1.055e-07       4.694e-10       
  6.51      6.202e-26       4.062e-26       3.027e-26       4.273e-26       4.103e-26       2.235e-26       3.804e-20       1.047e-14       2.820e-10       2.889e-08       8.065e-08       3.261e-10       
  6.61      1.913e-26       1.253e-26       9.337e-27       1.318e-26       1.265e-26       6.894e-27       1.694e-20       5.919e-15       1.917e-10       2.171e-08       6.175e-08       2.268e-10       
  6.71      5.891e-27       3.859e-27       2.876e-27       4.059e-27       3.897e-27       2.123e-27       7.548e-21       3.353e-15       1.304e-10       1.634e-08       4.733e-08       1.579e-10       
  6.81      1.812e-27       1.187e-27       8.847e-28       1.249e-27       1.199e-27       6.532e-28       3.366e-21       1.902e-15       8.888e-11       1.231e-08       3.631e-08       1.100e-10       
  6.91      5.568e-28       3.647e-28       2.718e-28       3.836e-28       3.683e-28       2.007e-28       1.503e-21       1.080e-15       6.063e-11       9.285e-09       2.789e-08       7.678e-11       
  7.01      1.709e-28       1.119e-28       8.342e-29       1.177e-28       1.130e-28       6.160e-29       6.713e-22       6.141e-16       4.141e-11       7.012e-09       2.144e-08       5.363e-11       
  7.11      5.238e-29       3.431e-29       2.557e-29       3.609e-29       3.465e-29       1.888e-29       3.001e-22       3.497e-16       2.831e-11       5.301e-09       1.650e-08       3.749e-11       
  7.21      1.604e-29       1.050e-29       7.829e-30       1.105e-29       1.061e-29       5.781e-30       1.343e-22       1.994e-16       1.938e-11       4.013e-09       1.271e-08       2.624e-11       
  7.31      4.904e-30       3.212e-30       2.394e-30       3.379e-30       3.244e-30       1.768e-30       6.013e-23       1.138e-16       1.328e-11       3.041e-09       9.797e-09       1.838e-11       
  7.41      1.498e-30       9.812e-31       7.313e-31       1.032e-30       9.910e-31       5.400e-31       2.695e-23       6.504e-17       9.112e-12       2.307e-09       7.561e-09       1.289e-11       
  7.51      4.571e-31       2.994e-31       2.231e-31       3.149e-31       3.024e-31       1.648e-31       1.209e-23       3.722e-17       6.258e-12       1.752e-09       5.840e-09       9.049e-12       
  7.61      1.393e-31       9.125e-32       6.801e-32       9.598e-32       9.216e-32       5.022e-32       5.425e-24       2.132e-17       4.302e-12       1.332e-09       4.515e-09       6.357e-12       
  7.71      4.241e-32       2.778e-32       2.071e-32       2.922e-32       2.806e-32       1.529e-32       2.437e-24       1.223e-17       2.961e-12       1.014e-09       3.494e-09       4.471e-12       
  7.81      1.290e-32       8.449e-33       6.297e-33       8.887e-33       8.533e-33       4.650e-33       1.095e-24       7.024e-18       2.040e-12       7.722e-10       2.706e-09       3.147e-12       
  7.91      3.919e-33       2.567e-33       1.913e-33       2.700e-33       2.592e-33       1.412e-33       4.926e-25       4.038e-18       1.407e-12       5.888e-10       2.097e-09       2.217e-12       
  8.00      1.340e-33       8.776e-34       6.541e-34       9.231e-34       8.863e-34       4.830e-34       2.402e-25       2.456e-18       1.008e-12       4.618e-10       1.669e-09       1.619e-12       