* De conditionele overschrijdingskans van de zeewaterstand gegeven de windrichting
* voor een 12-uursperiode te Hoek van Holland, gelegen op locatie: 
* 67930, 445000 
*
* De getallen zijn afkomstig uit het spreadsheet Afleiding_zeewaterstandstatistiek.xls,               
* tabblad OvKans_Zeewaterstand.
* Speadsheet gemaakt door Matthijs Duits van HKV lijn in water op 29 april 2013
*
* De parameters voor de Weibullverdelingen (geldig voor een winterhalfjaar), die de basis vormen van 
* onderstaande conditionele overschrijdingskansen, zijn ontleend aan:
* Hydra-K, versie 3.6.5. Bestand: Hvl.e30
*
* Onderstaand is m de zeewaterstand en r de windrichting
*
*m \ r   30            60            90            120           150           180           210           240           270           300           330           360
1.18     1.000E+00     1.000E+00     1.000E+00     1.000E+00     1.000E+00     1.000E+00     1.000E+00     1.000E+00     1.000E+00     1.000E+00     1.000E+00     1.000E+00
1.28     5.258E-01     4.889E-01     5.024E-01     5.517E-01     5.126E-01     4.578E-01     4.635E-01     7.807E-01     9.501E-01     8.701E-01     7.010E-01     5.420E-01
1.38     2.765E-01     2.390E-01     2.524E-01     3.044E-01     2.628E-01     2.096E-01     2.149E-01     6.095E-01     9.027E-01     7.571E-01     4.914E-01     2.938E-01
1.48     1.454E-01     1.169E-01     1.268E-01     1.679E-01     1.347E-01     9.595E-02     9.960E-02     4.759E-01     8.576E-01     6.588E-01     3.444E-01     1.592E-01
1.58     5.022E-02     4.038E-02     4.380E-02     5.801E-02     4.655E-02     3.315E-02     4.067E-02     2.319E-01     5.080E-01     4.263E-01     2.333E-01     9.799E-02
1.68     1.727E-02     1.389E-02     1.506E-02     1.995E-02     1.601E-02     1.140E-02     1.667E-02     1.138E-01     3.030E-01     2.781E-01     1.591E-01     6.067E-02
1.78     5.913E-03     4.754E-03     5.157E-03     6.830E-03     5.480E-03     3.903E-03     6.860E-03     5.626E-02     1.819E-01     1.827E-01     1.091E-01     3.778E-02
1.88     2.016E-03     1.621E-03     1.758E-03     2.328E-03     1.868E-03     1.331E-03     2.833E-03     2.798E-02     1.099E-01     1.209E-01     7.521E-02     2.365E-02
1.98     6.844E-04     5.503E-04     5.970E-04     7.906E-04     6.343E-04     4.518E-04     1.174E-03     1.400E-02     6.672E-02     8.048E-02     5.212E-02     1.488E-02
2.08     2.315E-04     1.861E-04     2.019E-04     2.674E-04     2.146E-04     1.528E-04     4.877E-04     7.042E-03     4.073E-02     5.390E-02     3.630E-02     9.404E-03
2.18     7.802E-05     6.273E-05     6.805E-05     9.012E-05     7.231E-05     5.150E-05     2.033E-04     3.561E-03     2.499E-02     3.630E-02     2.539E-02     5.970E-03
2.28     2.620E-05     2.107E-05     2.285E-05     3.027E-05     2.428E-05     1.730E-05     8.496E-05     1.810E-03     1.540E-02     2.457E-02     1.784E-02     3.805E-03
2.38     8.770E-06     7.051E-06     7.649E-06     1.013E-05     8.128E-06     5.789E-06     3.560E-05     9.244E-04     9.538E-03     1.672E-02     1.258E-02     2.435E-03
2.48     2.926E-06     2.353E-06     2.552E-06     3.380E-06     2.712E-06     1.931E-06     1.496E-05     4.742E-04     5.931E-03     1.143E-02     8.907E-03     1.564E-03
2.58     9.731E-07     7.824E-07     8.488E-07     1.124E-06     9.019E-07     6.424E-07     6.301E-06     2.443E-04     3.702E-03     7.845E-03     6.329E-03     1.009E-03
2.68     3.227E-07     2.595E-07     2.815E-07     3.728E-07     2.991E-07     2.130E-07     2.660E-06     1.264E-04     2.320E-03     5.408E-03     4.512E-03     6.524E-04
2.78     1.067E-07     8.579E-08     9.307E-08     1.233E-07     9.889E-08     7.044E-08     1.125E-06     6.563E-05     1.459E-03     3.744E-03     3.228E-03     4.233E-04
2.88     3.518E-08     2.829E-08     3.069E-08     4.064E-08     3.261E-08     2.322E-08     4.772E-07     3.421E-05     9.210E-04     2.601E-03     2.316E-03     2.756E-04
2.98     1.157E-08     9.302E-09     1.009E-08     1.336E-08     1.072E-08     7.637E-09     2.028E-07     1.790E-05     5.833E-04     1.814E-03     1.667E-03     1.799E-04
3.08     3.794E-09     3.051E-09     3.310E-09     4.383E-09     3.517E-09     2.505E-09     8.634E-08     9.398E-06     3.706E-04     1.270E-03     1.203E-03     1.178E-04
3.18     1.241E-09     9.981E-10     1.083E-09     1.434E-09     1.150E-09     8.194E-10     3.683E-08     4.950E-06     2.361E-04     8.914E-04     8.707E-04     7.735E-05
3.28     4.051E-10     3.257E-10     3.533E-10     4.679E-10     3.755E-10     2.674E-10     1.574E-08     2.616E-06     1.509E-04     6.279E-04     6.318E-04     5.092E-05
3.38     1.319E-10     1.060E-10     1.150E-10     1.523E-10     1.222E-10     8.706E-11     6.741E-09     1.387E-06     9.675E-05     4.437E-04     4.596E-04     3.361E-05
3.48     4.284E-11     3.444E-11     3.736E-11     4.948E-11     3.970E-11     2.828E-11     2.891E-09     7.373E-07     6.219E-05     3.144E-04     3.352E-04     2.223E-05
3.58     1.388E-11     1.116E-11     1.211E-11     1.604E-11     1.287E-11     9.164E-12     1.242E-09     3.932E-07     4.008E-05     2.235E-04     2.450E-04     1.474E-05
3.68     4.489E-12     3.609E-12     3.915E-12     5.185E-12     4.161E-12     2.963E-12     5.347E-10     2.102E-07     2.590E-05     1.593E-04     1.795E-04     9.800E-06
3.78     1.448E-12     1.165E-12     1.263E-12     1.673E-12     1.342E-12     9.562E-13     2.305E-10     1.127E-07     1.677E-05     1.138E-04     1.318E-04     6.529E-06
3.88     4.664E-13     3.750E-13     4.068E-13     5.387E-13     4.323E-13     3.079E-13     9.950E-11     6.060E-08     1.089E-05     8.154E-05     9.698E-05     4.358E-06
3.98     1.499E-13     1.205E-13     1.307E-13     1.731E-13     1.389E-13     9.893E-14     4.302E-11     3.266E-08     7.088E-06     5.856E-05     7.150E-05     2.916E-06
4.08     4.806E-14     3.864E-14     4.192E-14     5.551E-14     4.454E-14     3.173E-14     1.863E-11     1.765E-08     4.623E-06     4.216E-05     5.282E-05     1.954E-06
4.18     1.538E-14     1.237E-14     1.342E-14     1.777E-14     1.426E-14     1.015E-14     8.079E-12     9.558E-09     3.022E-06     3.042E-05     3.910E-05     1.313E-06
4.28     4.914E-15     3.951E-15     4.286E-15     5.676E-15     4.554E-15     3.244E-15     3.508E-12     5.189E-09     1.980E-06     2.200E-05     2.899E-05     8.833E-07
4.38     1.567E-15     1.260E-15     1.367E-15     1.810E-15     1.452E-15     1.034E-15     1.526E-12     2.823E-09     1.300E-06     1.595E-05     2.154E-05     5.955E-07
4.48     4.987E-16     4.009E-16     4.349E-16     5.760E-16     4.622E-16     3.292E-16     6.643E-13     1.540E-09     8.550E-07     1.158E-05     1.603E-05     4.022E-07
4.58     1.584E-16     1.274E-16     1.382E-16     1.830E-16     1.468E-16     1.046E-16     2.896E-13     8.415E-10     5.635E-07     8.432E-06     1.195E-05     2.721E-07
4.68     5.024E-17     4.040E-17     4.382E-17     5.804E-17     4.657E-17     3.317E-17     1.264E-13     4.609E-10     3.721E-07     6.150E-06     8.925E-06     1.844E-07
4.78     1.591E-17     1.279E-17     1.387E-17     1.838E-17     1.474E-17     1.050E-17     5.526E-14     2.529E-10     2.462E-07     4.494E-06     6.675E-06     1.252E-07
4.88     5.028E-18     4.043E-18     4.385E-18     5.808E-18     4.660E-18     3.319E-18     2.418E-14     1.391E-10     1.632E-07     3.290E-06     5.001E-06     8.511E-08
4.98     1.587E-18     1.276E-18     1.384E-18     1.833E-18     1.470E-18     1.047E-18     1.060E-14     7.663E-11     1.083E-07     2.413E-06     3.752E-06     5.796E-08
5.08     4.998E-19     4.019E-19     4.359E-19     5.773E-19     4.632E-19     3.299E-19     4.648E-15     4.230E-11     7.205E-08     1.773E-06     2.819E-06     3.953E-08
5.18     1.572E-19     1.264E-19     1.371E-19     1.816E-19     1.457E-19     1.038E-19     2.041E-15     2.339E-11     4.800E-08     1.305E-06     2.121E-06     2.700E-08
5.28     4.937E-20     3.970E-20     4.306E-20     5.703E-20     4.576E-20     3.259E-20     8.973E-16     1.296E-11     3.203E-08     9.625E-07     1.599E-06     1.847E-08
5.38     1.548E-20     1.245E-20     1.350E-20     1.788E-20     1.435E-20     1.022E-20     3.949E-16     7.195E-12     2.141E-08     7.109E-07     1.206E-06     1.266E-08
5.48     4.847E-21     3.897E-21     4.227E-21     5.599E-21     4.492E-21     3.199E-21     1.740E-16     4.001E-12     1.433E-08     5.259E-07     9.116E-07     8.682E-09
5.58     1.515E-21     1.218E-21     1.322E-21     1.750E-21     1.404E-21     1.000E-21     7.673E-17     2.228E-12     9.609E-09     3.897E-07     6.898E-07     5.964E-09
5.68     4.730E-22     3.803E-22     4.126E-22     5.464E-22     4.384E-22     3.122E-22     3.388E-17     1.243E-12     6.452E-09     2.892E-07     5.226E-07     4.103E-09
5.78     1.474E-22     1.185E-22     1.286E-22     1.703E-22     1.366E-22     9.733E-23     1.497E-17     6.947E-13     4.339E-09     2.150E-07     3.964E-07     2.826E-09
5.88     4.589E-23     3.690E-23     4.003E-23     5.301E-23     4.254E-23     3.030E-23     6.623E-18     3.889E-13     2.922E-09     1.600E-07     3.011E-07     1.949E-09
5.98     1.427E-23     1.147E-23     1.244E-23     1.648E-23     1.322E-23     9.418E-24     2.933E-18     2.180E-13     1.970E-09     1.193E-07     2.290E-07     1.346E-09
6.08     4.429E-24     3.561E-24     3.863E-24     5.116E-24     4.104E-24     2.923E-24     1.300E-18     1.224E-13     1.331E-09     8.904E-08     1.743E-07     9.306E-10
6.18     1.373E-24     1.104E-24     1.197E-24     1.586E-24     1.272E-24     9.063E-25     5.766E-19     6.883E-14     8.997E-10     6.656E-08     1.329E-07     6.442E-10
6.28     4.250E-25     3.417E-25     3.707E-25     4.910E-25     3.939E-25     2.806E-25     2.561E-19     3.877E-14     6.092E-10     4.983E-08     1.014E-07     4.465E-10
6.38     1.314E-25     1.057E-25     1.146E-25     1.518E-25     1.218E-25     8.675E-26     1.138E-19     2.186E-14     4.131E-10     3.735E-08     7.747E-08     3.098E-10
6.48     4.058E-26     3.263E-26     3.539E-26     4.687E-26     3.761E-26     2.679E-26     5.063E-20     1.235E-14     2.804E-10     2.803E-08     5.925E-08     2.152E-10
6.58     1.251E-26     1.006E-26     1.092E-26     1.446E-26     1.160E-26     8.261E-27     2.254E-20     6.985E-15     1.906E-10     2.107E-08     4.536E-08     1.497E-10
6.68     3.855E-27     3.099E-27     3.362E-27     4.452E-27     3.572E-27     2.544E-27     1.004E-20     3.956E-15     1.297E-10     1.585E-08     3.477E-08     1.042E-10