* De conditionele overschrijdingskans van de zeewaterstand zonder statistische onzekerheid gegeven de windrichting
* voor een 12-uursperiode te Lauwersoog, gelegen op locatie: 
* 208850, 602790
* 
* Deze statistiek is afgeleid met dezelfde methode als gebruikt in 3280.20.03.
* De door Deltares op 10 november 2016 aangeleverde statistiek is gebruikt als bron.
*
* Het waterstandsbereik waarvoor de overschrijdingskansen zijn gegeven is het hoogwater 2017 tot 8.00 m + NAP
* met een stapgrootte van 0.1 m. De laatste stapgrootte kan afwijken om op 8.00 m uit te komen. Hierbij wordt
* een stapgrootte van minimaal 6 en maximaal 15 cm gekozen.
* 
* Door: G.W.F. Rongen van HKV lijn in water
* Project: PR3510.10
*
* m (m+NAP) 30              60              90              120             150             180             210             240             270             300             330             360
  1.10      1.000e+00       1.000e+00       1.000e+00       1.000e+00       1.000e+00       1.000e+00       1.000e+00       1.000e+00       1.000e+00       1.000e+00       1.000e+00       1.000e+00       
  1.20      1.000e+00       1.000e+00       1.000e+00       1.000e+00       1.000e+00       1.000e+00       9.864e-01       4.956e-01       6.259e-01       6.878e-01       6.232e-01       5.514e-01       
  1.30      1.000e+00       1.000e+00       1.000e+00       1.000e+00       1.000e+00       1.000e+00       9.729e-01       2.456e-01       3.917e-01       4.731e-01       3.884e-01       3.041e-01       
  1.40      1.000e+00       1.000e+00       1.000e+00       1.000e+00       1.000e+00       1.000e+00       9.597e-01       1.217e-01       2.451e-01       3.254e-01       2.421e-01       1.677e-01       
  1.50      1.000e+00       1.000e+00       1.000e+00       1.000e+00       1.000e+00       1.000e+00       3.125e-01       8.688e-02       2.074e-01       2.807e-01       2.081e-01       1.167e-01       
  1.60      1.000e+00       1.000e+00       1.000e+00       1.000e+00       1.000e+00       1.000e+00       1.004e-01       6.138e-02       1.737e-01       2.399e-01       1.772e-01       8.041e-02       
  1.70      1.000e+00       1.000e+00       1.000e+00       1.000e+00       1.000e+00       1.000e+00       3.190e-02       4.293e-02       1.442e-01       2.031e-01       1.495e-01       5.493e-02       
  1.80      5.635e-01       3.691e-01       2.751e-01       3.882e-01       3.727e-01       2.031e-01       1.001e-02       2.974e-02       1.185e-01       1.703e-01       1.250e-01       3.720e-02       
  1.90      5.450e-02       3.570e-02       2.660e-02       3.755e-02       3.605e-02       1.964e-02       3.108e-03       2.041e-02       9.647e-02       1.416e-01       1.036e-01       2.498e-02       
  2.00      4.913e-03       3.218e-03       2.399e-03       3.385e-03       3.250e-03       1.771e-03       9.547e-04       1.388e-02       7.782e-02       1.166e-01       8.511e-02       1.664e-02       
  2.10      4.136e-04       2.709e-04       2.019e-04       2.849e-04       2.736e-04       1.491e-04       2.903e-04       9.354e-03       6.219e-02       9.510e-02       6.929e-02       1.100e-02       
  2.20      3.255e-05       2.132e-05       1.589e-05       2.242e-05       2.153e-05       1.173e-05       8.742e-05       6.251e-03       4.925e-02       7.688e-02       5.591e-02       7.213e-03       
  2.30      2.398e-06       1.571e-06       1.171e-06       1.652e-06       1.586e-06       8.644e-07       2.608e-05       4.143e-03       3.864e-02       6.159e-02       4.472e-02       4.696e-03       
  2.40      1.656e-07       1.085e-07       8.086e-08       1.141e-07       1.096e-07       5.971e-08       7.710e-06       2.723e-03       3.005e-02       4.889e-02       3.545e-02       3.036e-03       
  2.50      1.074e-08       7.034e-09       5.242e-09       7.399e-09       7.104e-09       3.871e-09       2.260e-06       1.776e-03       2.316e-02       3.846e-02       2.787e-02       1.949e-03       
  2.60      6.542e-10       4.285e-10       3.194e-10       4.507e-10       4.328e-10       2.358e-10       6.568e-07       1.149e-03       1.769e-02       2.998e-02       2.171e-02       1.242e-03       
  2.70      3.749e-11       2.456e-11       1.830e-11       2.583e-11       2.480e-11       1.351e-11       1.893e-07       7.379e-04       1.339e-02       2.317e-02       1.677e-02       7.868e-04       
  2.80      2.023e-12       1.325e-12       9.875e-13       1.394e-12       1.338e-12       7.292e-13       5.415e-08       4.703e-04       1.005e-02       1.774e-02       1.285e-02       4.951e-04       
  2.90      1.029e-13       6.739e-14       5.022e-14       7.088e-14       6.806e-14       3.708e-14       1.537e-08       2.976e-04       7.472e-03       1.346e-02       9.757e-03       3.096e-04       
  3.00      4.936e-15       3.233e-15       2.410e-15       3.401e-15       3.265e-15       1.779e-15       4.330e-09       1.869e-04       5.510e-03       1.012e-02       7.347e-03       1.923e-04       
  3.10      2.236e-16       1.465e-16       1.092e-16       1.540e-16       1.479e-16       8.060e-17       1.211e-09       1.166e-04       4.027e-03       7.547e-03       5.485e-03       1.188e-04       
  3.20      9.572e-18       6.269e-18       4.673e-18       6.594e-18       6.332e-18       3.450e-18       3.364e-10       7.223e-05       2.919e-03       5.577e-03       4.061e-03       7.293e-05       
  3.30      3.875e-19       2.538e-19       1.892e-19       2.670e-19       2.563e-19       1.397e-19       9.279e-11       4.444e-05       2.097e-03       4.084e-03       2.981e-03       4.451e-05       
  3.40      1.485e-20       9.725e-21       7.248e-21       1.023e-20       9.822e-21       5.352e-21       2.543e-11       2.716e-05       1.494e-03       2.965e-03       2.170e-03       2.701e-05       
  3.50      5.388e-22       3.529e-22       2.630e-22       3.712e-22       3.564e-22       1.942e-22       6.922e-12       1.649e-05       1.055e-03       2.133e-03       1.567e-03       1.630e-05       
  3.60      1.853e-23       1.214e-23       9.046e-24       1.277e-23       1.226e-23       6.680e-24       1.872e-12       9.947e-06       7.389e-04       1.522e-03       1.122e-03       9.782e-06       
  3.70      6.044e-25       3.959e-25       2.951e-25       4.164e-25       3.998e-25       2.179e-25       5.034e-13       5.962e-06       5.132e-04       1.076e-03       7.966e-04       5.839e-06       
  3.80      1.871e-26       1.226e-26       9.134e-27       1.289e-26       1.238e-26       6.744e-27       1.345e-13       3.551e-06       3.534e-04       7.540e-04       5.610e-04       3.466e-06       
  3.90      5.500e-28       3.602e-28       2.685e-28       3.789e-28       3.638e-28       1.982e-28       3.573e-14       2.102e-06       2.414e-04       5.239e-04       3.918e-04       2.047e-06       
  4.00      1.536e-29       1.006e-29       7.498e-30       1.058e-29       1.016e-29       5.537e-30       9.436e-15       1.237e-06       1.635e-04       3.608e-04       2.714e-04       1.203e-06       
  4.10      4.078e-31       2.671e-31       1.991e-31       2.810e-31       2.698e-31       1.470e-31       2.478e-15       7.234e-07       1.098e-04       2.463e-04       1.865e-04       7.031e-07       
  4.20      1.030e-32       6.746e-33       5.028e-33       7.096e-33       6.813e-33       3.713e-33       6.471e-16       4.206e-07       7.315e-05       1.667e-04       1.271e-04       4.089e-07       
  4.30      2.476e-34       1.622e-34       1.209e-34       1.706e-34       1.638e-34       8.924e-35       1.680e-16       2.431e-07       4.833e-05       1.119e-04       8.591e-05       2.367e-07       
  4.40      5.666e-36       3.711e-36       2.766e-36       3.904e-36       3.748e-36       2.042e-36       4.341e-17       1.397e-07       3.167e-05       7.444e-05       5.760e-05       1.363e-07       
  4.50      1.235e-37       8.091e-38       6.031e-38       8.511e-38       8.172e-38       4.453e-38       1.116e-17       7.982e-08       2.059e-05       4.909e-05       3.831e-05       7.813e-08       
  4.60      2.567e-39       1.681e-39       1.253e-39       1.769e-39       1.698e-39       9.254e-40       2.852e-18       4.535e-08       1.327e-05       3.210e-05       2.528e-05       4.457e-08       
  4.70      5.087e-41       3.332e-41       2.483e-41       3.505e-41       3.365e-41       1.834e-41       7.254e-19       2.562e-08       8.488e-06       2.081e-05       1.654e-05       2.531e-08       
  4.80      9.617e-43       6.299e-43       4.695e-43       6.626e-43       6.362e-43       3.467e-43       1.836e-19       1.440e-08       5.384e-06       1.338e-05       1.074e-05       1.431e-08       
  4.90      1.735e-44       1.136e-44       8.470e-45       1.195e-44       1.148e-44       6.254e-45       4.625e-20       8.046e-09       3.388e-06       8.524e-06       6.917e-06       8.049e-09       
  5.00      2.989e-46       1.958e-46       1.459e-46       2.059e-46       1.977e-46       1.077e-46       1.159e-20       4.473e-09       2.115e-06       5.386e-06       4.420e-06       4.509e-09       
  5.10      4.919e-48       3.222e-48       2.401e-48       3.389e-48       3.254e-48       1.773e-48       2.892e-21       2.473e-09       1.310e-06       3.374e-06       2.801e-06       2.514e-09       
  5.20      7.734e-50       5.066e-50       3.775e-50       5.328e-50       5.116e-50       2.788e-50       7.182e-22       1.360e-09       8.047e-07       2.096e-06       1.762e-06       1.396e-09       
  5.30      1.163e-51       7.614e-52       5.675e-52       8.009e-52       7.690e-52       4.190e-52       1.775e-22       7.442e-10       4.905e-07       1.291e-06       1.099e-06       7.718e-10       
  5.40      1.671e-53       1.095e-53       8.158e-54       1.151e-53       1.105e-53       6.024e-54       4.369e-23       4.051e-10       2.966e-07       7.881e-07       6.802e-07       4.248e-10       
  5.50      2.298e-55       1.505e-55       1.122e-55       1.583e-55       1.520e-55       8.284e-56       1.070e-23       2.194e-10       1.779e-07       4.772e-07       4.177e-07       2.329e-10       
  5.60      3.024e-57       1.981e-57       1.476e-57       2.084e-57       2.001e-57       1.090e-57       2.611e-24       1.182e-10       1.059e-07       2.865e-07       2.545e-07       1.271e-10       
  5.70      3.810e-59       2.496e-59       1.860e-59       2.625e-59       2.521e-59       1.373e-59       6.341e-25       6.338e-11       6.254e-08       1.705e-07       1.538e-07       6.911e-11       
  5.80      4.597e-61       3.011e-61       2.244e-61       3.167e-61       3.041e-61       1.657e-61       1.534e-25       3.382e-11       3.665e-08       1.007e-07       9.227e-08       3.742e-11       
  5.90      5.314e-63       3.480e-63       2.594e-63       3.661e-63       3.515e-63       1.915e-63       3.694e-26       1.795e-11       2.131e-08       5.892e-08       5.491e-08       2.018e-11       
  6.00      5.886e-65       3.855e-65       2.873e-65       4.055e-65       3.893e-65       2.122e-65       8.859e-27       9.485e-12       1.229e-08       3.420e-08       3.242e-08       1.084e-11       
  6.10      6.249e-67       4.093e-67       3.051e-67       4.305e-67       4.134e-67       2.253e-67       2.116e-27       4.987e-12       7.036e-09       1.968e-08       1.899e-08       5.797e-12       
  6.20      6.362e-69       4.167e-69       3.106e-69       4.383e-69       4.209e-69       2.293e-69       5.036e-28       2.610e-12       3.996e-09       1.123e-08       1.104e-08       3.089e-12       
  6.30      6.213e-71       4.069e-71       3.033e-71       4.280e-71       4.110e-71       2.239e-71       1.193e-28       1.359e-12       2.252e-09       6.358e-09       6.369e-09       1.640e-12       
  6.40      5.821e-73       3.813e-73       2.842e-73       4.010e-73       3.851e-73       2.098e-73       2.817e-29       7.047e-13       1.260e-09       3.568e-09       3.646e-09       8.669e-13       
  6.50      5.234e-75       3.428e-75       2.555e-75       3.606e-75       3.462e-75       1.887e-75       6.626e-30       3.636e-13       6.992e-10       1.986e-09       2.071e-09       4.567e-13       
  6.60      4.518e-77       2.959e-77       2.206e-77       3.113e-77       2.989e-77       1.629e-77       1.552e-30       1.868e-13       3.851e-10       1.096e-09       1.167e-09       2.396e-13       
  6.70      3.745e-79       2.453e-79       1.828e-79       2.580e-79       2.477e-79       1.350e-79       3.623e-31       9.548e-14       2.105e-10       5.999e-10       6.527e-10       1.253e-13       
  6.80      2.982e-81       1.953e-81       1.456e-81       2.054e-81       1.972e-81       1.075e-81       8.425e-32       4.860e-14       1.142e-10       3.256e-10       3.622e-10       6.527e-14       
  6.90      2.281e-83       1.494e-83       1.113e-83       1.571e-83       1.509e-83       8.222e-84       1.952e-32       2.462e-14       6.146e-11       1.753e-10       1.995e-10       3.387e-14       
  7.00      1.677e-85       1.098e-85       8.185e-86       1.155e-85       1.109e-85       6.044e-86       4.506e-33       1.242e-14       3.283e-11       9.356e-11       1.090e-10       1.752e-14       
  7.10      1.185e-87       7.760e-88       5.784e-88       8.162e-88       7.837e-88       4.271e-88       1.037e-33       6.238e-15       1.741e-11       4.953e-11       5.913e-11       9.025e-15       
  7.20      8.050e-90       5.272e-90       3.930e-90       5.546e-90       5.325e-90       2.902e-90       2.376e-34       3.119e-15       9.160e-12       2.600e-11       3.183e-11       4.634e-15       
  7.30      5.260e-92       3.445e-92       2.568e-92       3.624e-92       3.479e-92       1.896e-92       5.427e-35       1.553e-15       4.784e-12       1.354e-11       1.700e-11       2.371e-15       
  7.40      3.306e-94       2.165e-94       1.614e-94       2.278e-94       2.187e-94       1.192e-94       1.235e-35       7.698e-16       2.480e-12       6.990e-12       9.011e-12       1.209e-15       
  7.50      1.999e-96       1.310e-96       9.760e-97       1.377e-96       1.323e-96       7.207e-97       2.803e-36       3.800e-16       1.276e-12       3.580e-12       4.740e-12       6.141e-16       
  7.60      1.164e-98       7.622e-99       5.680e-99       8.017e-99       7.697e-99       4.194e-99       6.337e-37       1.867e-16       6.513e-13       1.818e-12       2.475e-12       3.109e-16       
  7.70      6.519e-101      4.270e-101      3.182e-101      4.491e-101      4.313e-101      2.350e-101      1.428e-37       9.140e-17       3.301e-13       9.158e-13       1.282e-12       1.569e-16       
  7.80      3.517e-103      2.303e-103      1.717e-103      2.423e-103      2.326e-103      1.268e-103      3.207e-38       4.454e-17       1.661e-13       4.575e-13       6.595e-13       7.890e-17       
  7.90      1.827e-105      1.197e-105      8.918e-106      1.259e-105      1.208e-105      6.585e-106      7.181e-39       2.162e-17       8.291e-14       2.267e-13       3.366e-13       3.954e-17       
  8.00      9.141e-108      5.987e-108      4.462e-108      6.298e-108      6.047e-108      3.295e-108      1.602e-39       1.045e-17       4.109e-14       1.114e-13       1.705e-13       1.975e-17       