* De conditionele overschrijdingskans van de zeewaterstand zonder statistische onzekerheid gegeven de windrichting
* voor een 12-uursperiode te Lauwersoog, gelegen op locatie: 
* 208850, 602790
* 
* Het waterstandsbereik waarvoor de overschrijdingskansen zijn gegeven is het hoogwater 1991 tot 8.00 m + NAP
* met een stapgrootte van 0.1 m. De laatste stapgrootte kan afwijken om op 8.00 m uit te komen. Hierbij wordt
* een stapgrootte van mimimaal 6 en maximaal 15 cm gekozen.
* 
* Betreft zichtjaar 1985 (het jaar waarvoor de basispeilen zijn afgeleid); 
* zeespiegelstijging sinds 1985 moet apart in rekening worden gebracht.
*
* Door: G.W.F. Rongen van HKV lijn in water
* Project: PR3280.20.03
*
* m (m+NAP) 30              60              90              120             150             180             210             240             270             300             330             360
  1.02      1.000e+00       1.000e+00       1.000e+00       1.000e+00       1.000e+00       1.000e+00       1.000e+00       1.000e+00       1.000e+00       1.000e+00       1.000e+00       1.000e+00       
  1.12      1.000e+00       1.000e+00       1.000e+00       1.000e+00       1.000e+00       1.000e+00       9.866e-01       4.947e-01       6.239e-01       6.856e-01       6.215e-01       5.510e-01       
  1.22      1.000e+00       1.000e+00       1.000e+00       1.000e+00       1.000e+00       1.000e+00       9.734e-01       2.447e-01       3.892e-01       4.700e-01       3.862e-01       3.036e-01       
  1.32      1.000e+00       1.000e+00       1.000e+00       1.000e+00       1.000e+00       1.000e+00       9.603e-01       1.210e-01       2.428e-01       3.222e-01       2.400e-01       1.672e-01       
  1.42      1.000e+00       1.000e+00       1.000e+00       1.000e+00       1.000e+00       1.000e+00       3.138e-01       8.672e-02       2.063e-01       2.791e-01       2.071e-01       1.168e-01       
  1.52      1.000e+00       1.000e+00       1.000e+00       1.000e+00       1.000e+00       1.000e+00       1.012e-01       6.148e-02       1.734e-01       2.394e-01       1.770e-01       8.071e-02       
  1.62      1.000e+00       1.000e+00       1.000e+00       1.000e+00       1.000e+00       1.000e+00       3.220e-02       4.313e-02       1.444e-01       2.034e-01       1.499e-01       5.528e-02       
  1.72      5.633e-01       3.689e-01       2.750e-01       3.881e-01       3.726e-01       2.030e-01       1.013e-02       2.996e-02       1.191e-01       1.712e-01       1.257e-01       3.752e-02       
  1.82      5.488e-02       3.595e-02       2.679e-02       3.781e-02       3.630e-02       1.978e-02       3.148e-03       2.061e-02       9.727e-02       1.427e-01       1.045e-01       2.525e-02       
  1.92      4.972e-03       3.256e-03       2.427e-03       3.425e-03       3.289e-03       1.792e-03       9.679e-04       1.405e-02       7.868e-02       1.179e-01       8.607e-02       1.685e-02       
  2.02      4.195e-04       2.748e-04       2.048e-04       2.890e-04       2.775e-04       1.512e-04       2.945e-04       9.485e-03       6.305e-02       9.641e-02       7.025e-02       1.115e-02       
  2.12      3.302e-05       2.163e-05       1.612e-05       2.275e-05       2.184e-05       1.190e-05       8.871e-05       6.349e-03       5.005e-02       7.814e-02       5.681e-02       7.324e-03       
  2.22      2.428e-06       1.590e-06       1.185e-06       1.672e-06       1.606e-06       8.751e-07       2.647e-05       4.214e-03       3.936e-02       6.274e-02       4.554e-02       4.774e-03       
  2.32      1.670e-07       1.094e-07       8.151e-08       1.150e-07       1.105e-07       6.019e-08       7.823e-06       2.773e-03       3.067e-02       4.991e-02       3.618e-02       3.088e-03       
  2.42      1.076e-08       7.047e-09       5.252e-09       7.412e-09       7.117e-09       3.878e-09       2.291e-06       1.810e-03       2.367e-02       3.934e-02       2.848e-02       1.984e-03       
  2.52      6.500e-10       4.258e-10       3.173e-10       4.478e-10       4.300e-10       2.343e-10       6.655e-07       1.172e-03       1.811e-02       3.072e-02       2.223e-02       1.265e-03       
  2.62      3.688e-11       2.415e-11       1.800e-11       2.541e-11       2.439e-11       1.329e-11       1.916e-07       7.530e-04       1.373e-02       2.377e-02       1.720e-02       8.017e-04       
  2.72      1.966e-12       1.288e-12       9.598e-13       1.355e-12       1.301e-12       7.087e-13       5.475e-08       4.801e-04       1.031e-02       1.823e-02       1.319e-02       5.045e-04       
  2.82      9.863e-14       6.460e-14       4.815e-14       6.795e-14       6.524e-14       3.555e-14       1.552e-08       3.038e-04       7.680e-03       1.385e-02       1.002e-02       3.154e-04       
  2.92      4.659e-15       3.052e-15       2.274e-15       3.210e-15       3.082e-15       1.679e-15       4.364e-09       1.908e-04       5.667e-03       1.043e-02       7.554e-03       1.959e-04       
  3.02      2.075e-16       1.359e-16       1.013e-16       1.429e-16       1.372e-16       7.478e-17       1.219e-09       1.190e-04       4.145e-03       7.780e-03       5.644e-03       1.210e-04       
  3.12      8.716e-18       5.709e-18       4.255e-18       6.005e-18       5.765e-18       3.142e-18       3.378e-10       7.370e-05       3.005e-03       5.752e-03       4.180e-03       7.423e-05       
  3.22      3.457e-19       2.264e-19       1.688e-19       2.382e-19       2.287e-19       1.246e-19       9.297e-11       4.532e-05       2.160e-03       4.214e-03       3.070e-03       4.528e-05       
  3.32      1.296e-20       8.487e-21       6.326e-21       8.927e-21       8.572e-21       4.671e-21       2.542e-11       2.768e-05       1.539e-03       3.060e-03       2.235e-03       2.746e-05       
  3.42      4.593e-22       3.008e-22       2.242e-22       3.164e-22       3.038e-22       1.656e-22       6.903e-12       1.679e-05       1.087e-03       2.202e-03       1.613e-03       1.655e-05       
  3.52      1.541e-23       1.009e-23       7.521e-24       1.061e-23       1.019e-23       5.553e-24       1.862e-12       1.012e-05       7.609e-04       1.571e-03       1.155e-03       9.924e-06       
  3.62      4.894e-25       3.206e-25       2.389e-25       3.372e-25       3.237e-25       1.764e-25       4.993e-13       6.058e-06       5.282e-04       1.110e-03       8.197e-04       5.916e-06       
  3.72      1.473e-26       9.649e-27       7.192e-27       1.015e-26       9.746e-27       5.310e-27       1.330e-13       3.604e-06       3.635e-04       7.777e-04       5.769e-04       3.508e-06       
  3.82      4.205e-28       2.754e-28       2.053e-28       2.897e-28       2.782e-28       1.516e-28       3.523e-14       2.130e-06       2.481e-04       5.400e-04       4.027e-04       2.069e-06       
  3.92      1.139e-29       7.460e-30       5.560e-30       7.847e-30       7.534e-30       4.106e-30       9.276e-15       1.252e-06       1.678e-04       3.716e-04       2.787e-04       1.214e-06       
  4.02      2.929e-31       1.918e-31       1.430e-31       2.018e-31       1.937e-31       1.056e-31       2.428e-15       7.308e-07       1.126e-04       2.535e-04       1.913e-04       7.084e-07       
  4.12      7.154e-33       4.686e-33       3.492e-33       4.929e-33       4.732e-33       2.579e-33       6.320e-16       4.241e-07       7.492e-05       1.714e-04       1.302e-04       4.113e-07       
  4.22      1.661e-34       1.088e-34       8.108e-35       1.144e-34       1.099e-34       5.987e-35       1.636e-16       2.447e-07       4.943e-05       1.148e-04       8.787e-05       2.376e-07       
  4.32      3.667e-36       2.402e-36       1.790e-36       2.526e-36       2.426e-36       1.322e-36       4.210e-17       1.403e-07       3.234e-05       7.628e-05       5.882e-05       1.366e-07       
  4.42      7.703e-38       5.046e-38       3.760e-38       5.307e-38       5.096e-38       2.777e-38       1.078e-17       8.000e-08       2.098e-05       5.023e-05       3.905e-05       7.814e-08       
  4.52      1.540e-39       1.009e-39       7.520e-40       1.061e-39       1.019e-39       5.553e-40       2.746e-18       4.535e-08       1.350e-05       3.278e-05       2.572e-05       4.449e-08       
  4.62      2.934e-41       1.922e-41       1.432e-41       2.021e-41       1.941e-41       1.058e-41       6.958e-19       2.556e-08       8.615e-06       2.121e-05       1.680e-05       2.521e-08       
  4.72      5.324e-43       3.487e-43       2.599e-43       3.668e-43       3.522e-43       1.919e-43       1.754e-19       1.433e-08       5.453e-06       1.360e-05       1.088e-05       1.422e-08       
  4.82      9.210e-45       6.032e-45       4.496e-45       6.345e-45       6.092e-45       3.320e-45       4.400e-20       7.988e-09       3.423e-06       8.647e-06       6.990e-06       7.980e-09       
  4.92      1.519e-46       9.952e-47       7.417e-47       1.047e-46       1.005e-46       5.477e-47       1.098e-20       4.428e-09       2.131e-06       5.450e-06       4.455e-06       4.459e-09       
  5.02      2.392e-48       1.567e-48       1.168e-48       1.648e-48       1.582e-48       8.621e-49       2.729e-21       2.442e-09       1.316e-06       3.405e-06       2.816e-06       2.480e-09       
  5.12      3.593e-50       2.354e-50       1.754e-50       2.476e-50       2.377e-50       1.295e-50       6.748e-22       1.339e-09       8.062e-07       2.109e-06       1.766e-06       1.374e-09       
  5.22      5.155e-52       3.377e-52       2.517e-52       3.552e-52       3.410e-52       1.858e-52       1.661e-22       7.306e-10       4.898e-07       1.295e-06       1.098e-06       7.574e-10       
  5.32      7.065e-54       4.628e-54       3.449e-54       4.868e-54       4.674e-54       2.547e-54       4.069e-23       3.965e-10       2.952e-07       7.880e-07       6.775e-07       4.158e-10       
  5.42      9.253e-56       6.061e-56       4.517e-56       6.375e-56       6.121e-56       3.335e-56       9.925e-24       2.140e-10       1.765e-07       4.755e-07       4.146e-07       2.273e-10       
  5.52      1.158e-57       7.588e-58       5.655e-58       7.981e-58       7.663e-58       4.176e-58       2.410e-24       1.150e-10       1.047e-07       2.845e-07       2.517e-07       1.237e-10       
  5.62      1.387e-59       9.084e-60       6.771e-60       9.555e-60       9.175e-60       4.999e-60       5.827e-25       6.144e-11       6.160e-08       1.687e-07       1.516e-07       6.705e-11       
  5.72      1.589e-61       1.041e-61       7.755e-62       1.094e-61       1.051e-61       5.726e-62       1.403e-25       3.267e-11       3.595e-08       9.920e-08       9.057e-08       3.619e-11       
  5.82      1.741e-63       1.141e-63       8.500e-64       1.200e-63       1.152e-63       6.277e-64       3.362e-26       1.728e-11       2.082e-08       5.783e-08       5.368e-08       1.946e-11       
  5.92      1.827e-65       1.197e-65       8.919e-66       1.259e-65       1.209e-65       6.586e-66       8.026e-27       9.098e-12       1.196e-08       3.342e-08       3.157e-08       1.042e-11       
  6.02      1.836e-67       1.203e-67       8.962e-68       1.265e-67       1.214e-67       6.618e-68       1.908e-27       4.766e-12       6.816e-09       1.915e-08       1.841e-08       5.554e-12       
  6.12      1.767e-69       1.157e-69       8.627e-70       1.217e-69       1.169e-69       6.370e-70       4.518e-28       2.485e-12       3.854e-09       1.088e-08       1.066e-08       2.950e-12       
  6.22      1.630e-71       1.068e-71       7.956e-72       1.123e-71       1.078e-71       5.875e-72       1.065e-28       1.289e-12       2.162e-09       6.129e-09       6.119e-09       1.560e-12       
  6.32      1.441e-73       9.438e-74       7.034e-74       9.927e-74       9.532e-74       5.194e-74       2.502e-29       6.657e-13       1.204e-09       3.423e-09       3.485e-09       8.223e-13       
  6.42      1.221e-75       7.999e-76       5.962e-76       8.414e-76       8.079e-76       4.402e-76       5.855e-30       3.421e-13       6.647e-10       1.896e-09       1.970e-09       4.317e-13       
  6.52      9.928e-78       6.503e-78       4.847e-78       6.840e-78       6.568e-78       3.579e-78       1.365e-30       1.750e-13       3.642e-10       1.041e-09       1.105e-09       2.257e-13       
  6.62      7.743e-80       5.071e-80       3.780e-80       5.334e-80       5.122e-80       2.791e-80       3.168e-31       8.911e-14       1.980e-10       5.665e-10       6.145e-10       1.176e-13       
  6.72      5.794e-82       3.795e-82       2.829e-82       3.992e-82       3.833e-82       2.089e-82       7.329e-32       4.516e-14       1.068e-10       3.058e-10       3.392e-10       6.103e-14       
  6.82      4.162e-84       2.726e-84       2.032e-84       2.867e-84       2.753e-84       1.500e-84       1.689e-32       2.279e-14       5.720e-11       1.637e-10       1.858e-10       3.155e-14       
  6.92      2.870e-86       1.880e-86       1.401e-86       1.978e-86       1.899e-86       1.035e-86       3.878e-33       1.144e-14       3.038e-11       8.685e-11       1.010e-10       1.626e-14       
  7.02      1.901e-88       1.245e-88       9.281e-89       1.310e-88       1.258e-88       6.853e-89       8.873e-34       5.722e-15       1.602e-11       4.570e-11       5.443e-11       8.344e-15       
  7.12      1.210e-90       7.923e-91       5.905e-91       8.334e-91       8.002e-91       4.360e-91       2.023e-34       2.848e-15       8.377e-12       2.384e-11       2.912e-11       4.267e-15       
  7.22      7.395e-93       4.844e-93       3.610e-93       5.095e-93       4.892e-93       2.666e-93       4.595e-35       1.411e-15       4.348e-12       1.234e-11       1.546e-11       2.175e-15       
  7.32      4.345e-95       2.846e-95       2.121e-95       2.993e-95       2.874e-95       1.566e-95       1.040e-35       6.964e-16       2.240e-12       6.328e-12       8.144e-12       1.104e-15       
  7.42      2.454e-97       1.607e-97       1.198e-97       1.691e-97       1.623e-97       8.846e-98       2.347e-36       3.421e-16       1.145e-12       3.219e-12       4.257e-12       5.587e-16       
  7.52      1.333e-99       8.730e-100      6.507e-100      9.183e-100      8.817e-100      4.805e-100      5.276e-37       1.673e-16       5.808e-13       1.624e-12       2.208e-12       2.817e-16       
  7.62      6.962e-102      4.560e-102      3.399e-102      4.797e-102      4.606e-102      2.510e-102      1.182e-37       8.150e-17       2.924e-13       8.122e-13       1.136e-12       1.416e-16       
  7.72      3.498e-104      2.291e-104      1.708e-104      2.410e-104      2.314e-104      1.261e-104      2.640e-38       3.953e-17       1.461e-13       4.028e-13       5.803e-13       7.089e-17       
  7.82      1.691e-106      1.108e-106      8.257e-107      1.165e-106      1.119e-106      6.097e-107      5.877e-39       1.909e-17       7.243e-14       1.981e-13       2.941e-13       3.538e-17       
  7.92      7.870e-109      5.155e-109      3.842e-109      5.422e-109      5.206e-109      2.837e-109      1.304e-39       9.179e-18       3.564e-14       9.663e-14       1.479e-13       1.760e-17       
  8.00      1.043e-110      6.831e-111      5.091e-111      7.185e-111      6.899e-111      3.759e-111      3.900e-40       5.095e-18       2.010e-14       5.408e-14       8.487e-14       1.004e-17       