* De conditionele overschrijdingskans van de zeewaterstand gegeven de windrichting
* voor een 12-uursperiode te Lauwersoog, gelegen op locatie: 
* 208850, 602790 
*
* De getallen zijn afkomstig uit het spreadsheet Afleiding_zeewaterstandstatistiek.xls,               
* tabblad OvKans_Zeewaterstand.
* Speadsheet gemaakt door Matthijs Duits van HKV lijn in water op 29 april 2013
*
* De parameters voor de Weibullverdelingen (geldig voor een winterhalfjaar), die de basis vormen van 
* onderstaande conditionele overschrijdingskansen, zijn ontleend aan:
* Hydra-K, versie 3.6.5. Bestand: lwo.e30
*
* Onderstaand is m de zeewaterstand en r de windrichting
*
*m \ r   30            60            90            120           150           180           210           240           270           300           330           360
1.09     1.000E+00     1.000E+00     1.000E+00     1.000E+00     1.000E+00     1.000E+00     1.000E+00     1.000E+00     1.000E+00     1.000E+00     1.000E+00     1.000E+00
1.19     1.000E+00     1.000E+00     1.000E+00     1.000E+00     1.000E+00     1.000E+00     1.000E+00     5.237E-01     6.247E-01     6.809E-01     5.623E-01     4.801E-01
1.29     1.000E+00     1.000E+00     1.000E+00     1.000E+00     1.000E+00     1.000E+00     1.000E+00     2.743E-01     3.902E-01     4.636E-01     3.162E-01     2.305E-01
1.39     1.000E+00     1.000E+00     1.000E+00     1.000E+00     1.000E+00     1.000E+00     1.000E+00     1.436E-01     2.438E-01     3.157E-01     1.778E-01     1.107E-01
1.49     1.000E+00     1.000E+00     1.000E+00     1.000E+00     1.000E+00     1.000E+00     4.158E-01     1.025E-01     2.062E-01     2.723E-01     1.528E-01     7.700E-02
1.59     1.000E+00     1.000E+00     1.000E+00     1.000E+00     1.000E+00     1.000E+00     1.337E-01     7.242E-02     1.728E-01     2.327E-01     1.302E-01     5.307E-02
1.69     1.000E+00     1.000E+00     1.000E+00     1.000E+00     1.000E+00     1.000E+00     4.245E-02     5.065E-02     1.434E-01     1.970E-01     1.098E-01     3.625E-02
1.79     3.687E-01     2.964E-01     3.216E-01     4.259E-01     3.417E-01     2.434E-01     1.332E-02     3.509E-02     1.178E-01     1.653E-01     9.185E-02     2.455E-02
1.89     3.566E-02     2.867E-02     3.110E-02     4.119E-02     3.305E-02     2.354E-02     4.136E-03     2.408E-02     9.593E-02     1.373E-01     7.612E-02     1.648E-02
1.99     3.215E-03     2.585E-03     2.804E-03     3.714E-03     2.980E-03     2.122E-03     1.271E-03     1.637E-02     7.738E-02     1.131E-01     6.252E-02     1.098E-02
2.09     2.706E-04     2.176E-04     2.360E-04     3.126E-04     2.508E-04     1.786E-04     3.863E-04     1.104E-02     6.184E-02     9.226E-02     5.090E-02     7.257E-03
2.19     2.130E-05     1.712E-05     1.857E-05     2.460E-05     1.974E-05     1.406E-05     1.163E-04     7.376E-03     4.897E-02     7.459E-02     4.107E-02     4.760E-03
2.29     1.569E-06     1.262E-06     1.369E-06     1.812E-06     1.454E-06     1.036E-06     3.471E-05     4.888E-03     3.843E-02     5.975E-02     3.285E-02     3.099E-03
2.39     1.084E-07     8.714E-08     9.453E-08     1.252E-07     1.005E-07     7.155E-08     1.026E-05     3.213E-03     2.988E-02     4.743E-02     2.605E-02     2.003E-03
2.49     7.027E-09     5.650E-09     6.129E-09     8.117E-09     6.512E-09     4.638E-09     3.007E-06     2.096E-03     2.303E-02     3.731E-02     2.047E-02     1.286E-03
2.59     4.281E-10     3.442E-10     3.734E-10     4.945E-10     3.967E-10     2.826E-10     8.740E-07     1.356E-03     1.759E-02     2.909E-02     1.595E-02     8.199E-04
2.69     2.453E-11     1.972E-11     2.140E-11     2.834E-11     2.273E-11     1.619E-11     2.520E-07     8.707E-04     1.331E-02     2.247E-02     1.232E-02     5.193E-04
2.79     1.324E-12     1.064E-12     1.154E-12     1.529E-12     1.227E-12     8.738E-13     7.206E-08     5.550E-04     9.990E-03     1.721E-02     9.439E-03     3.268E-04
2.89     6.732E-14     5.412E-14     5.871E-14     7.776E-14     6.239E-14     4.444E-14     2.045E-08     3.511E-04     7.431E-03     1.306E-02     7.168E-03     2.043E-04
2.99     3.230E-15     2.597E-15     2.817E-15     3.731E-15     2.993E-15     2.132E-15     5.762E-09     2.206E-04     5.479E-03     9.822E-03     5.397E-03     1.269E-04
3.09     1.463E-16     1.176E-16     1.276E-16     1.690E-16     1.356E-16     9.658E-17     1.612E-09     1.376E-04     4.005E-03     7.322E-03     4.030E-03     7.840E-05
3.19     6.263E-18     5.036E-18     5.463E-18     7.234E-18     5.805E-18     4.134E-18     4.476E-10     8.523E-05     2.902E-03     5.410E-03     2.983E-03     4.813E-05
3.29     2.535E-19     2.039E-19     2.212E-19     2.929E-19     2.350E-19     1.674E-19     1.235E-10     5.244E-05     2.085E-03     3.962E-03     2.190E-03     2.938E-05
3.39     9.715E-21     7.811E-21     8.473E-21     1.122E-20     9.004E-21     6.413E-21     3.384E-11     3.205E-05     1.485E-03     2.876E-03     1.594E-03     1.783E-05
3.49     3.525E-22     2.834E-22     3.075E-22     4.072E-22     3.267E-22     2.327E-22     9.211E-12     1.946E-05     1.049E-03     2.070E-03     1.151E-03     1.076E-05
3.59     1.212E-23     9.749E-24     1.058E-23     1.401E-23     1.124E-23     8.004E-24     2.492E-12     1.174E-05     7.348E-04     1.476E-03     8.242E-04     6.456E-06
3.69     3.955E-25     3.180E-25     3.450E-25     4.568E-25     3.665E-25     2.611E-25     6.699E-13     7.035E-06     5.103E-04     1.044E-03     5.852E-04     3.853E-06
3.79     1.224E-26     9.843E-27     1.068E-26     1.414E-26     1.135E-26     8.081E-27     1.790E-13     4.191E-06     3.514E-04     7.315E-04     4.121E-04     2.288E-06
3.89     3.599E-28     2.893E-28     3.139E-28     4.157E-28     3.335E-28     2.375E-28     4.755E-14     2.481E-06     2.400E-04     5.082E-04     2.878E-04     1.351E-06
3.99     1.005E-29     8.081E-30     8.766E-30     1.161E-29     9.315E-30     6.634E-30     1.256E-14     1.460E-06     1.626E-04     3.500E-04     1.994E-04     7.938E-07
4.09     2.668E-31     2.146E-31     2.327E-31     3.082E-31     2.473E-31     1.762E-31     3.297E-15     8.536E-07     1.092E-04     2.390E-04     1.370E-04     4.640E-07
4.19     6.739E-33     5.419E-33     5.878E-33     7.785E-33     6.246E-33     4.449E-33     8.611E-16     4.963E-07     7.274E-05     1.618E-04     9.337E-05     2.699E-07
4.29     1.620E-34     1.302E-34     1.413E-34     1.871E-34     1.501E-34     1.069E-34     2.236E-16     2.868E-07     4.806E-05     1.086E-04     6.311E-05     1.562E-07
4.39     3.707E-36     2.981E-36     3.234E-36     4.282E-36     3.436E-36     2.447E-36     5.777E-17     1.648E-07     3.149E-05     7.221E-05     4.232E-05     8.996E-08
4.49     8.083E-38     6.499E-38     7.050E-38     9.337E-38     7.492E-38     5.336E-38     1.485E-17     9.418E-08     2.047E-05     4.763E-05     2.815E-05     5.156E-08
4.59     1.680E-39     1.351E-39     1.465E-39     1.940E-39     1.557E-39     1.109E-39     3.795E-18     5.351E-08     1.320E-05     3.114E-05     1.857E-05     2.942E-08
4.69     3.329E-41     2.676E-41     2.903E-41     3.845E-41     3.085E-41     2.197E-41     9.654E-19     3.023E-08     8.440E-06     2.019E-05     1.215E-05     1.670E-08
4.79     6.292E-43     5.059E-43     5.488E-43     7.269E-43     5.832E-43     4.154E-43     2.443E-19     1.699E-08     5.354E-06     1.298E-05     7.890E-06     9.441E-09
4.89     1.135E-44     9.128E-45     9.902E-45     1.311E-44     1.052E-44     7.494E-45     6.154E-20     9.494E-09     3.369E-06     8.269E-06     5.082E-06     5.312E-09
4.99     1.956E-46     1.573E-46     1.706E-46     2.259E-46     1.813E-46     1.291E-46     1.543E-20     5.277E-09     2.103E-06     5.225E-06     3.247E-06     2.976E-09
5.09     3.218E-48     2.588E-48     2.807E-48     3.717E-48     2.983E-48     2.124E-48     3.849E-21     2.918E-09     1.303E-06     3.273E-06     2.058E-06     1.659E-09
5.19     5.060E-50     4.069E-50     4.414E-50     5.845E-50     4.690E-50     3.340E-50     9.557E-22     1.605E-09     8.002E-07     2.033E-06     1.294E-06     9.214E-10
5.29     7.606E-52     6.116E-52     6.635E-52     8.786E-52     7.050E-52     5.021E-52     2.362E-22     8.781E-10     4.877E-07     1.252E-06     8.074E-07     5.094E-10
5.39     1.093E-53     8.791E-54     9.537E-54     1.263E-53     1.013E-53     7.218E-54     5.813E-23     4.780E-10     2.949E-07     7.645E-07     4.997E-07     2.804E-10
5.49     1.504E-55     1.209E-55     1.312E-55     1.737E-55     1.394E-55     9.926E-56     1.424E-23     2.589E-10     1.769E-07     4.629E-07     3.069E-07     1.537E-10
5.59     1.979E-57     1.591E-57     1.726E-57     2.286E-57     1.834E-57     1.306E-57     3.474E-24     1.395E-10     1.053E-07     2.779E-07     1.870E-07     8.390E-11
5.69     2.493E-59     2.005E-59     2.175E-59     2.880E-59     2.311E-59     1.646E-59     8.438E-25     7.479E-11     6.219E-08     1.654E-07     1.130E-07     4.561E-11
5.79     3.008E-61     2.419E-61     2.624E-61     3.475E-61     2.788E-61     1.986E-61     2.041E-25     3.990E-11     3.644E-08     9.766E-08     6.778E-08     2.469E-11
5.89     3.477E-63     2.796E-63     3.033E-63     4.016E-63     3.222E-63     2.295E-63     4.915E-26     2.118E-11     2.119E-08     5.716E-08     4.034E-08     1.332E-11
5.99     3.851E-65     3.096E-65     3.359E-65     4.448E-65     3.569E-65     2.542E-65     1.179E-26     1.119E-11     1.222E-08     3.318E-08     2.382E-08     7.151E-12
6.09     4.089E-67     3.288E-67     3.566E-67     4.723E-67     3.790E-67     2.699E-67     2.816E-27     5.885E-12     6.996E-09     1.910E-08     1.395E-08     3.826E-12
6.19     4.163E-69     3.347E-69     3.631E-69     4.809E-69     3.858E-69     2.748E-69     6.701E-28     3.080E-12     3.974E-09     1.090E-08     8.112E-09     2.039E-12
6.29     4.065E-71     3.269E-71     3.546E-71     4.696E-71     3.768E-71     2.684E-71     1.588E-28     1.604E-12     2.240E-09     6.168E-09     4.679E-09     1.082E-12
6.39     3.809E-73     3.062E-73     3.322E-73     4.400E-73     3.530E-73     2.514E-73     3.749E-29     8.315E-13     1.253E-09     3.462E-09     2.678E-09     5.722E-13
6.49     3.425E-75     2.754E-75     2.987E-75     3.956E-75     3.174E-75     2.261E-75     8.817E-30     4.290E-13     6.953E-10     1.927E-09     1.521E-09     3.014E-13
6.59     2.956E-77     2.377E-77     2.579E-77     3.415E-77     2.740E-77     1.952E-77     2.066E-30     2.204E-13     3.829E-10     1.063E-09     8.573E-10     1.582E-13