* De conditionele overschrijdingskans van de zeewaterstand met statistische onzekerheid gegeven de windrichting
* voor een 12-uursperiode te Hansweert, gelegen op locatie: 
* 59050, 384960
* 
* Deze statistiek is afgeleid met dezelfde methode als gebruikt in 3280.20.03.
* De door Deltares op 10 november 2016 aangeleverde statistiek is gebruikt als bron.
*
* Het waterstandsbereik waarvoor de overschrijdingskansen zijn gegeven is het hoogwater 2017 tot 8.00 m + NAP
* met een stapgrootte van 0.1 m. De laatste stapgrootte kan afwijken om op 8.00 m uit te komen. Hierbij wordt
* een stapgrootte van minimaal 6 en maximaal 15 cm gekozen.
* 
* Door: G.W.F. Rongen van HKV lijn in water
* Project: PR3510.10
*
* m (m+NAP) 30              60              90              120             150             180             210             240             270             300             330             360
  2.50      1.000e+00       1.000e+00       1.000e+00       1.000e+00       1.000e+00       1.000e+00       1.000e+00       1.000e+00       1.000e+00       1.000e+00       1.000e+00       1.000e+00       
  2.60      1.000e+00       1.000e+00       1.000e+00       1.000e+00       1.000e+00       9.999e-01       3.881e-01       5.869e-01       6.596e-01       6.322e-01       6.163e-01       4.681e-01       
  2.70      1.000e+00       1.000e+00       1.000e+00       1.000e+00       1.000e+00       9.999e-01       1.535e-01       3.504e-01       4.417e-01       4.061e-01       3.862e-01       2.235e-01       
  2.80      9.997e-01       9.921e-01       9.581e-01       9.945e-01       9.925e-01       8.626e-01       6.272e-02       2.099e-01       2.967e-01       2.650e-01       2.453e-01       1.097e-01       
  2.90      6.838e-01       4.625e-01       3.455e-01       4.861e-01       4.671e-01       2.551e-01       3.321e-02       1.286e-01       2.037e-01       1.934e-01       1.720e-01       6.687e-02       
  3.00      1.784e-01       1.168e-01       8.708e-02       1.229e-01       1.180e-01       6.430e-02       1.806e-02       7.871e-02       1.399e-01       1.427e-01       1.218e-01       4.168e-02       
  3.10      4.394e-02       2.878e-02       2.145e-02       3.027e-02       2.907e-02       1.584e-02       9.772e-03       4.802e-02       9.583e-02       1.050e-01       8.624e-02       2.592e-02       
  3.20      1.059e-02       6.934e-03       5.168e-03       7.293e-03       7.003e-03       3.816e-03       5.263e-03       2.921e-02       6.548e-02       7.723e-02       6.103e-02       1.608e-02       
  3.30      2.495e-03       1.634e-03       1.218e-03       1.719e-03       1.650e-03       8.992e-04       2.821e-03       1.771e-02       4.464e-02       5.669e-02       4.317e-02       9.956e-03       
  3.40      5.752e-04       3.768e-04       2.808e-04       3.963e-04       3.805e-04       2.073e-04       1.505e-03       1.070e-02       3.036e-02       4.154e-02       3.053e-02       6.150e-03       
  3.50      1.298e-04       8.504e-05       6.338e-05       8.945e-05       8.589e-05       4.680e-05       7.995e-04       6.449e-03       2.060e-02       3.040e-02       2.158e-02       3.791e-03       
  3.60      2.870e-05       1.880e-05       1.401e-05       1.977e-05       1.898e-05       1.034e-05       4.229e-04       3.875e-03       1.395e-02       2.222e-02       1.524e-02       2.332e-03       
  3.70      6.212e-06       4.069e-06       3.032e-06       4.280e-06       4.109e-06       2.239e-06       2.227e-04       2.322e-03       9.421e-03       1.621e-02       1.077e-02       1.431e-03       
  3.80      1.318e-06       8.630e-07       6.432e-07       9.077e-07       8.715e-07       4.749e-07       1.168e-04       1.387e-03       6.351e-03       1.182e-02       7.600e-03       8.769e-04       
  3.90      2.739e-07       1.794e-07       1.337e-07       1.887e-07       1.812e-07       9.871e-08       6.100e-05       8.266e-04       4.272e-03       8.600e-03       5.364e-03       5.362e-04       
  4.00      5.580e-08       3.655e-08       2.724e-08       3.844e-08       3.691e-08       2.011e-08       3.173e-05       4.913e-04       2.868e-03       6.250e-03       3.784e-03       3.272e-04       
  4.10      1.115e-08       7.302e-09       5.442e-09       7.681e-09       7.375e-09       4.019e-09       1.644e-05       2.912e-04       1.921e-03       4.537e-03       2.668e-03       1.993e-04       
  4.20      2.185e-09       1.431e-09       1.066e-09       1.505e-09       1.445e-09       7.874e-10       8.487e-06       1.722e-04       1.285e-03       3.289e-03       1.881e-03       1.212e-04       
  4.30      4.166e-10       2.729e-10       2.034e-10       2.870e-10       2.756e-10       1.502e-10       4.342e-06       1.011e-04       8.545e-04       2.375e-03       1.322e-03       7.326e-05       
  4.40      8.025e-11       5.256e-11       3.918e-11       5.529e-11       5.309e-11       2.893e-11       2.220e-06       5.929e-05       5.674e-04       1.712e-03       9.283e-04       4.426e-05       
  4.50      1.585e-11       1.038e-11       7.736e-12       1.092e-11       1.048e-11       5.712e-12       1.143e-06       3.496e-05       3.781e-04       1.238e-03       6.547e-04       2.688e-05       
  4.60      3.123e-12       2.046e-12       1.525e-12       2.152e-12       2.066e-12       1.126e-12       5.877e-07       2.060e-05       2.518e-04       8.950e-04       4.619e-04       1.632e-05       
  4.70      6.144e-13       4.024e-13       2.999e-13       4.233e-13       4.065e-13       2.215e-13       3.021e-07       1.213e-05       1.675e-04       6.466e-04       3.260e-04       9.911e-06       
  4.80      1.207e-13       7.905e-14       5.892e-14       8.315e-14       7.984e-14       4.351e-14       1.551e-07       7.141e-06       1.114e-04       4.668e-04       2.302e-04       6.016e-06       
  4.90      2.365e-14       1.549e-14       1.155e-14       1.630e-14       1.565e-14       8.526e-15       7.943e-08       4.191e-06       7.382e-05       3.362e-04       1.622e-04       3.643e-06       
  5.00      4.627e-15       3.031e-15       2.259e-15       3.188e-15       3.061e-15       1.668e-15       4.055e-08       2.453e-06       4.879e-05       2.415e-04       1.142e-04       2.201e-06       
  5.10      9.270e-16       6.072e-16       4.525e-16       6.386e-16       6.132e-16       3.341e-16       2.087e-08       1.444e-06       3.239e-05       1.741e-04       8.070e-05       1.338e-06       
  5.20      1.932e-16       1.265e-16       9.430e-17       1.331e-16       1.278e-16       6.963e-17       1.083e-08       8.552e-07       2.157e-05       1.258e-04       5.723e-05       8.176e-07       
  5.30      4.099e-17       2.685e-17       2.001e-17       2.824e-17       2.712e-17       1.478e-17       5.641e-09       5.074e-07       1.438e-05       9.093e-05       4.064e-05       5.006e-07       
  5.40      8.784e-18       5.754e-18       4.288e-18       6.052e-18       5.811e-18       3.166e-18       2.942e-09       3.014e-07       9.585e-06       6.571e-05       2.888e-05       3.069e-07       
  5.50      1.899e-18       1.244e-18       9.269e-19       1.308e-18       1.256e-18       6.844e-19       1.537e-09       1.790e-07       6.386e-06       4.745e-05       2.052e-05       1.882e-07       
  5.60      4.138e-19       2.710e-19       2.020e-19       2.851e-19       2.737e-19       1.492e-19       8.034e-10       1.064e-07       4.252e-06       3.425e-05       1.458e-05       1.155e-07       
  5.70      9.093e-20       5.956e-20       4.439e-20       6.264e-20       6.015e-20       3.278e-20       4.214e-10       6.338e-08       2.836e-06       2.474e-05       1.038e-05       7.104e-08       
  5.80      2.021e-20       1.324e-20       9.867e-21       1.393e-20       1.337e-20       7.286e-21       2.228e-10       3.799e-08       1.899e-06       1.793e-05       7.418e-06       4.395e-08       
  5.90      4.588e-21       3.005e-21       2.240e-21       3.161e-21       3.035e-21       1.654e-21       1.190e-10       2.294e-08       1.278e-06       1.304e-05       5.325e-06       2.739e-08       
  6.00      1.076e-21       7.050e-22       5.254e-22       7.415e-22       7.120e-22       3.880e-22       6.420e-11       1.395e-08       8.640e-07       9.510e-06       3.836e-06       1.718e-08       
  6.10      2.618e-22       1.715e-22       1.278e-22       1.804e-22       1.732e-22       9.437e-23       3.487e-11       8.519e-09       5.854e-07       6.946e-06       2.770e-06       1.082e-08       
  6.20      6.554e-23       4.293e-23       3.199e-23       4.515e-23       4.335e-23       2.362e-23       1.903e-11       5.219e-09       3.973e-07       5.079e-06       2.003e-06       6.831e-09       
  6.30      1.671e-23       1.095e-23       8.158e-24       1.151e-23       1.105e-23       6.024e-24       1.043e-11       3.207e-09       2.702e-07       3.719e-06       1.451e-06       4.326e-09       
  6.40      4.316e-24       2.827e-24       2.107e-24       2.973e-24       2.855e-24       1.556e-24       5.740e-12       1.977e-09       1.842e-07       2.728e-06       1.054e-06       2.749e-09       
  6.50      1.126e-24       7.378e-25       5.499e-25       7.761e-25       7.452e-25       4.060e-25       3.175e-12       1.224e-09       1.260e-07       2.007e-06       7.682e-07       1.754e-09       
  6.60      2.970e-25       1.945e-25       1.450e-25       2.046e-25       1.964e-25       1.070e-25       1.767e-12       7.617e-10       8.649e-08       1.481e-06       5.619e-07       1.125e-09       
  6.70      7.908e-26       5.180e-26       3.860e-26       5.448e-26       5.231e-26       2.851e-26       9.911e-13       4.770e-10       5.966e-08       1.096e-06       4.126e-07       7.258e-10       
  6.80      2.130e-26       1.395e-26       1.040e-26       1.467e-26       1.409e-26       7.677e-27       5.606e-13       3.006e-10       4.133e-08       8.141e-07       3.041e-07       4.711e-10       
  6.90      5.813e-27       3.808e-27       2.838e-27       4.005e-27       3.846e-27       2.095e-27       3.196e-13       1.906e-10       2.874e-08       6.064e-07       2.248e-07       3.074e-10       
  7.00      1.614e-27       1.057e-27       7.878e-28       1.112e-27       1.068e-27       5.817e-28       1.836e-13       1.214e-10       2.006e-08       4.527e-07       1.667e-07       2.015e-10       
  7.10      4.573e-28       2.995e-28       2.232e-28       3.150e-28       3.025e-28       1.648e-28       1.061e-13       7.771e-11       1.404e-08       3.386e-07       1.239e-07       1.327e-10       
  7.20      1.325e-28       8.681e-29       6.470e-29       9.131e-29       8.768e-29       4.778e-29       6.166e-14       4.990e-11       9.844e-09       2.537e-07       9.230e-08       8.760e-11       
  7.30      3.930e-29       2.574e-29       1.918e-29       2.708e-29       2.600e-29       1.417e-29       3.598e-14       3.215e-11       6.919e-09       1.904e-07       6.888e-08       5.802e-11       
  7.40      1.189e-29       7.788e-30       5.805e-30       8.192e-30       7.866e-30       4.286e-30       2.107e-14       2.076e-11       4.873e-09       1.431e-07       5.150e-08       3.853e-11       
  7.50      3.658e-30       2.396e-30       1.785e-30       2.520e-30       2.419e-30       1.318e-30       1.238e-14       1.345e-11       3.438e-09       1.077e-07       3.857e-08       2.565e-11       
  7.60      1.140e-30       7.464e-31       5.563e-31       7.851e-31       7.539e-31       4.108e-31       7.300e-15       8.731e-12       2.430e-09       8.118e-08       2.893e-08       1.712e-11       
  7.70      3.587e-31       2.349e-31       1.751e-31       2.471e-31       2.373e-31       1.293e-31       4.317e-15       5.683e-12       1.720e-09       6.126e-08       2.174e-08       1.145e-11       
  7.80      1.139e-31       7.458e-32       5.558e-32       7.844e-32       7.532e-32       4.104e-32       2.561e-15       3.707e-12       1.220e-09       4.629e-08       1.636e-08       7.676e-12       
  7.90      3.641e-32       2.385e-32       1.778e-32       2.509e-32       2.409e-32       1.313e-32       1.523e-15       2.424e-12       8.665e-10       3.502e-08       1.233e-08       5.157e-12       
  8.00      1.173e-32       7.680e-33       5.724e-33       8.078e-33       7.756e-33       4.226e-33       9.088e-16       1.588e-12       6.164e-10       2.653e-08       9.310e-09       3.472e-12       