* De conditionele overschrijdingskans van de zeewaterstand gegeven de windrichting
* voor een 12-uursperiode te Hansweert, gelegen op locatie: 
* 59050, 384960 
*
* De getallen zijn afkomstig uit het spreadsheet Afleiding_zeewaterstandstatistiek.xls,               
* tabblad OvKans_Zeewaterstand.
* Speadsheet gemaakt door Matthijs Duits van HKV lijn in water op 29 april 2013
*
* De parameters voor de Weibullverdelingen (geldig voor een winterhalfjaar), die de basis vormen van 
* onderstaande conditionele overschrijdingskansen, zijn ontleend aan:
* Hydra-K, versie 3.6.5. Bestand: hsw.e30
*
* Onderstaand is m de zeewaterstand en r de windrichting
*
*m \ r   30            60            90            120           150           180           210           240           270           300           330           360
2.49     1.000E+00     1.000E+00     1.000E+00     1.000E+00     1.000E+00     1.000E+00     1.000E+00     1.000E+00     1.000E+00     1.000E+00     1.000E+00     1.000E+00
2.59     1.000E+00     1.000E+00     1.000E+00     1.000E+00     1.000E+00     1.000E+00     4.351E-01     6.310E-01     6.683E-01     6.359E-01     5.653E-01     4.156E-01
2.69     1.000E+00     1.000E+00     1.000E+00     1.000E+00     1.000E+00     1.000E+00     1.894E-01     3.982E-01     4.467E-01     4.044E-01     3.196E-01     1.728E-01
2.79     1.000E+00     1.000E+00     1.000E+00     1.000E+00     1.000E+00     1.000E+00     8.240E-02     2.512E-01     2.985E-01     2.572E-01     1.807E-01     7.180E-02
2.89     4.677E-01     3.761E-01     4.080E-01     5.403E-01     4.335E-01     3.087E-01     4.503E-02     1.543E-01     2.055E-01     1.900E-01     1.280E-01     4.487E-02
2.99     1.178E-01     9.469E-02     1.027E-01     1.360E-01     1.092E-01     7.775E-02     2.449E-02     9.447E-02     1.412E-01     1.401E-01     9.070E-02     2.797E-02
3.09     2.899E-02     2.331E-02     2.528E-02     3.348E-02     2.687E-02     1.914E-02     1.325E-02     5.764E-02     9.669E-02     1.032E-01     6.422E-02     1.740E-02
3.19     6.977E-03     5.610E-03     6.085E-03     8.059E-03     6.466E-03     4.606E-03     7.137E-03     3.506E-02     6.607E-02     7.586E-02     4.545E-02     1.079E-02
3.29     1.643E-03     1.321E-03     1.433E-03     1.897E-03     1.522E-03     1.084E-03     3.826E-03     2.125E-02     4.504E-02     5.568E-02     3.215E-02     6.682E-03
3.39     3.784E-04     3.042E-04     3.301E-04     4.371E-04     3.507E-04     2.498E-04     2.042E-03     1.285E-02     3.063E-02     4.081E-02     2.273E-02     4.128E-03
3.49     8.533E-05     6.861E-05     7.443E-05     9.857E-05     7.909E-05     5.633E-05     1.085E-03     7.743E-03     2.079E-02     2.987E-02     1.607E-02     2.544E-03
3.59     1.884E-05     1.515E-05     1.643E-05     2.176E-05     1.746E-05     1.244E-05     5.736E-04     4.653E-03     1.407E-02     2.183E-02     1.135E-02     1.565E-03
3.69     4.075E-06     3.276E-06     3.554E-06     4.707E-06     3.777E-06     2.690E-06     3.021E-04     2.788E-03     9.508E-03     1.593E-02     8.017E-03     9.608E-04
3.79     8.634E-07     6.942E-07     7.530E-07     9.973E-07     8.002E-07     5.699E-07     1.584E-04     1.666E-03     6.410E-03     1.161E-02     5.660E-03     5.887E-04
3.89     1.793E-07     1.441E-07     1.564E-07     2.071E-07     1.662E-07     1.183E-07     8.276E-05     9.926E-04     4.312E-03     8.450E-03     3.994E-03     3.599E-04
3.99     3.649E-08     2.934E-08     3.183E-08     4.215E-08     3.382E-08     2.409E-08     4.305E-05     5.899E-04     2.895E-03     6.142E-03     2.818E-03     2.197E-04
4.09     7.283E-09     5.856E-09     6.353E-09     8.413E-09     6.750E-09     4.808E-09     2.231E-05     3.497E-04     1.940E-03     4.459E-03     1.987E-03     1.338E-04
4.19     1.426E-09     1.146E-09     1.244E-09     1.647E-09     1.321E-09     9.411E-10     1.151E-05     2.067E-04     1.297E-03     3.233E-03     1.401E-03     8.137E-05
4.29     2.738E-10     2.201E-10     2.388E-10     3.162E-10     2.537E-10     1.807E-10     5.921E-06     1.219E-04     8.657E-04     2.341E-03     9.873E-04     4.939E-05
4.39     5.158E-11     4.148E-11     4.499E-11     5.959E-11     4.781E-11     3.405E-11     3.033E-06     7.173E-05     5.767E-04     1.693E-03     6.956E-04     2.993E-05
4.49     9.539E-12     7.670E-12     8.320E-12     1.102E-11     8.841E-12     6.297E-12     1.548E-06     4.210E-05     3.835E-04     1.223E-03     4.899E-04     1.810E-05
4.59     1.732E-12     1.392E-12     1.510E-12     2.000E-12     1.605E-12     1.143E-12     7.874E-07     2.465E-05     2.545E-04     8.825E-04     3.449E-04     1.093E-05
4.69     3.086E-13     2.482E-13     2.692E-13     3.565E-13     2.861E-13     2.037E-13     3.991E-07     1.440E-05     1.686E-04     6.360E-04     2.428E-04     6.590E-06
4.79     5.402E-14     4.344E-14     4.712E-14     6.240E-14     5.007E-14     3.566E-14     2.015E-07     8.391E-06     1.115E-04     4.579E-04     1.708E-04     3.967E-06
4.89     9.288E-15     7.468E-15     8.101E-15     1.073E-14     8.608E-15     6.131E-15     1.014E-07     4.879E-06     7.362E-05     3.293E-04     1.202E-04     2.384E-06
4.99     1.569E-15     1.261E-15     1.368E-15     1.812E-15     1.454E-15     1.036E-15     5.088E-08     2.831E-06     4.853E-05     2.366E-04     8.450E-05     1.430E-06
5.09     2.604E-16     2.093E-16     2.271E-16     3.008E-16     2.413E-16     1.719E-16     2.543E-08     1.639E-06     3.193E-05     1.697E-04     5.941E-05     8.568E-07
5.19     4.247E-17     3.415E-17     3.704E-17     4.906E-17     3.936E-17     2.803E-17     1.267E-08     9.466E-07     2.097E-05     1.217E-04     4.175E-05     5.125E-07
5.29     6.809E-18     5.475E-18     5.939E-18     7.865E-18     6.311E-18     4.495E-18     6.295E-09     5.456E-07     1.376E-05     8.714E-05     2.934E-05     3.061E-07
5.39     1.073E-18     8.629E-19     9.361E-19     1.240E-18     9.947E-19     7.085E-19     3.117E-09     3.139E-07     9.008E-06     6.234E-05     2.061E-05     1.826E-07
5.49     1.663E-19     1.337E-19     1.451E-19     1.921E-19     1.542E-19     1.098E-19     1.538E-09     1.802E-07     5.889E-06     4.455E-05     1.447E-05     1.087E-07
5.59     2.535E-20     2.038E-20     2.211E-20     2.928E-20     2.350E-20     1.673E-20     7.569E-10     1.032E-07     3.844E-06     3.181E-05     1.016E-05     6.466E-08
5.69     3.800E-21     3.056E-21     3.315E-21     4.390E-21     3.522E-21     2.509E-21     3.713E-10     5.902E-08     2.505E-06     2.269E-05     7.133E-06     3.840E-08
5.79     5.604E-22     4.506E-22     4.888E-22     6.474E-22     5.194E-22     3.699E-22     1.816E-10     3.368E-08     1.630E-06     1.617E-05     5.005E-06     2.277E-08
5.89     8.131E-23     6.538E-23     7.092E-23     9.392E-23     7.536E-23     5.368E-23     8.854E-11     1.918E-08     1.059E-06     1.151E-05     3.512E-06     1.349E-08
5.99     1.161E-23     9.334E-24     1.013E-23     1.341E-23     1.076E-23     7.663E-24     4.305E-11     1.090E-08     6.874E-07     8.188E-06     2.463E-06     7.978E-09
6.09     1.631E-24     1.311E-24     1.423E-24     1.884E-24     1.512E-24     1.077E-24     2.087E-11     6.185E-09     4.454E-07     5.819E-06     1.727E-06     4.712E-09
6.19     2.256E-25     1.814E-25     1.967E-25     2.605E-25     2.091E-25     1.489E-25     1.009E-11     3.503E-09     2.882E-07     4.131E-06     1.211E-06     2.780E-09
6.29     3.071E-26     2.469E-26     2.678E-26     3.547E-26     2.846E-26     2.027E-26     4.862E-12     1.980E-09     1.862E-07     2.931E-06     8.487E-07     1.638E-09
6.39     4.116E-27     3.309E-27     3.590E-27     4.754E-27     3.814E-27     2.717E-27     2.337E-12     1.117E-09     1.201E-07     2.077E-06     5.947E-07     9.637E-10
6.49     5.431E-28     4.367E-28     4.737E-28     6.274E-28     5.034E-28     3.585E-28     1.120E-12     6.292E-10     7.740E-08     1.471E-06     4.167E-07     5.664E-10
6.59     7.059E-29     5.675E-29     6.157E-29     8.154E-29     6.542E-29     4.660E-29     5.356E-13     3.538E-10     4.980E-08     1.041E-06     2.919E-07     3.324E-10
6.69     9.035E-30     7.264E-30     7.881E-30     1.044E-29     8.374E-30     5.964E-30     2.554E-13     1.985E-10     3.200E-08     7.357E-07     2.044E-07     1.949E-10
6.79     1.139E-30     9.159E-31     9.936E-31     1.316E-30     1.056E-30     7.520E-31     1.214E-13     1.112E-10     2.053E-08     5.197E-07     1.431E-07     1.141E-10
6.89     1.415E-31     1.138E-31     1.234E-31     1.634E-31     1.311E-31     9.339E-32     5.759E-14     6.222E-11     1.316E-08     3.668E-07     1.002E-07     6.674E-11
6.99     1.731E-32     1.392E-32     1.510E-32     2.000E-32     1.604E-32     1.143E-32     2.724E-14     3.474E-11     8.423E-09     2.587E-07     7.010E-08     3.899E-11
7.09     2.087E-33     1.678E-33     1.821E-33     2.411E-33     1.935E-33     1.378E-33     1.285E-14     1.937E-11     5.384E-09     1.823E-07     4.905E-08     2.275E-11
7.19     2.480E-34     1.994E-34     2.163E-34     2.865E-34     2.298E-34     1.637E-34     6.048E-15     1.078E-11     3.437E-09     1.283E-07     3.432E-08     1.326E-11
7.29     2.904E-35     2.335E-35     2.533E-35     3.354E-35     2.691E-35     1.917E-35     2.839E-15     5.988E-12     2.192E-09     9.028E-08     2.400E-08     7.720E-12
7.39     3.352E-36     2.695E-36     2.923E-36     3.871E-36     3.106E-36     2.212E-36     1.329E-15     3.322E-12     1.396E-09     6.347E-08     1.678E-08     4.489E-12
7.49     3.813E-37     3.066E-37     3.326E-37     4.405E-37     3.534E-37     2.517E-37     6.210E-16     1.840E-12     8.878E-10     4.458E-08     1.173E-08     2.608E-12
7.59     4.277E-38     3.439E-38     3.730E-38     4.940E-38     3.964E-38     2.823E-38     2.893E-16     1.017E-12     5.640E-10     3.129E-08     8.203E-09     1.513E-12
7.69     4.729E-39     3.802E-39     4.125E-39     5.463E-39     4.383E-39     3.122E-39     1.345E-16     5.616E-13     3.579E-10     2.195E-08     5.733E-09     8.771E-13
7.79     5.156E-40     4.146E-40     4.497E-40     5.956E-40     4.779E-40     3.404E-40     6.237E-17     3.096E-13     2.268E-10     1.538E-08     4.006E-09     5.078E-13
7.89     5.544E-41     4.457E-41     4.835E-41     6.404E-41     5.138E-41     3.660E-41     2.885E-17     1.704E-13     1.436E-10     1.077E-08     2.799E-09     2.937E-13
7.99     5.878E-42     4.726E-42     5.127E-42     6.790E-42     5.448E-42     3.880E-42     1.332E-17     9.364E-14     9.079E-11     7.540E-09     1.955E-09     1.697E-13