* De conditionele overschrijdingskans van de zeewaterstand zonder statistische onzekerheid gegeven de windrichting
* voor een 12-uursperiode te Huibertgat, gelegen op locatie: 
* 221990, 621330
* 
* Deze statistiek is afgeleid met dezelfde methode als gebruikt in 3280.20.03.
* De door Deltares op 10 november 2016 aangeleverde statistiek is gebruikt als bron.
*
* Het waterstandsbereik waarvoor de overschrijdingskansen zijn gegeven is het hoogwater 2017 tot 8.00 m + NAP
* met een stapgrootte van 0.1 m. De laatste stapgrootte kan afwijken om op 8.00 m uit te komen. Hierbij wordt
* een stapgrootte van minimaal 6 en maximaal 15 cm gekozen.
* 
* Door: G.W.F. Rongen van HKV lijn in water
* Project: PR3510.10
*
* m (m+NAP) 30              60              90              120             150             180             210             240             270             300             330             360
  1.02      1.000e+00       1.000e+00       1.000e+00       1.000e+00       1.000e+00       1.000e+00       1.000e+00       1.000e+00       1.000e+00       1.000e+00       1.000e+00       1.000e+00       
  1.12      1.000e+00       1.000e+00       1.000e+00       1.000e+00       1.000e+00       1.000e+00       3.849e-01       4.911e-01       6.979e-01       7.423e-01       6.342e-01       5.109e-01       
  1.22      1.000e+00       1.000e+00       1.000e+00       1.000e+00       1.000e+00       1.000e+00       1.482e-01       2.412e-01       4.870e-01       5.509e-01       4.022e-01       2.611e-01       
  1.32      1.000e+00       1.000e+00       1.000e+00       1.000e+00       1.000e+00       1.000e+00       5.704e-02       1.184e-01       3.399e-01       4.089e-01       2.551e-01       1.334e-01       
  1.42      7.972e-01       5.222e-01       3.892e-01       5.492e-01       5.274e-01       2.874e-01       2.462e-02       8.194e-02       2.531e-01       3.066e-01       1.900e-01       7.391e-02       
  1.52      1.577e-01       1.033e-01       7.697e-02       1.086e-01       1.043e-01       5.683e-02       1.052e-02       5.635e-02       1.873e-01       2.284e-01       1.407e-01       4.090e-02       
  1.62      3.052e-02       1.999e-02       1.490e-02       2.102e-02       2.019e-02       1.100e-02       4.450e-03       3.853e-02       1.377e-01       1.691e-01       1.036e-01       2.261e-02       
  1.72      5.786e-03       3.790e-03       2.824e-03       3.986e-03       3.827e-03       2.086e-03       1.866e-03       2.620e-02       1.007e-01       1.245e-01       7.591e-02       1.248e-02       
  1.82      1.076e-03       7.046e-04       5.251e-04       7.411e-04       7.116e-04       3.878e-04       7.755e-04       1.772e-02       7.317e-02       9.113e-02       5.531e-02       6.884e-03       
  1.92      1.963e-04       1.286e-04       9.583e-05       1.352e-04       1.299e-04       7.076e-05       3.197e-04       1.193e-02       5.289e-02       6.635e-02       4.011e-02       3.793e-03       
  2.02      3.519e-05       2.305e-05       1.718e-05       2.424e-05       2.328e-05       1.268e-05       1.307e-04       7.992e-03       3.802e-02       4.805e-02       2.895e-02       2.088e-03       
  2.12      6.200e-06       4.061e-06       3.026e-06       4.271e-06       4.101e-06       2.235e-06       5.306e-05       5.329e-03       2.720e-02       3.463e-02       2.079e-02       1.149e-03       
  2.22      1.074e-06       7.037e-07       5.245e-07       7.402e-07       7.107e-07       3.873e-07       2.138e-05       3.538e-03       1.936e-02       2.484e-02       1.487e-02       6.311e-04       
  2.32      1.832e-07       1.200e-07       8.945e-08       1.262e-07       1.212e-07       6.605e-08       8.555e-06       2.338e-03       1.371e-02       1.773e-02       1.059e-02       3.466e-04       
  2.42      3.078e-08       2.016e-08       1.502e-08       2.120e-08       2.036e-08       1.109e-08       3.400e-06       1.539e-03       9.667e-03       1.260e-02       7.512e-03       1.901e-04       
  2.52      5.093e-09       3.336e-09       2.486e-09       3.509e-09       3.369e-09       1.836e-09       1.342e-06       1.009e-03       6.785e-03       8.912e-03       5.306e-03       1.042e-04       
  2.62      8.307e-10       5.441e-10       4.055e-10       5.723e-10       5.495e-10       2.994e-10       5.266e-07       6.592e-04       4.741e-03       6.277e-03       3.734e-03       5.711e-05       
  2.72      1.336e-10       8.752e-11       6.523e-11       9.205e-11       8.839e-11       4.816e-11       2.053e-07       4.289e-04       3.299e-03       4.403e-03       2.617e-03       3.127e-05       
  2.82      2.120e-11       1.389e-11       1.035e-11       1.461e-11       1.403e-11       7.643e-12       7.959e-08       2.780e-04       2.286e-03       3.076e-03       1.828e-03       1.711e-05       
  2.92      3.321e-12       2.175e-12       1.621e-12       2.288e-12       2.197e-12       1.197e-12       3.068e-08       1.796e-04       1.577e-03       2.140e-03       1.272e-03       9.353e-06       
  3.02      5.135e-13       3.363e-13       2.507e-13       3.538e-13       3.397e-13       1.851e-13       1.176e-08       1.156e-04       1.084e-03       1.484e-03       8.820e-04       5.111e-06       
  3.12      7.841e-14       5.136e-14       3.828e-14       5.402e-14       5.187e-14       2.826e-14       4.482e-09       7.417e-05       7.422e-04       1.024e-03       6.096e-04       2.791e-06       
  3.22      1.183e-14       7.749e-15       5.775e-15       8.150e-15       7.826e-15       4.264e-15       1.699e-09       4.742e-05       5.062e-04       7.047e-04       4.199e-04       1.523e-06       
  3.32      1.764e-15       1.155e-15       8.611e-16       1.215e-15       1.167e-15       6.358e-16       6.410e-10       3.023e-05       3.440e-04       4.831e-04       2.882e-04       8.308e-07       
  3.42      2.600e-16       1.703e-16       1.269e-16       1.791e-16       1.720e-16       9.371e-17       2.406e-10       1.921e-05       2.329e-04       3.299e-04       1.973e-04       4.529e-07       
  3.52      3.789e-17       2.482e-17       1.850e-17       2.610e-17       2.506e-17       1.366e-17       8.986e-11       1.217e-05       1.571e-04       2.246e-04       1.346e-04       2.468e-07       
  3.62      5.461e-18       3.577e-18       2.666e-18       3.762e-18       3.613e-18       1.969e-18       3.340e-11       7.683e-06       1.057e-04       1.523e-04       9.152e-05       1.344e-07       
  3.72      7.788e-19       5.101e-19       3.802e-19       5.365e-19       5.152e-19       2.807e-19       1.236e-11       4.838e-06       7.079e-05       1.030e-04       6.206e-05       7.315e-08       
  3.82      1.099e-19       7.197e-20       5.364e-20       7.571e-20       7.269e-20       3.961e-20       4.552e-12       3.038e-06       4.727e-05       6.939e-05       4.196e-05       3.980e-08       
  3.92      1.535e-20       1.005e-20       7.492e-21       1.057e-20       1.015e-20       5.532e-21       1.669e-12       1.902e-06       3.146e-05       4.661e-05       2.828e-05       2.164e-08       
  4.02      2.122e-21       1.390e-21       1.036e-21       1.462e-21       1.404e-21       7.648e-22       6.093e-13       1.188e-06       2.087e-05       3.121e-05       1.901e-05       1.176e-08       
  4.12      2.905e-22       1.902e-22       1.418e-22       2.001e-22       1.921e-22       1.047e-22       2.215e-13       7.395e-07       1.380e-05       2.083e-05       1.275e-05       6.391e-09       
  4.22      3.938e-23       2.579e-23       1.922e-23       2.713e-23       2.605e-23       1.419e-23       8.017e-14       4.592e-07       9.100e-06       1.386e-05       8.521e-06       3.470e-09       
  4.32      5.288e-24       3.464e-24       2.581e-24       3.643e-24       3.498e-24       1.906e-24       2.890e-14       2.845e-07       5.981e-06       9.195e-06       5.681e-06       1.884e-09       
  4.42      7.035e-25       4.608e-25       3.434e-25       4.847e-25       4.654e-25       2.536e-25       1.038e-14       1.757e-07       3.919e-06       6.082e-06       3.778e-06       1.022e-09       
  4.52      9.274e-26       6.074e-26       4.527e-26       6.389e-26       6.135e-26       3.343e-26       3.711e-15       1.083e-07       2.560e-06       4.011e-06       2.506e-06       5.543e-10       
  4.62      1.212e-26       7.936e-27       5.915e-27       8.347e-27       8.015e-27       4.367e-27       1.322e-15       6.658e-08       1.667e-06       2.638e-06       1.658e-06       3.005e-10       
  4.72      1.569e-27       1.028e-27       7.659e-28       1.081e-27       1.038e-27       5.655e-28       4.692e-16       4.083e-08       1.083e-06       1.730e-06       1.094e-06       1.628e-10       
  4.82      2.014e-28       1.319e-28       9.832e-29       1.388e-28       1.332e-28       7.260e-29       1.659e-16       2.498e-08       7.014e-07       1.131e-06       7.200e-07       8.821e-11       
  4.92      2.563e-29       1.679e-29       1.251e-29       1.766e-29       1.696e-29       9.240e-30       5.843e-17       1.525e-08       4.530e-07       7.378e-07       4.728e-07       4.777e-11       
  5.02      3.235e-30       2.119e-30       1.579e-30       2.229e-30       2.140e-30       1.166e-30       2.051e-17       9.285e-09       2.917e-07       4.799e-07       3.097e-07       2.585e-11       
  5.12      4.050e-31       2.653e-31       1.977e-31       2.790e-31       2.679e-31       1.460e-31       7.173e-18       5.641e-09       1.874e-07       3.113e-07       2.024e-07       1.399e-11       
  5.22      5.028e-32       3.293e-32       2.454e-32       3.464e-32       3.326e-32       1.812e-32       2.500e-18       3.420e-09       1.200e-07       2.014e-07       1.320e-07       7.567e-12       
  5.32      6.193e-33       4.056e-33       3.023e-33       4.266e-33       4.096e-33       2.232e-33       8.682e-19       2.068e-09       7.667e-08       1.300e-07       8.584e-08       4.091e-12       
  5.42      7.567e-34       4.956e-34       3.694e-34       5.213e-34       5.006e-34       2.728e-34       3.005e-19       1.248e-09       4.885e-08       8.364e-08       5.571e-08       2.211e-12       
  5.52      9.175e-35       6.009e-35       4.479e-35       6.321e-35       6.069e-35       3.307e-35       1.037e-19       7.518e-10       3.105e-08       5.370e-08       3.608e-08       1.195e-12       
  5.62      1.104e-35       7.230e-36       5.389e-36       7.605e-36       7.302e-36       3.979e-36       3.565e-20       4.518e-10       1.968e-08       3.439e-08       2.331e-08       6.454e-13       
  5.72      1.318e-36       8.634e-37       6.435e-37       9.081e-37       8.720e-37       4.751e-37       1.222e-20       2.709e-10       1.244e-08       2.197e-08       1.503e-08       3.485e-13       
  5.82      1.562e-37       1.023e-37       7.627e-38       1.076e-37       1.033e-37       5.632e-38       4.175e-21       1.622e-10       7.849e-09       1.400e-08       9.668e-09       1.881e-13       
  5.92      1.838e-38       1.204e-38       8.973e-39       1.266e-38       1.216e-38       6.626e-39       1.422e-21       9.685e-11       4.938e-09       8.900e-09       6.207e-09       1.015e-13       
  6.02      2.147e-39       1.406e-39       1.048e-39       1.479e-39       1.420e-39       7.739e-40       4.827e-22       5.772e-11       3.099e-09       5.645e-09       3.976e-09       5.476e-14       
  6.12      2.490e-40       1.631e-40       1.216e-40       1.716e-40       1.647e-40       8.976e-41       1.634e-22       3.434e-11       1.941e-09       3.571e-09       2.542e-09       2.953e-14       
  6.22      2.867e-41       1.878e-41       1.400e-41       1.976e-41       1.897e-41       1.034e-41       5.514e-23       2.039e-11       1.212e-09       2.255e-09       1.622e-09       1.592e-14       
  6.32      3.279e-42       2.148e-42       1.601e-42       2.259e-42       2.169e-42       1.182e-42       1.855e-23       1.208e-11       7.554e-10       1.420e-09       1.032e-09       8.582e-15       
  6.42      3.724e-43       2.439e-43       1.818e-43       2.566e-43       2.464e-43       1.342e-43       6.224e-24       7.145e-12       4.696e-10       8.922e-10       6.560e-10       4.624e-15       
  6.52      4.201e-44       2.752e-44       2.051e-44       2.894e-44       2.779e-44       1.514e-44       2.082e-24       4.218e-12       2.913e-10       5.594e-10       4.160e-10       2.491e-15       
  6.62      4.707e-45       3.083e-45       2.298e-45       3.243e-45       3.114e-45       1.697e-45       6.944e-25       2.485e-12       1.803e-10       3.499e-10       2.633e-10       1.341e-15       
  6.72      5.239e-46       3.432e-46       2.558e-46       3.610e-46       3.466e-46       1.889e-46       2.310e-25       1.462e-12       1.113e-10       2.184e-10       1.663e-10       7.220e-16       
  6.82      5.794e-47       3.795e-47       2.828e-47       3.991e-47       3.832e-47       2.088e-47       7.661e-26       8.580e-13       6.859e-11       1.360e-10       1.048e-10       3.886e-16       
  6.92      6.365e-48       4.169e-48       3.107e-48       4.385e-48       4.211e-48       2.294e-48       2.534e-26       5.028e-13       4.216e-11       8.454e-11       6.598e-11       2.091e-16       
  7.02      6.948e-49       4.551e-49       3.392e-49       4.787e-49       4.596e-49       2.505e-49       8.358e-27       2.941e-13       2.586e-11       5.243e-11       4.144e-11       1.125e-16       
  7.12      7.537e-50       4.937e-50       3.680e-50       5.193e-50       4.986e-50       2.717e-50       2.750e-27       1.717e-13       1.583e-11       3.245e-11       2.598e-11       6.048e-17       
  7.22      8.125e-51       5.322e-51       3.966e-51       5.598e-51       5.375e-51       2.929e-51       9.022e-28       1.001e-13       9.668e-12       2.004e-11       1.626e-11       3.251e-17       
  7.32      8.705e-52       5.702e-52       4.249e-52       5.997e-52       5.758e-52       3.138e-52       2.952e-28       5.825e-14       5.892e-12       1.235e-11       1.015e-11       1.748e-17       
  7.42      9.269e-53       6.071e-53       4.525e-53       6.386e-53       6.132e-53       3.341e-53       9.636e-29       3.384e-14       3.584e-12       7.594e-12       6.330e-12       9.390e-18       
  7.52      9.810e-54       6.426e-54       4.789e-54       6.759e-54       6.490e-54       3.536e-54       3.137e-29       1.962e-14       2.175e-12       4.661e-12       3.940e-12       5.045e-18       
  7.62      1.032e-54       6.760e-55       5.038e-55       7.111e-55       6.827e-55       3.720e-55       1.019e-29       1.136e-14       1.317e-12       2.855e-12       2.448e-12       2.709e-18       
  7.72      1.079e-55       7.070e-56       5.269e-56       7.437e-56       7.140e-56       3.891e-56       3.299e-30       6.567e-15       7.962e-13       1.745e-12       1.518e-12       1.455e-18       
  7.82      1.122e-56       7.351e-57       5.479e-57       7.732e-57       7.424e-57       4.045e-57       1.066e-30       3.790e-15       4.803e-13       1.065e-12       9.398e-13       7.809e-19       
  7.92      1.160e-57       7.599e-58       5.663e-58       7.993e-58       7.674e-58       4.182e-58       3.436e-31       2.183e-15       2.891e-13       6.482e-13       5.808e-13       4.191e-19       
  8.00      1.880e-58       1.232e-58       9.179e-59       1.295e-58       1.244e-58       6.778e-59       1.386e-31       1.403e-15       1.924e-13       4.352e-13       3.947e-13       2.547e-19       