* De conditionele overschrijdingskans van de zeewaterstand met statistische onzekerheid gegeven de windrichting
* voor een 12-uursperiode te Huibertgat, gelegen op locatie: 
* 221990, 621330
* 
* Deze statistiek is afgeleid met dezelfde methode als gebruikt in 3280.20.03.
* De door Deltares op 10 november 2016 aangeleverde statistiek is gebruikt als bron.
*
* Het waterstandsbereik waarvoor de overschrijdingskansen zijn gegeven is het hoogwater 2017 tot 8.00 m + NAP
* met een stapgrootte van 0.1 m. De laatste stapgrootte kan afwijken om op 8.00 m uit te komen. Hierbij wordt
* een stapgrootte van minimaal 6 en maximaal 15 cm gekozen.
* 
* Door: G.W.F. Rongen van HKV lijn in water
* Project: PR3510.10
*
* m (m+NAP) 30              60              90              120             150             180             210             240             270             300             330             360
  1.02      1.000e+00       1.000e+00       1.000e+00       1.000e+00       1.000e+00       1.000e+00       1.000e+00       1.000e+00       1.000e+00       1.000e+00       1.000e+00       1.000e+00       
  1.12      1.000e+00       1.000e+00       1.000e+00       1.000e+00       1.000e+00       1.000e+00       3.777e-01       4.816e-01       6.882e-01       7.333e-01       6.240e-01       5.012e-01       
  1.22      1.000e+00       1.000e+00       1.000e+00       1.000e+00       1.000e+00       1.000e+00       1.454e-01       2.365e-01       4.803e-01       5.443e-01       3.957e-01       2.561e-01       
  1.32      9.999e-01       9.982e-01       9.886e-01       9.987e-01       9.984e-01       9.508e-01       5.660e-02       1.204e-01       3.378e-01       4.046e-01       2.556e-01       1.319e-01       
  1.42      7.327e-01       5.163e-01       3.887e-01       5.405e-01       5.212e-01       2.875e-01       2.413e-02       8.077e-02       2.500e-01       3.029e-01       1.877e-01       7.255e-02       
  1.52      1.580e-01       1.035e-01       7.712e-02       1.088e-01       1.045e-01       5.695e-02       1.031e-02       5.553e-02       1.850e-01       2.256e-01       1.390e-01       4.015e-02       
  1.62      3.061e-02       2.005e-02       1.494e-02       2.109e-02       2.025e-02       1.103e-02       4.363e-03       3.797e-02       1.360e-01       1.670e-01       1.023e-01       2.219e-02       
  1.72      5.811e-03       3.806e-03       2.837e-03       4.003e-03       3.844e-03       2.095e-03       1.829e-03       2.582e-02       9.940e-02       1.229e-01       7.494e-02       1.225e-02       
  1.82      1.082e-03       7.084e-04       5.280e-04       7.452e-04       7.155e-04       3.899e-04       7.604e-04       1.746e-02       7.223e-02       8.997e-02       5.461e-02       6.758e-03       
  1.92      1.976e-04       1.294e-04       9.646e-05       1.361e-04       1.307e-04       7.122e-05       3.135e-04       1.175e-02       5.220e-02       6.549e-02       3.959e-02       3.723e-03       
  2.02      3.545e-05       2.322e-05       1.731e-05       2.443e-05       2.345e-05       1.278e-05       1.282e-04       7.872e-03       3.752e-02       4.743e-02       2.857e-02       2.050e-03       
  2.12      6.253e-06       4.096e-06       3.053e-06       4.308e-06       4.136e-06       2.254e-06       5.204e-05       5.248e-03       2.684e-02       3.418e-02       2.052e-02       1.127e-03       
  2.22      1.085e-06       7.105e-07       5.295e-07       7.473e-07       7.176e-07       3.910e-07       2.097e-05       3.484e-03       1.910e-02       2.451e-02       1.467e-02       6.195e-04       
  2.32      1.852e-07       1.213e-07       9.041e-08       1.276e-07       1.225e-07       6.676e-08       8.390e-06       2.303e-03       1.353e-02       1.749e-02       1.045e-02       3.402e-04       
  2.42      3.113e-08       2.039e-08       1.520e-08       2.145e-08       2.060e-08       1.122e-08       3.334e-06       1.516e-03       9.534e-03       1.243e-02       7.410e-03       1.866e-04       
  2.52      5.157e-09       3.378e-09       2.517e-09       3.553e-09       3.411e-09       1.859e-09       1.317e-06       9.936e-04       6.691e-03       8.790e-03       5.234e-03       1.023e-04       
  2.62      8.419e-10       5.515e-10       4.110e-10       5.800e-10       5.569e-10       3.035e-10       5.166e-07       6.489e-04       4.675e-03       6.191e-03       3.682e-03       5.605e-05       
  2.72      1.356e-10       8.878e-11       6.617e-11       9.339e-11       8.967e-11       4.886e-11       2.014e-07       4.222e-04       3.252e-03       4.342e-03       2.581e-03       3.069e-05       
  2.82      2.153e-11       1.410e-11       1.051e-11       1.483e-11       1.424e-11       7.761e-12       7.809e-08       2.736e-04       2.253e-03       3.033e-03       1.802e-03       1.679e-05       
  2.92      3.369e-12       2.207e-12       1.645e-12       2.321e-12       2.229e-12       1.214e-12       3.005e-08       1.766e-04       1.553e-03       2.109e-03       1.253e-03       9.169e-06       
  3.02      5.232e-13       3.427e-13       2.554e-13       3.605e-13       3.461e-13       1.886e-13       1.142e-08       1.128e-04       1.061e-03       1.452e-03       8.632e-04       4.968e-06       
  3.12      8.671e-14       5.679e-14       4.233e-14       5.974e-14       5.736e-14       3.125e-14       4.440e-09       7.257e-05       7.271e-04       1.004e-03       5.973e-04       2.730e-06       
  3.22      1.450e-14       9.499e-15       7.080e-15       9.992e-15       9.594e-15       5.228e-15       1.728e-09       4.659e-05       4.972e-04       6.921e-04       4.124e-04       1.504e-06       
  3.32      2.447e-15       1.603e-15       1.195e-15       1.686e-15       1.619e-15       8.820e-16       6.733e-10       2.986e-05       3.391e-04       4.760e-04       2.841e-04       8.295e-07       
  3.42      4.163e-16       2.727e-16       2.032e-16       2.868e-16       2.754e-16       1.501e-16       2.626e-10       1.910e-05       2.306e-04       3.265e-04       1.952e-04       4.582e-07       
  3.52      7.131e-17       4.671e-17       3.481e-17       4.913e-17       4.717e-17       2.571e-17       1.023e-10       1.217e-05       1.561e-04       2.228e-04       1.335e-04       2.529e-07       
  3.62      1.234e-17       8.079e-18       6.022e-18       8.498e-18       8.160e-18       4.446e-18       3.987e-11       7.730e-06       1.053e-04       1.516e-04       9.107e-05       1.397e-07       
  3.72      2.220e-18       1.454e-18       1.084e-18       1.529e-18       1.469e-18       8.002e-19       1.581e-11       4.935e-06       7.122e-05       1.034e-04       6.230e-05       7.795e-08       
  3.82      4.187e-19       2.742e-19       2.044e-19       2.884e-19       2.770e-19       1.509e-19       6.361e-12       3.157e-06       4.821e-05       7.061e-05       4.266e-05       4.381e-08       
  3.92      8.083e-20       5.294e-20       3.946e-20       5.569e-20       5.347e-20       2.914e-20       2.575e-12       2.020e-06       3.260e-05       4.814e-05       2.918e-05       2.471e-08       
  4.02      1.586e-20       1.039e-20       7.743e-21       1.093e-20       1.049e-20       5.717e-21       1.047e-12       1.291e-06       2.200e-05       3.275e-05       1.992e-05       1.397e-08       
  4.12      3.159e-21       2.069e-21       1.542e-21       2.176e-21       2.090e-21       1.139e-21       4.280e-13       8.242e-07       1.482e-05       2.224e-05       1.358e-05       7.919e-09       
  4.22      6.386e-22       4.183e-22       3.117e-22       4.400e-22       4.224e-22       2.302e-22       1.761e-13       5.270e-07       9.983e-06       1.511e-05       9.262e-06       4.509e-09       
  4.32      1.315e-22       8.615e-23       6.421e-23       9.061e-23       8.700e-23       4.741e-23       7.333e-14       3.385e-07       6.748e-06       1.029e-05       6.337e-06       2.589e-09       
  4.42      2.791e-23       1.828e-23       1.362e-23       1.923e-23       1.846e-23       1.006e-23       3.110e-14       2.187e-07       4.577e-06       7.039e-06       4.351e-06       1.502e-09       
  4.52      6.172e-24       4.042e-24       3.013e-24       4.252e-24       4.083e-24       2.225e-24       1.341e-14       1.418e-07       3.112e-06       4.824e-06       2.995e-06       8.787e-10       
  4.62      1.423e-24       9.318e-25       6.944e-25       9.801e-25       9.410e-25       5.128e-25       5.859e-15       9.215e-08       2.119e-06       3.309e-06       2.064e-06       5.170e-10       
  4.72      3.380e-25       2.214e-25       1.650e-25       2.329e-25       2.236e-25       1.218e-25       2.582e-15       6.003e-08       1.444e-06       2.273e-06       1.424e-06       3.057e-10       
  4.82      8.196e-26       5.368e-26       4.001e-26       5.647e-26       5.422e-26       2.954e-26       1.146e-15       3.922e-08       9.866e-07       1.564e-06       9.847e-07       1.817e-10       
  4.92      2.019e-26       1.322e-26       9.856e-27       1.391e-26       1.336e-26       7.277e-27       5.134e-16       2.572e-08       6.759e-07       1.080e-06       6.829e-07       1.087e-10       
  5.02      5.047e-27       3.306e-27       2.464e-27       3.477e-27       3.339e-27       1.819e-27       2.323e-16       1.695e-08       4.648e-07       7.478e-07       4.754e-07       6.554e-11       
  5.12      1.282e-27       8.394e-28       6.256e-28       8.829e-28       8.478e-28       4.620e-28       1.064e-16       1.123e-08       3.208e-07       5.199e-07       3.322e-07       3.984e-11       
  5.22      3.314e-28       2.171e-28       1.618e-28       2.283e-28       2.192e-28       1.195e-28       4.942e-17       7.473e-09       2.222e-07       3.626e-07       2.329e-07       2.440e-11       
  5.32      8.764e-29       5.740e-29       4.278e-29       6.038e-29       5.797e-29       3.159e-29       2.325e-17       4.992e-09       1.543e-07       2.536e-07       1.637e-07       1.504e-11       
  5.42      2.378e-29       1.557e-29       1.161e-29       1.638e-29       1.573e-29       8.571e-30       1.106e-17       3.346e-09       1.074e-07       1.778e-07       1.153e-07       9.327e-12       
  5.52      6.629e-30       4.342e-30       3.236e-30       4.567e-30       4.385e-30       2.390e-30       5.314e-18       2.248e-09       7.492e-08       1.248e-07       8.140e-08       5.811e-12       
  5.62      1.896e-30       1.242e-30       9.254e-31       1.306e-30       1.254e-30       6.833e-31       2.573e-18       1.514e-09       5.234e-08       8.777e-08       5.755e-08       3.635e-12       
  5.72      5.537e-31       3.627e-31       2.703e-31       3.815e-31       3.663e-31       1.996e-31       1.254e-18       1.022e-09       3.661e-08       6.182e-08       4.075e-08       2.283e-12       
  5.82      1.645e-31       1.077e-31       8.029e-32       1.133e-31       1.088e-31       5.929e-32       6.144e-19       6.912e-10       2.565e-08       4.360e-08       2.890e-08       1.439e-12       
  5.92      4.951e-32       3.243e-32       2.417e-32       3.411e-32       3.275e-32       1.785e-32       3.028e-19       4.684e-10       1.800e-08       3.079e-08       2.052e-08       9.098e-13       
  6.02      1.507e-32       9.871e-33       7.357e-33       1.038e-32       9.970e-33       5.432e-33       1.499e-19       3.180e-10       1.264e-08       2.177e-08       1.459e-08       5.773e-13       
  6.12      4.633e-33       3.035e-33       2.262e-33       3.192e-33       3.065e-33       1.670e-33       7.463e-20       2.163e-10       8.893e-09       1.541e-08       1.039e-08       3.674e-13       
  6.22      1.438e-33       9.416e-34       7.018e-34       9.904e-34       9.510e-34       5.182e-34       3.731e-20       1.474e-10       6.263e-09       1.092e-08       7.404e-09       2.346e-13       
  6.32      4.500e-34       2.948e-34       2.197e-34       3.100e-34       2.977e-34       1.622e-34       1.874e-20       1.006e-10       4.417e-09       7.752e-09       5.285e-09       1.502e-13       
  6.42      1.421e-34       9.305e-35       6.935e-35       9.787e-35       9.398e-35       5.121e-35       9.456e-21       6.877e-11       3.118e-09       5.508e-09       3.776e-09       9.648e-14       
  6.52      4.521e-35       2.961e-35       2.207e-35       3.115e-35       2.991e-35       1.630e-35       4.790e-21       4.709e-11       2.204e-09       3.918e-09       2.702e-09       6.213e-14       
  6.62      1.450e-35       9.499e-36       7.080e-36       9.991e-36       9.593e-36       5.228e-36       2.437e-21       3.230e-11       1.559e-09       2.789e-09       1.935e-09       4.012e-14       
  6.72      4.687e-36       3.070e-36       2.288e-36       3.229e-36       3.100e-36       1.689e-36       1.244e-21       2.218e-11       1.105e-09       1.988e-09       1.387e-09       2.598e-14       
  6.82      1.526e-36       9.994e-37       7.448e-37       1.051e-36       1.009e-36       5.500e-37       6.379e-22       1.526e-11       7.833e-10       1.419e-09       9.959e-10       1.686e-14       
  6.92      5.002e-37       3.276e-37       2.442e-37       3.446e-37       3.309e-37       1.803e-37       3.282e-22       1.051e-11       5.560e-10       1.013e-09       7.156e-10       1.097e-14       
  7.02      1.651e-37       1.081e-37       8.060e-38       1.137e-37       1.092e-37       5.951e-38       1.695e-22       7.252e-12       3.951e-10       7.243e-10       5.147e-10       7.155e-15       
  7.12      5.486e-38       3.593e-38       2.678e-38       3.779e-38       3.629e-38       1.977e-38       8.780e-23       5.010e-12       2.810e-10       5.183e-10       3.706e-10       4.677e-15       
  7.22      1.834e-38       1.201e-38       8.954e-39       1.264e-38       1.213e-38       6.612e-39       4.565e-23       3.465e-12       2.001e-10       3.713e-10       2.671e-10       3.064e-15       
  7.32      6.171e-39       4.042e-39       3.013e-39       4.252e-39       4.082e-39       2.224e-39       2.381e-23       2.400e-12       1.426e-10       2.662e-10       1.927e-10       2.012e-15       
  7.42      2.089e-39       1.368e-39       1.020e-39       1.439e-39       1.382e-39       7.529e-40       1.246e-23       1.664e-12       1.017e-10       1.910e-10       1.391e-10       1.324e-15       
  7.52      7.111e-40       4.658e-40       3.472e-40       4.899e-40       4.704e-40       2.563e-40       6.539e-24       1.156e-12       7.259e-11       1.372e-10       1.005e-10       8.732e-16       
  7.62      2.435e-40       1.595e-40       1.189e-40       1.677e-40       1.611e-40       8.776e-41       3.442e-24       8.034e-13       5.187e-11       9.859e-11       7.272e-11       5.770e-16       
  7.72      8.382e-41       5.490e-41       4.092e-41       5.775e-41       5.545e-41       3.022e-41       1.817e-24       5.592e-13       3.710e-11       7.093e-11       5.265e-11       3.820e-16       
  7.82      2.901e-41       1.900e-41       1.416e-41       1.999e-41       1.919e-41       1.046e-41       9.624e-25       3.896e-13       2.655e-11       5.107e-11       3.815e-11       2.534e-16       
  7.92      1.009e-41       6.612e-42       4.928e-42       6.955e-42       6.678e-42       3.639e-42       5.110e-25       2.718e-13       1.902e-11       3.680e-11       2.767e-11       1.684e-16       
  8.00      4.354e-42       2.852e-42       2.125e-42       3.000e-42       2.880e-42       1.569e-42       3.086e-25       2.039e-13       1.457e-11       2.833e-11       2.141e-11       1.216e-16       