* De conditionele overschrijdingskans van de zeewaterstand met statistische onzekerheid gegeven de windrichting
* voor een 12-uursperiode te Den Oever Buiten, gelegen op locatie: 
* 132030, 549440
* 
* Deze statistiek is afgeleid met dezelfde methode als gebruikt in 3280.20.03.
* De door Deltares op 10 november 2016 aangeleverde statistiek is gebruikt als bron.
*
* Het waterstandsbereik waarvoor de overschrijdingskansen zijn gegeven is het hoogwater 2017 tot 8.00 m + NAP
* met een stapgrootte van 0.1 m. De laatste stapgrootte kan afwijken om op 8.00 m uit te komen. Hierbij wordt
* een stapgrootte van minimaal 6 en maximaal 15 cm gekozen.
* 
* Door: G.W.F. Rongen van HKV lijn in water
* Project: PR3510.10
*
* m (m+NAP) 30              60              90              120             150             180             210             240             270             300             330             360
  0.78      1.000e+00       1.000e+00       1.000e+00       1.000e+00       1.000e+00       1.000e+00       1.000e+00       1.000e+00       1.000e+00       1.000e+00       1.000e+00       1.000e+00       
  0.88      5.792e-01       5.040e-01       4.582e-01       5.124e-01       5.056e-01       4.157e-01       2.648e-01       3.819e-01       5.226e-01       5.348e-01       4.289e-01       3.254e-01       
  0.98      3.394e-01       2.565e-01       2.114e-01       2.652e-01       2.581e-01       1.734e-01       6.807e-02       1.457e-01       2.760e-01       2.892e-01       1.848e-01       1.047e-01       
  1.08      1.926e-01       1.286e-01       9.725e-02       1.350e-01       1.299e-01       7.289e-02       1.886e-02       6.030e-02       1.556e-01       1.670e-01       8.747e-02       3.747e-02       
  1.18      8.915e-02       5.839e-02       4.352e-02       6.142e-02       5.898e-02       3.214e-02       9.276e-03       4.214e-02       1.277e-01       1.401e-01       7.324e-02       2.754e-02       
  1.28      3.877e-02       2.540e-02       1.893e-02       2.671e-02       2.565e-02       1.398e-02       5.056e-03       3.194e-02       1.102e-01       1.237e-01       6.676e-02       2.273e-02       
  1.38      1.644e-02       1.077e-02       8.026e-03       1.133e-02       1.088e-02       5.927e-03       2.719e-03       2.395e-02       9.410e-02       1.082e-01       6.035e-02       1.856e-02       
  1.48      6.805e-03       4.457e-03       3.322e-03       4.689e-03       4.502e-03       2.453e-03       1.444e-03       1.777e-02       7.950e-02       9.368e-02       5.409e-02       1.502e-02       
  1.58      2.752e-03       1.803e-03       1.344e-03       1.896e-03       1.821e-03       9.921e-04       7.574e-04       1.306e-02       6.646e-02       8.032e-02       4.806e-02       1.203e-02       
  1.68      1.089e-03       7.131e-04       5.315e-04       7.501e-04       7.202e-04       3.924e-04       3.927e-04       9.497e-03       5.497e-02       6.820e-02       4.233e-02       9.551e-03       
  1.78      4.216e-04       2.761e-04       2.058e-04       2.904e-04       2.789e-04       1.520e-04       2.014e-04       6.843e-03       4.500e-02       5.734e-02       3.696e-02       7.512e-03       
  1.88      1.599e-04       1.047e-04       7.805e-05       1.102e-04       1.058e-04       5.763e-05       1.021e-04       4.886e-03       3.645e-02       4.775e-02       3.198e-02       5.856e-03       
  1.98      5.945e-05       3.894e-05       2.902e-05       4.096e-05       3.933e-05       2.143e-05       5.129e-05       3.457e-03       2.922e-02       3.937e-02       2.743e-02       4.525e-03       
  2.08      2.168e-05       1.420e-05       1.058e-05       1.494e-05       1.434e-05       7.815e-06       2.550e-05       2.425e-03       2.319e-02       3.215e-02       2.332e-02       3.466e-03       
  2.18      7.761e-06       5.083e-06       3.788e-06       5.347e-06       5.134e-06       2.797e-06       1.256e-05       1.687e-03       1.821e-02       2.600e-02       1.965e-02       2.633e-03       
  2.28      2.728e-06       1.787e-06       1.332e-06       1.879e-06       1.804e-06       9.833e-07       6.129e-06       1.164e-03       1.416e-02       2.083e-02       1.640e-02       1.983e-03       
  2.38      9.420e-07       6.170e-07       4.599e-07       6.490e-07       6.232e-07       3.396e-07       2.964e-06       7.963e-04       1.090e-02       1.652e-02       1.357e-02       1.482e-03       
  2.48      3.198e-07       2.094e-07       1.561e-07       2.203e-07       2.115e-07       1.153e-07       1.421e-06       5.406e-04       8.301e-03       1.298e-02       1.113e-02       1.098e-03       
  2.58      1.067e-07       6.991e-08       5.211e-08       7.354e-08       7.061e-08       3.847e-08       6.759e-07       3.642e-04       6.260e-03       1.010e-02       9.037e-03       8.073e-04       
  2.68      3.505e-08       2.296e-08       1.711e-08       2.415e-08       2.319e-08       1.263e-08       3.188e-07       2.435e-04       4.674e-03       7.783e-03       7.273e-03       5.889e-04       
  2.78      1.133e-08       7.419e-09       5.530e-09       7.804e-09       7.493e-09       4.083e-09       1.492e-07       1.616e-04       3.455e-03       5.940e-03       5.799e-03       4.262e-04       
  2.88      3.604e-09       2.361e-09       1.759e-09       2.483e-09       2.384e-09       1.299e-09       6.926e-08       1.064e-04       2.529e-03       4.491e-03       4.581e-03       3.061e-04       
  2.98      1.129e-09       7.397e-10       5.513e-10       7.780e-10       7.471e-10       4.071e-10       3.192e-08       6.960e-05       1.832e-03       3.362e-03       3.585e-03       2.182e-04       
  3.08      3.486e-10       2.283e-10       1.702e-10       2.402e-10       2.306e-10       1.257e-10       1.460e-08       4.520e-05       1.315e-03       2.493e-03       2.779e-03       1.544e-04       
  3.18      1.057e-10       6.925e-11       5.161e-11       7.284e-11       6.994e-11       3.811e-11       6.614e-09       2.910e-05       9.326e-04       1.829e-03       2.132e-03       1.083e-04       
  3.28      3.153e-11       2.065e-11       1.539e-11       2.172e-11       2.086e-11       1.137e-11       2.959e-09       1.851e-05       6.521e-04       1.323e-03       1.613e-03       7.502e-05       
  3.38      9.666e-12       6.331e-12       4.718e-12       6.659e-12       6.394e-12       3.484e-12       1.345e-09       1.182e-05       4.550e-04       9.541e-04       1.216e-03       5.202e-05       
  3.48      2.951e-12       1.933e-12       1.440e-12       2.033e-12       1.952e-12       1.064e-12       6.100e-10       7.507e-06       3.148e-04       6.824e-04       9.088e-04       3.585e-05       
  3.58      8.967e-13       5.873e-13       4.377e-13       6.178e-13       5.932e-13       3.232e-13       2.759e-10       4.745e-06       2.159e-04       4.839e-04       6.732e-04       2.457e-05       
  3.68      2.713e-13       1.777e-13       1.324e-13       1.869e-13       1.795e-13       9.780e-14       1.244e-10       2.985e-06       1.469e-04       3.403e-04       4.943e-04       1.673e-05       
  3.78      8.172e-14       5.353e-14       3.989e-14       5.630e-14       5.406e-14       2.946e-14       5.596e-11       1.866e-06       9.896e-05       2.370e-04       3.595e-04       1.132e-05       
  3.88      2.447e-14       1.603e-14       1.194e-14       1.686e-14       1.619e-14       8.820e-15       2.504e-11       1.159e-06       6.597e-05       1.633e-04       2.586e-04       7.594e-06       
  3.98      7.343e-15       4.810e-15       3.585e-15       5.059e-15       4.857e-15       2.647e-15       1.122e-11       7.174e-07       4.369e-05       1.118e-04       1.846e-04       5.075e-06       
  4.08      2.248e-15       1.472e-15       1.097e-15       1.549e-15       1.487e-15       8.103e-16       5.084e-12       4.450e-07       2.885e-05       7.626e-05       1.312e-04       3.390e-06       
  4.18      6.982e-16       4.573e-16       3.408e-16       4.810e-16       4.618e-16       2.517e-16       2.318e-12       2.758e-07       1.896e-05       5.174e-05       9.264e-05       2.258e-06       
  4.28      2.179e-16       1.427e-16       1.064e-16       1.501e-16       1.441e-16       7.854e-17       1.059e-12       1.705e-07       1.238e-05       3.486e-05       6.493e-05       1.498e-06       
  4.38      6.822e-17       4.468e-17       3.330e-17       4.700e-17       4.513e-17       2.459e-17       4.840e-13       1.050e-07       8.029e-06       2.332e-05       4.516e-05       9.890e-07       
  4.48      2.142e-17       1.403e-17       1.046e-17       1.476e-17       1.417e-17       7.722e-18       2.216e-13       6.454e-08       5.176e-06       1.551e-05       3.118e-05       6.504e-07       
  4.58      6.760e-18       4.427e-18       3.300e-18       4.657e-18       4.471e-18       2.437e-18       1.018e-13       3.964e-08       3.323e-06       1.026e-05       2.141e-05       4.269e-07       
  4.68      2.154e-18       1.411e-18       1.052e-18       1.484e-18       1.425e-18       7.766e-19       4.712e-14       2.438e-08       2.129e-06       6.774e-06       1.465e-05       2.801e-07       
  4.78      6.978e-19       4.571e-19       3.407e-19       4.808e-19       4.616e-19       2.515e-19       2.202e-14       1.503e-08       1.362e-06       4.462e-06       9.992e-06       1.838e-07       
  4.88      2.300e-19       1.506e-19       1.123e-19       1.584e-19       1.521e-19       8.290e-20       1.038e-14       9.277e-09       8.696e-07       2.930e-06       6.786e-06       1.205e-07       
  4.98      7.680e-20       5.030e-20       3.749e-20       5.291e-20       5.080e-20       2.768e-20       4.921e-15       5.726e-09       5.534e-07       1.917e-06       4.589e-06       7.893e-08       
  5.08      2.588e-20       1.695e-20       1.263e-20       1.783e-20       1.712e-20       9.327e-21       2.343e-15       3.536e-09       3.514e-07       1.251e-06       3.092e-06       5.164e-08       
  5.18      8.782e-21       5.752e-21       4.287e-21       6.050e-21       5.809e-21       3.166e-21       1.122e-15       2.187e-09       2.229e-07       8.154e-07       2.078e-06       3.380e-08       
  5.28      3.006e-21       1.969e-21       1.467e-21       2.071e-21       1.988e-21       1.083e-21       5.410e-16       1.357e-09       1.415e-07       5.313e-07       1.396e-06       2.216e-08       
  5.38      1.040e-21       6.813e-22       5.078e-22       7.166e-22       6.880e-22       3.749e-22       2.633e-16       8.457e-10       8.991e-08       3.464e-07       9.367e-07       1.456e-08       
  5.48      3.652e-22       2.392e-22       1.783e-22       2.516e-22       2.416e-22       1.316e-22       1.295e-16       5.289e-10       5.719e-08       2.259e-07       6.283e-07       9.587e-09       
  5.58      1.304e-22       8.539e-23       6.364e-23       8.981e-23       8.624e-23       4.699e-23       6.428e-17       3.317e-10       3.641e-08       1.473e-07       4.210e-07       6.321e-09       
  5.68      4.732e-23       3.099e-23       2.310e-23       3.260e-23       3.130e-23       1.706e-23       3.217e-17       2.085e-10       2.317e-08       9.603e-08       2.816e-07       4.171e-09       
  5.78      1.742e-23       1.141e-23       8.504e-24       1.200e-23       1.152e-23       6.279e-24       1.620e-17       1.313e-10       1.474e-08       6.253e-08       1.881e-07       2.753e-09       
  5.88      6.485e-24       4.248e-24       3.166e-24       4.468e-24       4.290e-24       2.338e-24       8.201e-18       8.276e-11       9.370e-09       4.067e-08       1.254e-07       1.817e-09       
  5.98      2.435e-24       1.595e-24       1.189e-24       1.677e-24       1.611e-24       8.777e-25       4.169e-18       5.223e-11       5.951e-09       2.642e-08       8.340e-08       1.200e-09       
  6.08      9.204e-25       6.029e-25       4.493e-25       6.341e-25       6.089e-25       3.318e-25       2.128e-18       3.299e-11       3.777e-09       1.714e-08       5.539e-08       7.922e-10       
  6.18      3.500e-25       2.293e-25       1.709e-25       2.412e-25       2.316e-25       1.262e-25       1.090e-18       2.086e-11       2.395e-09       1.111e-08       3.672e-08       5.231e-10       
  6.28      1.339e-25       8.768e-26       6.535e-26       9.222e-26       8.855e-26       4.825e-26       5.601e-19       1.320e-11       1.517e-09       7.190e-09       2.430e-08       3.454e-10       
  6.38      5.146e-26       3.370e-26       2.512e-26       3.545e-26       3.404e-26       1.855e-26       2.889e-19       8.362e-12       9.608e-10       4.650e-09       1.605e-08       2.281e-10       
  6.48      1.988e-26       1.302e-26       9.705e-27       1.370e-26       1.315e-26       7.166e-27       1.495e-19       5.301e-12       6.080e-10       3.004e-09       1.059e-08       1.506e-10       
  6.58      7.719e-27       5.056e-27       3.768e-27       5.318e-27       5.106e-27       2.782e-27       7.758e-20       3.364e-12       3.844e-10       1.939e-09       6.974e-09       9.949e-11       
  6.68      3.011e-27       1.972e-27       1.470e-27       2.074e-27       1.992e-27       1.085e-27       4.039e-20       2.136e-12       2.429e-10       1.250e-09       4.586e-09       6.571e-11       
  6.78      1.180e-27       7.727e-28       5.759e-28       8.128e-28       7.804e-28       4.252e-28       2.109e-20       1.358e-12       1.534e-10       8.051e-10       3.012e-09       4.341e-11       
  6.88      4.643e-28       3.041e-28       2.266e-28       3.199e-28       3.071e-28       1.674e-28       1.104e-20       8.638e-13       9.681e-11       5.182e-10       1.975e-09       2.868e-11       
  6.98      1.835e-28       1.202e-28       8.957e-29       1.264e-28       1.214e-28       6.614e-29       5.799e-21       5.499e-13       6.106e-11       3.332e-10       1.293e-09       1.895e-11       
  7.08      7.281e-29       4.769e-29       3.554e-29       5.016e-29       4.817e-29       2.625e-29       3.054e-21       3.504e-13       3.849e-11       2.141e-10       8.457e-10       1.252e-11       
  7.18      2.901e-29       1.900e-29       1.416e-29       1.999e-29       1.919e-29       1.046e-29       1.612e-21       2.234e-13       2.425e-11       1.374e-10       5.524e-10       8.272e-12       
  7.28      1.160e-29       7.599e-30       5.663e-30       7.993e-30       7.675e-30       4.182e-30       8.532e-22       1.425e-13       1.527e-11       8.815e-11       3.603e-10       5.467e-12       
  7.38      4.657e-30       3.050e-30       2.273e-30       3.209e-30       3.081e-30       1.679e-30       4.527e-22       9.101e-14       9.611e-12       5.650e-11       2.347e-10       3.613e-12       
  7.48      1.876e-30       1.229e-30       9.160e-31       1.293e-30       1.241e-30       6.763e-31       2.408e-22       5.815e-14       6.046e-12       3.619e-11       1.527e-10       2.388e-12       
  7.58      7.586e-31       4.969e-31       3.703e-31       5.226e-31       5.018e-31       2.735e-31       1.284e-22       3.718e-14       3.802e-12       2.316e-11       9.928e-11       1.579e-12       
  7.68      3.078e-31       2.016e-31       1.502e-31       2.120e-31       2.036e-31       1.109e-31       6.859e-23       2.379e-14       2.389e-12       1.481e-11       6.446e-11       1.044e-12       
  7.78      1.253e-31       8.205e-32       6.116e-32       8.631e-32       8.287e-32       4.516e-32       3.673e-23       1.523e-14       1.501e-12       9.469e-12       4.180e-11       6.901e-13       
  7.88      5.116e-32       3.351e-32       2.497e-32       3.525e-32       3.384e-32       1.844e-32       1.971e-23       9.760e-15       9.424e-13       6.048e-12       2.708e-11       4.564e-13       
  8.00      1.754e-32       1.149e-32       8.562e-33       1.208e-32       1.160e-32       6.322e-33       9.368e-24       5.725e-15       5.389e-13       3.529e-12       1.606e-11       2.778e-13       