* De conditionele overschrijdingskans van de zeewaterstand gegeven de windrichting
* voor een 12-uursperiode te Den Oever, gelegen op locatie: 
* 132030, 549440 
*
* De getallen zijn afkomstig uit het spreadsheet Afleiding_zeewaterstandstatistiek.xls,               
* tabblad OvKans_Zeewaterstand.
* Speadsheet gemaakt door Matthijs Duits van HKV lijn in water op 2 mei 2013
*
* De parameters voor de Weibullverdelingen (geldig voor een winterhalfjaar), die de basis vormen van 
* onderstaande conditionele overschrijdingskansen, zijn ontleend aan:
* Hydra-K, versie 3.6.5. Bestand: dov_A.e30
*
* Onderstaand is m de zeewaterstand en r de windrichting
*
*m \ r   30            60            90            120           150           180           210           240           270           300           330           360
0.77     1.000E+00     1.000E+00     1.000E+00     1.000E+00     1.000E+00     1.000E+00     1.000E+00     1.000E+00     1.000E+00     1.000E+00     1.000E+00     1.000E+00
0.87     5.087E-01     4.730E-01     4.860E-01     5.337E-01     4.959E-01     4.429E-01     2.827E-01     4.031E-01     5.270E-01     5.352E-01     3.888E-01     2.801E-01
0.97     2.587E-01     2.237E-01     2.362E-01     2.848E-01     2.460E-01     1.962E-01     7.990E-02     1.625E-01     2.778E-01     2.864E-01     1.511E-01     7.844E-02
1.07     1.316E-01     1.058E-01     1.148E-01     1.520E-01     1.220E-01     8.688E-02     2.258E-02     6.551E-02     1.464E-01     1.533E-01     5.876E-02     2.197E-02
1.17     5.872E-02     4.721E-02     5.122E-02     6.783E-02     5.442E-02     3.876E-02     1.249E-02     5.024E-02     1.278E-01     1.367E-01     5.404E-02     1.832E-02
1.27     2.551E-02     2.051E-02     2.225E-02     2.947E-02     2.364E-02     1.684E-02     6.805E-03     3.809E-02     1.103E-01     1.208E-01     4.928E-02     1.512E-02
1.37     1.081E-02     8.689E-03     9.425E-03     1.248E-02     1.002E-02     7.133E-03     3.659E-03     2.857E-02     9.426E-02     1.056E-01     4.456E-02     1.236E-02
1.47     4.468E-03     3.592E-03     3.897E-03     5.161E-03     4.141E-03     2.949E-03     1.942E-03     2.120E-02     7.967E-02     9.150E-02     3.995E-02     9.999E-03
1.57     1.805E-03     1.451E-03     1.574E-03     2.085E-03     1.673E-03     1.192E-03     1.019E-03     1.557E-02     6.662E-02     7.848E-02     3.551E-02     8.014E-03
1.67     7.132E-04     5.734E-04     6.221E-04     8.238E-04     6.610E-04     4.708E-04     5.280E-04     1.133E-02     5.512E-02     6.665E-02     3.129E-02     6.363E-03
1.77     2.758E-04     2.218E-04     2.406E-04     3.186E-04     2.557E-04     1.821E-04     2.707E-04     8.166E-03     4.513E-02     5.606E-02     2.732E-02     5.005E-03
1.87     1.045E-04     8.403E-05     9.115E-05     1.207E-04     9.686E-05     6.899E-05     1.373E-04     5.831E-03     3.657E-02     4.669E-02     2.365E-02     3.903E-03
1.97     3.881E-05     3.121E-05     3.385E-05     4.483E-05     3.597E-05     2.562E-05     6.892E-05     4.126E-03     2.933E-02     3.852E-02     2.030E-02     3.016E-03
2.07     1.414E-05     1.137E-05     1.233E-05     1.633E-05     1.310E-05     9.334E-06     3.426E-05     2.895E-03     2.328E-02     3.146E-02     1.726E-02     2.311E-03
2.17     5.055E-06     4.065E-06     4.409E-06     5.840E-06     4.685E-06     3.337E-06     1.687E-05     2.014E-03     1.829E-02     2.545E-02     1.454E-02     1.756E-03
2.27     1.775E-06     1.427E-06     1.548E-06     2.050E-06     1.645E-06     1.172E-06     8.229E-06     1.389E-03     1.422E-02     2.039E-02     1.215E-02     1.323E-03
2.37     6.123E-07     4.923E-07     5.340E-07     7.072E-07     5.675E-07     4.042E-07     3.979E-06     9.507E-04     1.094E-02     1.618E-02     1.005E-02     9.884E-04
2.47     2.076E-07     1.669E-07     1.811E-07     2.398E-07     1.924E-07     1.370E-07     1.907E-06     6.455E-04     8.340E-03     1.271E-02     8.242E-03     7.326E-04
2.57     6.922E-08     5.565E-08     6.037E-08     7.995E-08     6.415E-08     4.569E-08     9.067E-07     4.348E-04     6.291E-03     9.895E-03     6.697E-03     5.386E-04
2.67     2.270E-08     1.826E-08     1.980E-08     2.623E-08     2.104E-08     1.499E-08     4.275E-07     2.907E-04     4.698E-03     7.627E-03     5.391E-03     3.929E-04
2.77     7.329E-09     5.893E-09     6.393E-09     8.466E-09     6.793E-09     4.838E-09     2.000E-07     1.929E-04     3.473E-03     5.822E-03     4.299E-03     2.844E-04
2.87     2.329E-09     1.873E-09     2.032E-09     2.691E-09     2.159E-09     1.538E-09     9.284E-08     1.271E-04     2.542E-03     4.402E-03     3.397E-03     2.043E-04
2.97     7.290E-10     5.862E-10     6.359E-10     8.421E-10     6.757E-10     4.813E-10     4.277E-08     8.312E-05     1.843E-03     3.297E-03     2.659E-03     1.457E-04
3.07     2.248E-10     1.807E-10     1.961E-10     2.597E-10     2.083E-10     1.484E-10     1.956E-08     5.398E-05     1.322E-03     2.445E-03     2.062E-03     1.031E-04
3.17     6.830E-11     5.492E-11     5.958E-11     7.890E-11     6.331E-11     4.509E-11     8.883E-09     3.481E-05     9.396E-04     1.796E-03     1.584E-03     7.239E-05
3.27     2.046E-11     1.645E-11     1.784E-11     2.363E-11     1.896E-11     1.351E-11     4.005E-09     2.230E-05     6.611E-04     1.307E-03     1.205E-03     5.048E-05
3.37     6.042E-12     4.858E-12     5.270E-12     6.979E-12     5.600E-12     3.989E-12     1.794E-09     1.419E-05     4.606E-04     9.419E-04     9.083E-04     3.494E-05
3.47     1.760E-12     1.415E-12     1.535E-12     2.033E-12     1.631E-12     1.162E-12     7.979E-10     8.968E-06     3.178E-04     6.724E-04     6.781E-04     2.401E-05
3.57     5.057E-13     4.066E-13     4.411E-13     5.841E-13     4.687E-13     3.338E-13     3.526E-10     5.631E-06     2.171E-04     4.754E-04     5.014E-04     1.639E-05
3.67     1.434E-13     1.153E-13     1.251E-13     1.656E-13     1.329E-13     9.465E-14     1.548E-10     3.514E-06     1.469E-04     3.329E-04     3.672E-04     1.111E-05
3.77     4.012E-14     3.226E-14     3.500E-14     4.635E-14     3.719E-14     2.649E-14     6.756E-11     2.178E-06     9.846E-05     2.309E-04     2.663E-04     7.473E-06
3.87     1.108E-14     8.912E-15     9.668E-15     1.280E-14     1.027E-14     7.317E-15     2.930E-11     1.342E-06     6.534E-05     1.587E-04     1.913E-04     4.995E-06
3.97     3.023E-15     2.431E-15     2.637E-15     3.492E-15     2.802E-15     1.996E-15     1.263E-11     8.218E-07     4.295E-05     1.080E-04     1.361E-04     3.315E-06
4.07     8.144E-16     6.548E-16     7.104E-16     9.408E-16     7.548E-16     5.376E-16     5.410E-12     5.001E-07     2.796E-05     7.280E-05     9.584E-05     2.186E-06
4.17     2.167E-16     1.742E-16     1.890E-16     2.503E-16     2.008E-16     1.431E-16     2.305E-12     3.026E-07     1.803E-05     4.861E-05     6.686E-05     1.432E-06
4.27     5.697E-17     4.580E-17     4.969E-17     6.580E-17     5.280E-17     3.761E-17     9.760E-13     1.819E-07     1.151E-05     3.215E-05     4.618E-05     9.313E-07
4.37     1.480E-17     1.190E-17     1.291E-17     1.709E-17     1.371E-17     9.768E-18     4.110E-13     1.088E-07     7.283E-06     2.106E-05     3.159E-05     6.019E-07
4.47     3.799E-18     3.054E-18     3.313E-18     4.388E-18     3.521E-18     2.508E-18     1.721E-13     6.465E-08     4.563E-06     1.367E-05     2.140E-05     3.865E-07
4.57     9.640E-19     7.751E-19     8.408E-19     1.114E-18     8.934E-19     6.363E-19     7.170E-14     3.821E-08     2.832E-06     8.788E-06     1.435E-05     2.465E-07
4.67     2.418E-19     1.944E-19     2.109E-19     2.793E-19     2.241E-19     1.596E-19     2.970E-14     2.245E-08     1.741E-06     5.596E-06     9.528E-06     1.563E-07
4.77     5.998E-20     4.823E-20     5.232E-20     6.929E-20     5.559E-20     3.960E-20     1.224E-14     1.312E-08     1.060E-06     3.530E-06     6.264E-06     9.841E-08
4.87     1.471E-20     1.183E-20     1.283E-20     1.700E-20     1.364E-20     9.713E-21     5.018E-15     7.625E-09     6.397E-07     2.206E-06     4.078E-06     6.158E-08
4.97     3.570E-21     2.870E-21     3.114E-21     4.123E-21     3.308E-21     2.356E-21     2.047E-15     4.407E-09     3.823E-07     1.365E-06     2.628E-06     3.830E-08
5.07     8.567E-22     6.888E-22     7.472E-22     9.896E-22     7.940E-22     5.655E-22     8.304E-16     2.533E-09     2.263E-07     8.371E-07     1.677E-06     2.367E-08
5.17     2.034E-22     1.635E-22     1.774E-22     2.349E-22     1.885E-22     1.343E-22     3.353E-16     1.448E-09     1.327E-07     5.084E-07     1.059E-06     1.454E-08
5.27     4.778E-23     3.842E-23     4.168E-23     5.519E-23     4.428E-23     3.154E-23     1.347E-16     8.236E-10     7.711E-08     3.059E-07     6.624E-07     8.873E-09
5.37     1.111E-23     8.931E-24     9.688E-24     1.283E-23     1.029E-23     7.332E-24     5.386E-17     4.659E-10     4.438E-08     1.823E-07     4.101E-07     5.383E-09
5.47     2.556E-24     2.055E-24     2.229E-24     2.952E-24     2.369E-24     1.687E-24     2.143E-17     2.622E-10     2.531E-08     1.076E-07     2.513E-07     3.246E-09
5.57     5.820E-25     4.679E-25     5.076E-25     6.722E-25     5.394E-25     3.842E-25     8.488E-18     1.468E-10     1.430E-08     6.296E-08     1.525E-07     1.945E-09
5.67     1.312E-25     1.055E-25     1.144E-25     1.515E-25     1.216E-25     8.660E-26     3.346E-18     8.177E-11     8.003E-09     3.648E-08     9.156E-08     1.159E-09
5.77     2.928E-26     2.354E-26     2.554E-26     3.382E-26     2.714E-26     1.933E-26     1.313E-18     4.531E-11     4.438E-09     2.094E-08     5.443E-08     6.864E-10
5.87     6.470E-27     5.203E-27     5.644E-27     7.474E-27     5.997E-27     4.271E-27     5.128E-19     2.499E-11     2.438E-09     1.190E-08     3.203E-08     4.041E-10
5.97     1.416E-27     1.138E-27     1.235E-27     1.636E-27     1.312E-27     9.347E-28     1.994E-19     1.371E-11     1.327E-09     6.705E-09     1.866E-08     2.365E-10
6.07     3.069E-28     2.467E-28     2.676E-28     3.545E-28     2.844E-28     2.026E-28     7.720E-20     7.484E-12     7.160E-10     3.741E-09     1.076E-08     1.376E-10
6.17     6.586E-29     5.296E-29     5.745E-29     7.608E-29     6.104E-29     4.348E-29     2.975E-20     4.066E-12     3.826E-10     2.068E-09     6.138E-09     7.959E-11
6.27     1.400E-29     1.126E-29     1.221E-29     1.618E-29     1.298E-29     9.244E-30     1.142E-20     2.198E-12     2.026E-10     1.132E-09     3.467E-09     4.577E-11