# DIFC = 61710.6408749326 [µ/Å] L = 157.66518803451007 [m] two_theta = 101.46547009972369 [deg]
# tof [µs]               Y [counts]               E [counts]
4.324681712515276740e+04 3.156069582779482546e-02 1.281676034277614423e-02
4.334555415055265621e+04 3.140293622280913022e-01 8.076054002092056261e-02
4.344429117595254502e+04 9.069843757868617518e-01 1.344347230540465232e-01
4.354302820135244110e+04 1.089071965596993818e+00 1.272974218591994000e-01
4.364176522675232991e+04 1.113899160623086804e+00 1.099585635561626390e-01
4.374050225215222599e+04 5.176603717635882562e-01 6.376124213745815172e-02
4.383923927755211480e+04 3.049272626289636356e-01 4.249700148257185006e-02
4.393797630295201088e+04 1.108212123815144057e-01 3.092007349923053816e-02
4.403671332835190697e+04 2.796544219598396872e-02 9.054688839219974736e-03
4.413545035375179577e+04 2.961339119604477696e-03 2.277843670635437689e-03
4.423418737915167731e+04 1.776419822428283724e-02 1.115040718253660149e-02
4.433292440455157339e+04 8.165343345877568160e-02 5.522874035385907932e-02
4.443166142995146947e+04 3.637641247119879906e-01 1.447709172264560473e-01
4.453039845535136556e+04 1.266504534021000605e+00 3.089229635198502133e-01
4.462913548075125436e+04 1.648223403937848053e+00 2.806330903380824804e-01
4.472787250615114317e+04 2.066795043189222358e+00 2.750297644652802687e-01
4.482660953155103925e+04 1.503474963051006474e+00 2.005881035225342279e-01
4.492534655695092806e+04 5.745375124532989819e-01 9.288458574466311457e-02
4.502408358235082414e+04 3.572426748544896835e-01 5.848994509358305255e-02
4.512282060775071295e+04 1.129455036555140207e-01 3.165154406474092463e-02
4.522155763315060176e+04 1.790773341277467762e-02 1.164266723720644957e-02
4.532029465855049784e+04 5.467646639527113175e-03 3.833840801579768091e-03
4.541903168395039393e+04 2.191228213326353730e-02 2.174392396944743386e-02
4.551776870935028273e+04 9.868788351198850711e-20 9.868788349823568212e-20
4.561650573475017882e+04 6.784237038688594032e-04 6.784237031130813675e-04
4.571524276015006762e+04 6.483040250096503415e-12 6.483040250096502607e-12
4.581397978554995643e+04 1.887960891134180379e-25 1.887951509600089537e-25
4.591271681094985252e+04 7.847319703981895517e-03 7.767985917637457161e-03
4.601145383634974132e+04 4.285811100542081327e-06 4.285811100538860908e-06
4.611019086174963741e+04 5.114523564738341274e-20 4.791871206634568232e-20
4.620892788714952621e+04 2.518641787296248903e-06 1.876422029118756049e-06
4.630766491254942230e+04 1.193933463367486140e-04 8.525611003033564390e-05
4.640640193794931838e+04 2.619903497955587690e-02 1.758483021087248882e-02
4.650513896334919991e+04 1.100811984622802053e-01 3.723208108405230005e-02
4.660387598874909600e+04 4.560748492305141677e-01 8.347410001317263906e-02
4.670261301414898480e+04 1.154179865647022352e+00 1.260627858568434956e-01
4.680135003954888089e+04 1.290743710953081491e+00 1.167171796513912924e-01
4.690008706494877697e+04 1.124394329411396276e+00 9.214131643018778905e-02
4.699882409034866578e+04 7.890788371857461181e-01 6.441380556380858768e-02
4.709756111574856186e+04 4.463773258796808197e-01 4.389950671473832888e-02
4.719629814114845067e+04 1.692954985272891733e-01 2.079065475570711016e-02
4.729503516654833948e+04 3.880062908483178363e-02 8.353095747253895531e-03
4.739377219194823556e+04 5.347846446208613658e-02 4.211892867847180644e-02
4.749250921734812437e+04 4.768208143331754793e-03 3.122083660459655605e-03
4.759124624274801317e+04 3.789786578454373660e-03 2.893324769169210598e-03
4.768998326814790926e+04 3.674790903092091631e-05 3.231044244887256388e-05
4.778872029354780534e+04 5.297635706354987713e-03 3.397895095912691586e-03
4.788745731894769415e+04 8.309547615164558643e-03 4.056861854425213888e-03
4.798619434434759023e+04 3.346258728890327133e-02 1.102338452643462398e-02
4.808493136974747176e+04 2.061948302149107792e-01 3.997588747154007943e-02
4.818366839514736785e+04 4.185733457312491579e-01 5.298775280938682053e-02
4.828240542054726393e+04 4.407257078163547281e-01 4.749031111390054211e-02
4.838114244594715274e+04 4.820566828252449976e-01 4.794114431595958986e-02
4.847987947134704882e+04 3.357725134572053793e-01 3.507966247224638540e-02
4.857861649674693763e+04 1.306900891788747021e-01 1.658527549687540889e-02
4.867735352214683371e+04 5.258232164748823795e-02 1.080458183467830971e-02
4.877609054754672979e+04 4.082852417822320501e-02 2.605030331815340328e-02
4.887482757294661133e+04 4.582626257337183914e-03 1.743643394913906497e-03
4.897356459834650741e+04 1.839531964968694686e-02 1.053258735114823846e-02
4.907230162374639622e+04 1.996986815450408660e-03 1.996917633652768673e-03
4.917103864914629230e+04 2.680302010314410522e-09 2.631349937744336950e-09
4.926977567454618838e+04 9.650751267749283629e-03 8.594382335073348644e-03
4.936851269994607719e+04 1.373684487017962953e-02 8.440466040153983204e-03
4.946724972534597327e+04 2.602102817222929840e-02 1.499695910834346682e-02
4.956598675074586208e+04 1.240519662818638860e-02 6.589271101247681957e-03
4.966472377614575089e+04 1.782893360287703921e-10 1.782392732575150865e-10
4.976346080154564697e+04 2.863306115436366553e-02 2.397569035107240815e-02
4.986219782694553578e+04 7.082907034664875402e-03 5.837648000536798873e-03
4.996093485234542459e+04 3.976215319097742285e-02 2.764255525303102590e-02
5.005967187774532067e+04 1.926507253827558497e-02 1.372343388931021244e-02
5.015840890314521675e+04 3.933695584656272254e-03 3.931869857434680711e-03
5.025714592854511284e+04 1.947130537984243567e-03 1.793134089163926940e-03
5.035588295394500165e+04 2.791342958932544263e-02 1.879802073527336165e-02
5.045461997934488318e+04 7.094624216537496163e-03 4.355565350412788674e-03
5.055335700474477926e+04 3.516129883020304575e-02 1.939596206779119203e-02
5.065209403014467534e+04 6.018527355985923977e-02 3.624855817093063093e-02
5.075083105554456415e+04 1.726695840774864210e-01 3.609894659274699713e-02
5.084956808094446023e+04 3.345552769028725670e-01 4.664126825764762507e-02
5.094830510634434904e+04 6.372049442784988305e-01 7.020010351556120465e-02
5.104704213174424513e+04 1.042407666206541794e+00 8.983939345760010020e-02
5.114577915714414121e+04 8.968424029676367315e-01 6.834634743214483554e-02
5.124451618254402274e+04 6.044973931943001810e-01 5.672406059183502519e-02
5.134325320794391882e+04 2.422464576849805984e-01 2.751556242639784100e-02
5.144199023334380763e+04 9.049446371649362553e-02 1.782501714826338277e-02
5.154072725874370371e+04 1.586933908090212841e-02 4.454704296563123320e-03
5.163946428414359980e+04 1.074374348975794952e-02 3.498794114480577745e-03
5.173820130954348861e+04 7.661965580596564497e-04 6.853506476543362374e-04
5.183693833494338469e+04 4.824396593986118864e-03 4.392693327923996582e-03
5.193567536034327350e+04 1.731596811634679087e-02 1.078994682668084001e-02
5.203441238574316230e+04 7.556709608403618279e-03 4.967539818107618091e-03
5.213314941114305839e+04 1.895445909036172884e-03 1.442181343829516569e-03
5.223188643654294719e+04 3.399128145777715465e-02 1.945526493424447681e-02
5.233062346194284328e+04 2.239169929543385895e-02 1.553147552847735854e-02
5.242936048734273209e+04 5.698294552193542556e-02 3.447633887985517009e-02
5.252809751274262817e+04 1.367419375684860994e-01 5.231144009970667419e-02
5.262683453814252425e+04 2.557897956212362711e-01 5.385377716983930085e-02
5.272557156354241306e+04 1.015849716194416663e+00 1.063923310725386623e-01
5.282430858894230187e+04 1.627236027695228682e+00 1.341069178046311872e-01
5.292304561434219067e+04 2.179921797602545563e+00 1.579694864224764628e-01
5.302178263974208676e+04 2.217593095619758703e+00 1.479221831822342126e-01
5.312051966514197557e+04 1.599444781882030320e+00 1.199493246520820511e-01
5.321925669054187165e+04 6.947625255523861565e-01 6.768307086417703344e-02
5.331799371594176046e+04 2.728695714514948745e-01 4.875832140475057364e-02
5.341673074134165654e+04 8.382167025363040924e-02 1.809183231865344951e-02
5.351546776674155262e+04 1.894836383711543185e-02 5.700111656888878255e-03
5.361420479214143415e+04 3.264019985613225705e-02 1.627796861026056807e-02
5.371294181754133024e+04 2.159717319839687608e-02 2.097095144517884674e-02
5.381167884294121905e+04 5.755044941501361207e-03 4.296769603343542424e-03
5.391041586834111513e+04 1.927855129335864304e-03 1.845976804878792562e-03
5.400915289374101121e+04 1.377398003067858631e-03 1.264426633202369796e-03
5.410788991914090002e+04 3.137501118948234774e-02 1.307007532957529111e-02
5.420662694454079610e+04 2.046155775987576475e-02 9.966332147283214760e-03
5.430536396994068491e+04 4.784585819708628979e-02 2.069446451030557133e-02
5.440410099534057372e+04 1.146691965625543964e-02 9.009942442203567117e-03
5.450283802074046980e+04 6.508201721474350665e-02 4.143672623730085963e-02
5.460157504614035861e+04 1.122447508210974373e-02 1.029561575297748173e-02
5.470031207154025469e+04 1.755592737214111548e-02 8.864649332680810470e-03
5.479904909694014350e+04 1.681140320275804553e-02 9.174473445346430570e-03
5.489778612234003958e+04 2.415144883356433111e-02 1.470523446498323006e-02
5.499652314773993567e+04 1.822354976641010760e-02 9.068531647210290036e-03
5.509526017313982447e+04 5.221043662950735839e-03 3.049400270324493980e-03
5.519399719853971328e+04 5.119300395988300029e-02 2.797673502251295241e-02
5.529273422393960209e+04 1.934072664229860225e-02 1.108202307740004111e-02
5.539147124933949817e+04 9.287652608844839536e-03 5.419788928143078055e-03
5.549020827473939426e+04 1.245135899195386892e-02 5.588841989387167454e-03
5.558894530013928306e+04 9.751735386651659565e-03 6.581987134172063297e-03
5.568768232553917915e+04 5.835162552107413247e-03 3.823000951715674594e-03
5.578641935093906795e+04 3.747351947131127153e-02 2.188511420309796965e-02
5.588515637633895676e+04 3.269501311991898640e-02 1.655035359771953041e-02
5.598389340173884557e+04 5.463270251716811909e-02 2.706664220469336482e-02
5.608263042713874165e+04 3.488880493458246940e-02 1.586346016878057569e-02
5.618136745253863046e+04 1.259948609367472216e-01 3.112235528066849277e-02
5.628010447793852654e+04 4.248587251053809188e-01 6.457161324420354620e-02
5.637884150333842263e+04 1.020066077392166592e+00 9.614820986200331432e-02
5.647757852873831143e+04 1.636837565122655214e+00 1.150247467416066066e-01
5.657631555413820752e+04 2.330176799516184616e+00 1.398997585227800822e-01
5.667505257953809632e+04 2.598094407543442674e+00 1.450168370841496412e-01
5.677378960493798513e+04 2.166619122902091465e+00 1.266005776977965624e-01
5.687252663033788122e+04 1.434139020554807464e+00 1.021108653982994580e-01
5.697126365573777002e+04 5.818532171043162560e-01 5.881941964382884913e-02
5.707000068113766611e+04 1.477379195982981841e-01 2.634606767554712597e-02
5.716873770653755491e+04 6.267107800077013902e-02 1.606836957022046708e-02
5.726747473193745100e+04 4.146621573587011556e-02 2.267059504620240820e-02
5.736621175733734708e+04 6.700828677467796091e-03 4.339881645315286744e-03
5.746494878273722861e+04 2.069801706996226773e-02 1.022647611865956305e-02
5.756368580813712470e+04 1.411942058017014515e-02 7.414733103074608485e-03
5.766242283353701350e+04 2.653849305444499454e-04 2.650093545275887335e-04
5.776115985893690959e+04 2.826747264514857180e-03 2.295895339650751155e-03
5.785989688433680567e+04 5.179265503006971966e-04 3.851296417368790825e-04
5.795863390973669448e+04 7.193942766835310573e-03 7.020823690797297657e-03
5.805737093513659056e+04 2.316628654274086041e-02 1.854983460341351129e-02
5.815610796053647937e+04 7.454686791392182771e-04 6.225164663513344356e-04
5.825484498593636818e+04 1.976221482081981853e-02 1.180454674559109664e-02
5.835358201133626426e+04 1.020908057663684303e-02 4.707214477474647857e-03
5.845231903673615307e+04 1.677352632231503271e-02 9.567745899532850012e-03
5.855105606213604915e+04 2.908167439349671618e-02 1.190655354121939249e-02
5.864979308753593796e+04 4.391595036971583654e-02 1.386982699914952530e-02
5.874853011293583404e+04 1.405639065240177066e-01 2.627790290852575344e-02
5.884726713833572285e+04 2.277557007535643274e-01 3.079877320995556833e-02
5.894600416373561893e+04 4.739148196187575324e-01 4.424006768233416931e-02
5.904474118913550774e+04 1.021500687429193421e+00 6.254149477990597616e-02
5.914347821453539655e+04 1.528949396734543775e+00 7.462231702779899278e-02
5.924221523993529263e+04 1.536548105525394448e+00 7.570864166901597470e-02
5.934095226533518144e+04 1.243322093087571911e+00 6.507287823214878697e-02
5.943968929073507752e+04 9.717782655291073990e-01 5.771175840953533115e-02
5.953842631613497360e+04 4.814026007911412774e-01 3.906110011467400778e-02
5.963716334153486241e+04 2.134385627956274789e-01 2.444830040006309643e-02
5.973590036693475849e+04 6.761381444389896744e-02 1.342108770014713987e-02
5.983463739233464003e+04 2.055911441584461902e-02 5.428968801716012316e-03
5.993337441773453611e+04 6.989943349032395198e-03 3.106010409698094655e-03
6.003211144313442492e+04 4.705876881464667039e-02 2.421217822291396593e-02
6.013084846853432100e+04 1.153587609912934756e-02 7.197617058580618558e-03
6.022958549393421708e+04 7.589139094547042892e-03 5.376268574957988357e-03
6.032832251933410589e+04 3.318133977168608723e-02 1.341108671852847198e-02
6.042705954473400197e+04 5.356215935402931436e-03 3.260732561612472800e-03
6.052579657013389078e+04 2.896836380648518811e-02 1.645073807789969311e-02
6.062453359553377959e+04 1.180386628090717522e-03 7.518350780855152272e-04
6.072327062093366840e+04 2.363458783041476330e-02 1.253176607875863303e-02
6.082200764633356448e+04 2.170988346756397291e-02 8.923505560459924976e-03
6.092074467173346056e+04 4.795927700383895154e-03 3.462600361514708066e-03
6.101948169713334937e+04 1.822114868887392963e-02 9.582672100997934386e-03
6.111821872253324545e+04 1.143980408139550625e-02 9.382122290504339018e-03
6.121695574793313426e+04 6.284491597385686613e-03 3.634297702725091100e-03
6.131569277333303035e+04 2.877176546881496030e-02 1.453296332617189969e-02
6.141442979873291915e+04 5.810405885667486656e-03 3.768241938992845583e-03
6.151316682413280796e+04 6.040525058103280581e-03 4.420564705539459412e-03
6.161190384953270404e+04 8.504798195453076512e-03 7.033609683624562903e-03
6.171064087493259285e+04 1.520819917656585606e-02 1.311966917438348208e-02
6.180937790033248166e+04 4.453518697166926679e-03 2.709483909481730755e-03
6.190811492573239229e+04 3.717279168195555556e-03 2.062904427406497734e-03
6.200685195113227383e+04 1.361873171983303890e-02 7.277037379264745566e-03
6.210558897653215536e+04 5.825995298289712854e-03 3.619070626075355027e-03
6.220432600193205872e+04 1.391507661913972231e-02 7.455072735017837481e-03
6.230306302733194025e+04 2.731186372248157329e-02 1.120780650335533556e-02
6.240180005273185088e+04 1.483741174747107115e-02 8.979212387115418151e-03
6.250053707813173241e+04 2.732335428883027328e-02 1.123783560099039097e-02
6.259927410353161395e+04 1.741501352991600693e-02 8.596213571644679627e-03
6.269801112893152458e+04 3.006593420011337975e-02 1.595440519556573511e-02
6.279674815433140611e+04 4.337637354712394616e-02 1.990738856640062587e-02
6.289548517973130947e+04 7.410842585889666594e-03 4.947540437173618758e-03
6.299422220513119100e+04 1.680444619722943483e-02 8.540931023031385697e-03
6.309295923053107254e+04 1.284105654081784363e-02 5.993075767667605316e-03
6.319169625593098317e+04 5.263070131063911361e-03 2.369250930699835604e-03
6.329043328133086470e+04 1.155078503942032729e-02 8.712052225252829921e-03
6.338917030673077534e+04 4.403071309513151982e-02 1.789406941453962688e-02
6.348790733213065687e+04 2.762577593273099139e-02 1.104276376325204201e-02
6.358664435753053840e+04 1.354222696477118404e-02 5.424680932397077382e-03
6.368538138293044176e+04 3.869297119475575281e-02 1.115204653088915261e-02
6.378411840833032329e+04 5.013039995072577498e-02 1.329033399561278632e-02
6.388285543373023393e+04 8.712319834363799198e-02 1.492588264956866764e-02
6.398159245913011546e+04 1.671080703226045516e-01 2.053703903636652089e-02
6.408032948452999699e+04 4.474572806378308010e-01 3.517889344032720106e-02
6.417906650992990762e+04 8.444162191445500065e-01 4.872498866451636240e-02
6.427780353532978916e+04 1.652598923112409635e+00 6.315178584862150835e-02
6.437654056072969979e+04 2.579084284529606030e+00 7.837100784988908220e-02
6.447527758612957405e+04 2.973140346011134749e+00 8.110499459318940008e-02
6.457401461152945558e+04 2.852444515694879446e+00 7.905308203242999987e-02
6.467275163692936621e+04 2.198688305064203430e+00 6.804533525312951581e-02
6.477148866232924775e+04 1.258223432403541064e+00 5.056884522809032556e-02
6.487022568772915838e+04 5.935600018033597713e-01 3.471089866927570822e-02
6.496896271312903991e+04 3.335589882559422681e-01 2.625388824022662632e-02
6.506769973852892144e+04 1.252638170362480319e-01 1.579017033508446285e-02
6.516643676392883208e+04 5.184569018185858358e-02 1.051186318956044696e-02
6.526517378932871361e+04 2.121742860916074266e-02 6.109828573297918126e-03
6.536391081472860242e+04 2.504025919595082028e-02 1.043924386086643452e-02
6.546264784012849850e+04 2.798502686467851247e-02 1.050335712292372291e-02
6.556138486552838003e+04 2.128585069000409231e-03 8.489098629270340956e-04
6.566012189092829067e+04 2.125164522731964878e-02 9.208016908816072169e-03
6.575885891632817220e+04 2.078385273227080846e-02 8.722207697595513523e-03
6.585759594172806828e+04 1.400599790522850593e-02 5.860709055641145741e-03
6.595633296712796437e+04 1.796579058320966343e-02 8.985889964136704877e-03
6.605506999252784590e+04 6.075013643804935345e-03 3.377136582653973013e-03
6.615380701792775653e+04 1.116640778309102577e-02 4.890944559508182340e-03
6.625254404332763806e+04 9.095350157401319718e-03 3.931191350960644773e-03
6.635128106872751960e+04 1.494916719454702711e-02 8.538242957530564961e-03
6.645001809412741568e+04 1.686812418472991015e-02 6.573211702558988227e-03
6.654875511952729721e+04 5.693213004514204902e-03 2.623887970435577043e-03
6.664749214492720785e+04 2.218398054070062214e-02 9.965745276224241209e-03
6.674622917032708938e+04 1.836265806129743286e-02 7.671554809844623353e-03
6.684496619572697091e+04 1.214068569365163094e-02 5.378330149923511716e-03
6.694370322112688154e+04 6.570524528551961209e-03 2.615178555401616312e-03
6.704244024652676308e+04 1.254873293586310570e-02 6.353009879800273173e-03
6.714117727192667371e+04 1.524939947060548542e-02 5.887818765917810469e-03
6.723991429732655524e+04 1.796773109935802942e-02 6.326755178377759491e-03
6.733865132272643677e+04 1.477371892815255300e-02 6.213886479947779498e-03
6.743738834812634741e+04 4.262041786369678148e-02 1.757538803702311109e-02
6.753612537352622894e+04 3.641601899548685406e-02 1.070967418202546650e-02
6.763486239892613958e+04 6.270710192278719508e-02 1.818040286589844498e-02
6.773359942432602111e+04 1.279679673436490694e-01 2.456204464647887553e-02
6.783233644972590264e+04 2.350919381472591219e-01 3.159350673039534180e-02
6.793107347512581327e+04 6.177927696336539265e-01 5.435205644284034354e-02
6.802981050052569481e+04 1.106770219723735238e+00 7.183587912774003215e-02
6.812854752592559089e+04 2.222633872158759516e+00 9.673648531765226266e-02
6.822728455132547242e+04 3.953407158268667398e+00 1.293765373773646532e-01
6.832602157672535395e+04 5.342966480125904027e+00 1.470520169223791529e-01
6.842475860212526459e+04 5.797230288862419201e+00 1.511018102765542825e-01
6.852349562752514612e+04 5.199836995933031503e+00 1.413149753069841141e-01
6.862223265292505675e+04 3.410737435116288019e+00 1.109514523916945300e-01
6.872096967832493829e+04 1.898493642112106805e+00 8.207487462558638036e-02
6.881970670372481982e+04 8.196496854874970595e-01 5.317304644096083888e-02
6.891844372912473045e+04 4.904291127804921158e-01 4.306346141513130860e-02
6.901718075452461198e+04 2.080993570150668215e-01 2.710384957396686639e-02
6.911591777992452262e+04 9.757998268907186468e-02 1.774978458442671991e-02
6.921465480532440415e+04 3.844036688333977991e-02 8.993975458096459610e-03
6.931339183072428568e+04 1.727950235561289891e-02 6.555851695515917989e-03
6.941212885612419632e+04 2.539650381895402695e-02 8.515987585663582771e-03
6.951086588152407785e+04 1.284808507496461999e-02 4.615345630648777855e-03
6.960960290692397393e+04 8.710702579721322017e-03 3.867416247276550187e-03
6.970833993232385546e+04 1.083304655641152518e-02 5.485152324529131949e-03
6.980707695772373700e+04 1.102711265274458792e-02 4.719889483418451652e-03
6.990581398312364763e+04 2.347417257668192939e-02 9.120980492377387880e-03
7.000455100852352916e+04 1.240081847430973654e-02 4.879908720457798096e-03
7.010328803392343980e+04 1.969280364015857376e-02 7.116682342453520445e-03
7.020202505932332133e+04 1.006885729498885676e-02 4.127013356881149321e-03
7.030076208472320286e+04 2.474566973850646570e-02 1.074122905374115186e-02
7.039949911012311350e+04 2.638626334631741233e-02 1.118547120548321269e-02
7.049823613552299503e+04 1.340341884654251518e-02 4.597527211495666156e-03
7.059697316092290566e+04 8.092095697534593124e-03 3.048135129554107453e-03
7.069571018632278719e+04 1.301712221397138824e-02 4.888988961198170898e-03
7.079444721172266873e+04 1.529125062943144896e-02 7.318368468767954584e-03
7.089318423712257936e+04 1.230890186188666330e-02 6.797749583166316951e-03
7.099192126252246089e+04 1.693957083869538152e-02 6.668533301409255987e-03
7.109065828792235698e+04 1.636167940969444901e-02 5.192851741792706317e-03
7.118939531332223851e+04 1.639604868171978119e-02 4.962568841863847398e-03
7.128813233872212004e+04 1.210026956269389525e-02 4.514152683455315354e-03
7.138686936412203067e+04 1.125204660659043752e-02 4.199978920446487303e-03
7.148560638952191221e+04 9.871859395583260782e-03 3.432824617215782075e-03
7.158434341492180829e+04 1.603111462225209269e-02 7.309538168972696051e-03
7.168308044032170437e+04 1.012609035154983170e-02 3.517798647198679129e-03
7.178181746572158590e+04 2.287067423040718001e-02 6.676985021504689387e-03
7.188055449112149654e+04 3.993023382466047433e-02 1.284161199494192503e-02
7.197929151652137807e+04 2.330798228684523993e-02 6.350912527254549272e-03
7.207802854192125960e+04 1.571090390123226072e-02 7.717312453069416663e-03
7.217676556732117024e+04 1.052385564327236282e-02 4.332042239620918951e-03
7.227550259272105177e+04 1.649901870203039980e-02 4.979581674646777097e-03
7.237423961812096240e+04 7.019179077072711451e-03 2.450875260381360932e-03
7.247297664352084394e+04 3.680119619671724795e-02 1.155443945851213940e-02
7.257171366892072547e+04 2.354025931798834834e-02 7.712256154315321605e-03
7.267045069432062155e+04 2.149225231655025464e-02 7.187600044778876505e-03
7.276918771972050308e+04 1.484322192293343994e-02 4.550653181117215833e-03
7.286792474512041372e+04 3.357154786397436447e-02 1.051747199605715909e-02
7.296666177052029525e+04 1.718507504214672466e-02 5.527384001129841649e-03
7.306539879592017678e+04 1.824787150910771316e-02 5.605350443904396143e-03
7.316413582132008742e+04 3.964599870341227114e-03 1.637772943024676372e-03
7.326287284671996895e+04 1.255521812621984180e-02 4.480009864069541686e-03
7.336160987211987958e+04 1.283633057907204028e-02 5.012118953777239781e-03
7.346034689751976111e+04 9.835522245104876687e-03 3.884538099609104265e-03
7.355908392291964265e+04 8.362077570318836306e-03 2.971403001892694400e-03
7.365782094831955328e+04 1.754769227552553310e-02 7.225105284000486218e-03
7.375655797371943481e+04 1.303209767831267109e-02 3.769704635655962786e-03
7.385529499911934545e+04 1.401959309510660001e-02 6.039319825226934120e-03
7.395403202451922698e+04 1.067906549629703446e-02 3.480906637958810102e-03
7.405276904991910851e+04 1.233101291199252200e-02 4.998656328586223961e-03
7.415150607531901915e+04 1.999151303436767779e-02 5.792407679990280514e-03
7.425024310071890068e+04 2.257045374107598951e-02 7.762949323274434890e-03
7.434898012611879676e+04 2.523341791719031432e-02 8.771590734126095967e-03
7.444771715151867829e+04 3.231343249967349313e-02 1.156182274479718858e-02
7.454645417691855982e+04 1.904015547612526379e-02 5.119174175438773525e-03
7.464519120231847046e+04 8.365337805071038080e-03 2.313810859048539680e-03
7.474392822771835199e+04 1.998912509906659862e-02 6.163229891680288737e-03
7.484266525311826263e+04 1.291841753924076290e-02 4.681482905593036155e-03
7.494140227851814416e+04 2.354618328394246854e-02 7.045852094358791631e-03
7.504013930391802569e+04 1.834464323683401149e-02 5.492893537278850311e-03
7.513887632931793632e+04 2.040303414659123266e-02 7.080451947783768761e-03
7.523761335471781786e+04 1.604048070719746658e-02 4.546152692154112156e-03
7.533635038011771394e+04 2.063470201965447379e-02 7.444115231976127824e-03
7.543508740551761002e+04 1.065920169149984185e-02 3.832226273415492279e-03
7.553382443091749155e+04 1.555113409683109987e-02 4.807715210484084754e-03
7.563256145631740219e+04 1.584974068004851855e-02 6.470358564082843641e-03
7.573129848171728372e+04 2.476315104346040949e-02 7.900014806076103777e-03
7.583003550711716525e+04 2.063319010770280071e-02 5.265361163772339093e-03
7.592877253251706134e+04 4.410846012451772463e-02 1.096151940360090039e-02
7.602750955791694287e+04 4.277393686433178521e-02 1.002071947506441053e-02
7.612624658331685350e+04 7.890421755156028227e-02 1.076674306990801043e-02
7.622498360871673503e+04 1.804498898855126376e-01 1.609155345796688813e-02
7.632372063411663112e+04 2.660727209274787453e-01 1.905411200243093545e-02
7.642245765951652720e+04 6.035208813003150041e-01 2.919133922453754845e-02
7.652119468491640873e+04 1.280713168145693137e+00 4.611244762295949734e-02
7.661993171031631937e+04 2.372162463955740819e+00 6.477777189110371647e-02
7.671866873571620090e+04 3.750057927692217241e+00 8.205342073093946365e-02
7.681740576111609698e+04 4.776043318094154166e+00 9.213786777625984636e-02
7.691614278651599307e+04 4.814788794626664092e+00 9.195783200063238627e-02
7.701487981191587460e+04 4.025068943030094992e+00 8.245788243419654995e-02
7.711361683731578523e+04 2.681608785831841590e+00 6.420857297280227471e-02
7.721235386271566676e+04 1.423057791534949601e+00 4.270192887818282518e-02
7.731109088811556285e+04 7.177894946661340647e-01 2.926826771795905044e-02
7.740982791351544438e+04 3.944063982700704019e-01 2.135163040721476876e-02
7.750856493891532591e+04 2.150570114164524205e-01 1.533149447367750454e-02
7.760730196431523655e+04 1.333184499790571464e-01 1.343678097643825203e-02
7.770603898971511808e+04 5.144433334198395685e-02 7.113419345030554640e-03
7.780477601511501416e+04 5.931753117638190187e-02 1.398835749653116155e-02
7.790351304051491024e+04 2.261448286769286026e-02 5.262215238582600499e-03
7.800225006591479178e+04 3.241975195984738572e-02 8.629035601259410493e-03
7.810098709131470241e+04 1.800701610660246366e-02 5.842715987040210043e-03
7.819972411671458394e+04 2.613567279299103263e-02 8.489608893616268706e-03
7.829846114211448003e+04 1.782058238872286440e-02 5.089643509102585207e-03
7.839719816751437611e+04 2.809471606181437875e-02 8.943348801923786326e-03
7.849593519291425764e+04 1.350862639652721138e-02 6.059042562726320129e-03
7.859467221831416828e+04 2.718547485258600294e-02 8.393942573657272449e-03
7.869340924371404981e+04 1.918566420658900790e-02 7.200324330118202006e-03
7.879214626911394589e+04 1.961095053768941235e-02 6.577641275598672746e-03
7.889088329451384197e+04 1.044172956320922781e-02 3.784635478597252276e-03
7.898962031991370895e+04 2.091048266597806890e-02 7.082983625335922961e-03
7.908835734531361959e+04 2.464510450719945012e-02 7.682981145079952577e-03
7.918709437071350112e+04 1.440825259495429229e-02 4.478509086008430722e-03
7.928583139611338265e+04 1.327886786551254160e-02 4.155907716649860466e-03
7.938456842151329329e+04 2.192759790330769953e-02 7.437765416776921830e-03
7.948330544691317482e+04 2.059133884577685550e-02 7.741280490132652035e-03
7.958204247231308545e+04 1.324942189308039864e-02 4.941440937554397901e-03
7.968077949771296699e+04 2.721771274176564698e-02 7.790257641800467023e-03
7.977951652311284852e+04 1.756015939037220558e-02 6.179779770399221675e-03
7.987825354851275915e+04 1.929238139495809135e-02 7.369493937388280243e-03
7.997699057391264068e+04 3.075557005047972400e-02 9.107160659227722319e-03
8.007572759931255132e+04 2.254811398331361613e-02 6.531577947055363167e-03
8.017446462471243285e+04 8.981928105869008139e-03 2.556214413866271778e-03
8.027320165011231438e+04 2.110966313626668270e-02 8.499647393460698849e-03
8.037193867551222502e+04 2.153613527452239579e-02 7.016680482904220049e-03
8.047067570091210655e+04 2.565282053188230535e-02 8.062931759900408835e-03
8.056941272631198808e+04 1.399067413680941084e-02 5.632754265830055250e-03
8.066814975171188416e+04 2.524436155020963468e-02 7.902496627398806692e-03
8.076688677711176570e+04 3.993359311742828571e-02 1.122193053875067577e-02
8.086562380251167633e+04 2.215722572915755292e-02 6.146559229717819643e-03
8.096436082791155786e+04 1.106254604316442465e-02 3.931830463242530146e-03
8.106309785331145395e+04 2.125288115027991476e-02 6.968966850862547135e-03
8.116183487871135003e+04 1.558982582333470063e-02 5.552898676870718017e-03
8.126057190411123156e+04 3.627502468630566107e-02 8.765237614275597777e-03
8.135930892951114220e+04 1.540332860660220682e-02 5.439197780575865011e-03
8.145804595491102373e+04 1.975976540219236133e-02 6.243312163916820215e-03
8.155678298031091981e+04 1.618737272838396968e-02 5.945058357153324737e-03
8.165552000571081589e+04 1.267232120727873439e-02 3.543183267207637190e-03
8.175425703111069743e+04 2.398112020899129809e-02 7.727138278620301025e-03
8.185299405651060806e+04 1.537234445743676341e-02 5.276824485259326049e-03
8.195173108191048959e+04 1.904455019914844463e-02 6.574249236612482103e-03
8.205046810731038568e+04 1.714200331893996065e-02 5.495202382395588531e-03
8.214920513271026721e+04 2.475932111974030181e-02 8.474416774887784387e-03
8.224794215811014874e+04 3.508832720613136447e-02 9.112606905796584097e-03
8.234667918351005937e+04 3.751561017389858782e-02 8.957701962356311165e-03
8.244541620890994091e+04 1.494240391764991259e-02 4.273327583545385999e-03
8.254415323430983699e+04 4.084302083327678162e-02 9.139670443931201607e-03
8.264289025970973307e+04 2.582489050356067892e-02 6.393203360381604847e-03
8.274162728510961460e+04 3.629958085067010176e-02 6.672463516011923300e-03
8.284036431050952524e+04 4.216209981420901420e-02 7.172174660191860292e-03
8.293910133590940677e+04 6.658404605041109980e-02 8.130440079271415016e-03
8.303783836130930285e+04 1.008914642434451114e-01 8.541150750604801362e-03
8.313657538670919894e+04 1.757967606316701015e-01 9.974351315741706442e-03
8.323531241210908047e+04 3.203342469480253141e-01 1.425562439930362808e-02
8.333404943750899110e+04 6.420826932988090707e-01 2.127279106608200021e-02
8.343278646290887264e+04 1.148233095004000726e+00 2.868701182332939956e-02
8.353152348830876872e+04 1.869054262056829341e+00 3.725416331986380197e-02
8.363026051370865025e+04 2.869234878907897190e+00 4.682553249808787260e-02
8.372899753910853178e+04 3.391826206734371851e+00 5.074890895511888211e-02
8.382773456450844242e+04 3.234870066177687242e+00 4.881309844480135468e-02
8.392647158990832395e+04 2.715900507994458923e+00 4.428417467714635541e-02
8.402520861530822003e+04 1.829003313799779873e+00 3.502379808550442480e-02
8.412394564070811612e+04 1.086033003241590800e+00 2.630476328447101456e-02
8.422268266610799765e+04 6.320756920725320027e-01 1.947346189863696092e-02
8.432141969150790828e+04 3.456193421137829791e-01 1.377164585086839560e-02
8.442015671690778981e+04 2.036300821570877773e-01 1.156327466844248725e-02
8.451889374230768590e+04 1.337969604401227919e-01 9.474020925042195285e-03
8.461763076770758198e+04 6.824223319602258642e-02 7.504233751693346367e-03
8.471636779310746351e+04 3.329480289518185060e-02 3.838061519429399483e-03
8.481510481850737415e+04 3.279505352745215596e-02 6.489808339834032130e-03
8.491384184390725568e+04 2.471961240783777589e-02 5.601329049166781267e-03
8.501257886930713721e+04 1.839195068699904512e-02 5.176065949271803183e-03
8.511131589470704785e+04 2.050837641138364073e-02 5.281726251141191653e-03
8.521005292010692938e+04 1.655998291064306183e-02 4.798155789223098461e-03
8.530878994550682546e+04 1.776164046305733768e-02 4.963199418141491653e-03
8.540752697090670699e+04 2.560871739703381167e-02 6.872035830964583897e-03
8.550626399630658852e+04 2.325364863385066816e-02 5.562367256768827907e-03
8.560500102170649916e+04 3.213456943591332798e-02 7.705885335597760510e-03
8.570373804710638069e+04 3.399239020533214445e-02 8.940310415612554712e-03
8.580247507250629133e+04 2.678036299317203273e-02 6.478965331190682242e-03
8.590121209790617286e+04 1.228757385887305036e-02 3.419004030006092022e-03
8.599994912330605439e+04 2.117185064258663568e-02 5.933639434239430972e-03
8.609868614870596502e+04 1.216452554955756681e-02 4.490791018834749786e-03
8.619742317410584656e+04 1.933933957886460261e-02 4.986212661246235134e-03
8.629616019950574264e+04 1.620495904678079593e-02 4.656953306052116943e-03
8.639489722490563872e+04 1.965792964738020607e-02 5.832086321658020746e-03
8.649363425030552025e+04 2.934105598582327848e-02 6.792884505703012353e-03
8.659237127570543089e+04 2.677040149230645871e-02 7.397897233973819119e-03
8.669110830110531242e+04 2.523898724472543528e-02 6.193933541860863028e-03
8.678984532650519395e+04 1.541468847792518831e-02 4.086412264249230340e-03
8.688858235190509004e+04 1.705457345683433767e-02 4.628620453807890528e-03
8.698731937730497157e+04 2.224558446074833759e-02 5.858373416313535781e-03
8.708605640270488220e+04 2.434556462966885187e-02 7.145457777498636677e-03
8.718479342810476373e+04 1.497795411268773753e-02 3.948514894436488606e-03
8.728353045350465982e+04 1.151397806308196957e-02 3.193328156209764793e-03
8.738226747890455590e+04 1.813934994503608664e-02 4.796153664665792939e-03
8.748100450430443743e+04 1.955861878994388098e-02 5.474281729807397787e-03
8.757974152970434807e+04 1.529550246360854987e-02 4.328950670766543683e-03
8.767847855510422960e+04 2.494991429475045680e-02 6.703513196146839576e-03
8.777721558050412568e+04 2.233449057072427191e-02 5.364635390701074334e-03
8.787595260590402177e+04 1.312082030636955131e-02 4.161324439009071383e-03
8.797468963130390330e+04 2.964572331158243923e-02 6.776465524460550255e-03
8.807342665670381393e+04 3.442731836233856729e-02 7.724580313728548336e-03
8.817216368210369546e+04 1.442262064171900490e-02 4.550234479394263225e-03
8.827090070750359155e+04 2.883317409757105501e-02 7.424240644414302655e-03
8.836963773290347308e+04 2.333215346572568155e-02 5.427661675752763065e-03
8.846837475830335461e+04 1.607317146112512488e-02 4.385827769227149120e-03
8.856711178370326525e+04 1.260312837401929807e-02 3.059935616111015676e-03
8.866584880910314678e+04 2.515612987922470623e-02 5.921551043153081527e-03
8.876458583450304286e+04 1.984785043070172450e-02 4.673692516615906428e-03
8.886332285990293894e+04 1.974448481071469641e-02 4.823022397044936585e-03
8.896205988530282048e+04 1.650455819721990611e-02 5.040415310860761090e-03
8.906079691070273111e+04 1.700432233796388831e-02 4.559424074724146431e-03
8.915953393610261264e+04 1.136974275313906886e-02 3.233788256783915772e-03
8.925827096150250873e+04 2.450293329747424767e-02 6.746757082413809212e-03
8.935700798690240481e+04 1.870374812907321313e-02 4.930792346757423804e-03
8.945574501230228634e+04 2.943697432925171387e-02 6.628336138202282381e-03
8.955448203770219698e+04 1.771584265705800770e-02 4.454293716747099834e-03
8.965321906310207851e+04 1.892379721400290135e-02 4.217272037551098723e-03
8.975195608850197459e+04 1.911574369385349303e-02 4.862169864060908279e-03
8.985069311390185612e+04 3.012582268310826442e-02 6.301654417963337834e-03
8.994943013930173765e+04 1.818623775590015937e-02 5.285940328088620764e-03
9.004816716470164829e+04 1.472351906200837675e-02 4.372840550129739740e-03
9.014690419010152982e+04 2.166399804963678455e-02 5.510099569521398864e-03
9.024564121550141135e+04 2.622883493490298784e-02 5.846783552795122539e-03
9.034437824090132199e+04 2.771343745331032032e-02 6.364201625436374452e-03
9.044311526630120352e+04 2.065899868481141030e-02 4.689975063480472488e-03
9.054185229170111415e+04 1.983152041247815064e-02 4.558838429001141855e-03
9.064058931710099569e+04 1.571561031308577050e-02 3.579266819742729644e-03
9.073932634250087722e+04 1.867557531322048409e-02 4.849408123692854934e-03
9.083806336790078785e+04 1.764737007319051865e-02 4.535068527070341103e-03
9.093680039330066938e+04 2.232089751425914148e-02 4.824978449611674880e-03
9.103553741870058002e+04 2.098735971399114109e-02 4.856030378000828450e-03
9.113427444410046155e+04 1.167323515283696586e-02 3.295395132152771807e-03
9.123301146950034308e+04 1.752268640311514802e-02 3.990333558226877471e-03
9.133174849490025372e+04 2.047272975374735127e-02 4.461322958655706238e-03
9.143048552030013525e+04 2.385686581489750505e-02 5.332121168635048196e-03
9.152922254570003133e+04 1.330359944611267387e-02 3.338502534850914128e-03
9.162795957109991286e+04 2.059309180568524855e-02 4.706131361939224801e-03
9.172669659649979440e+04 1.851126239599548695e-02 4.294239340336463047e-03
9.182543362189970503e+04 2.187382679517753392e-02 4.804374688088537682e-03
9.192417064729958656e+04 2.359959192792550342e-02 6.178884270935181347e-03
9.202290767269948265e+04 2.395035859249212973e-02 6.179409975013787013e-03
9.212164469809937873e+04 2.329225787838760248e-02 5.244577302418434311e-03
9.222038172349926026e+04 2.312139793746390351e-02 5.079540954090468532e-03
9.231911874889917090e+04 1.903281053858614166e-02 4.417797455221374701e-03
9.241785577429905243e+04 1.661395341643055398e-02 3.630658689701469263e-03
9.251659279969894851e+04 2.447996982429767945e-02 5.092610579068283794e-03
9.261532982509884459e+04 1.478765424525689716e-02 3.594138055360240891e-03
9.271406685049872613e+04 2.102860337227272294e-02 5.263754682826954530e-03
9.281280387589863676e+04 1.827497952720784358e-02 4.251426971617038551e-03
9.291154090129851829e+04 1.464682960244488574e-02 3.417343926157982974e-03
9.301027792669839982e+04 1.229953000799847464e-02 3.445491459146127113e-03
9.310901495209829591e+04 1.769043813759408473e-02 4.530820419385007264e-03
9.320775197749817744e+04 2.128180901144216541e-02 5.672076524243142674e-03
9.330648900289808807e+04 2.177045147429016239e-02 5.386204211246251733e-03
9.340522602829796961e+04 2.510333963278838995e-02 6.489892122452521790e-03
9.350396305369786569e+04 3.263383066680536349e-02 6.917165100373715708e-03
9.360270007909776177e+04 2.116146915712062426e-02 5.168680040420091035e-03
9.370143710449764330e+04 2.453862885871153920e-02 5.665344554822335753e-03
9.380017412989755394e+04 2.291098388765138924e-02 5.065819701071624416e-03
9.389891115529743547e+04 1.970193430399270682e-02 4.177456373092611891e-03
9.399764818069733155e+04 2.437644082891466529e-02 5.034148262713149420e-03
9.409638520609722764e+04 2.162841878670171067e-02 5.015296966110442331e-03
9.419512223149710917e+04 2.550969850120585886e-02 5.550797778755018480e-03
9.429385925689701980e+04 2.491803214852337384e-02 5.644315586010122815e-03
9.439259628229690134e+04 4.052297097406381415e-02 7.233754509190202381e-03
9.449133330769679742e+04 2.340785123635099468e-02 5.563148367516987727e-03
9.459007033309667895e+04 2.432098681109357008e-02 5.060429967309945654e-03
9.468880735849656048e+04 1.384066664651311535e-02 3.498876477083670469e-03
9.478754438389647112e+04 1.388679287398145688e-02 3.437829558989043740e-03
9.488628140929635265e+04 2.010266591462729624e-02 4.401184225355330576e-03
9.498501843469624873e+04 1.886986155415380090e-02 4.383477782407390819e-03
9.508375546009614482e+04 2.033292519237124216e-02 4.188321506238504299e-03
9.518249248549602635e+04 2.959744647979398527e-02 6.339093134779170968e-03
9.528122951089593698e+04 2.484954262187372143e-02 4.538584680872532855e-03
9.537996653629581851e+04 2.160247792190938751e-02 4.378691335379135581e-03
9.547870356169571460e+04 2.549942474247527541e-02 4.894169140899519779e-03
9.557744058709561068e+04 1.826106888968672542e-02 4.368169834014331426e-03
9.567617761249549221e+04 2.236895009067975046e-02 5.427812632631134719e-03
9.577491463789540285e+04 1.784475931575882704e-02 3.850163823420155607e-03
9.587365166329528438e+04 2.865198195199696041e-02 5.816787331608778110e-03
9.597238868869516591e+04 2.268916446925091715e-02 4.821465481375048802e-03
9.607112571409507655e+04 2.235022816578071184e-02 5.072681524094733649e-03
9.616986273949494353e+04 3.162371694556070922e-02 6.937969114558542767e-03
9.626859976489485416e+04 2.854584787187630646e-02 4.932706476641150403e-03
9.636733679029473569e+04 1.512581803922605737e-02 3.851388506140901186e-03
9.646607381569461722e+04 1.848458428788147395e-02 4.568171133128746952e-03
9.656481084109452786e+04 1.459911674929508831e-02 3.716047635102861894e-03
9.666354786649440939e+04 2.461054842859572434e-02 4.781191717447277542e-03
9.676228489189432003e+04 1.863843320454933866e-02 3.757545069107624293e-03
9.686102191729420156e+04 2.204939715468687972e-02 4.591691695362954892e-03
9.695975894269408309e+04 2.278439817214427190e-02 4.722476803781711953e-03
9.705849596809399372e+04 1.849492029411362037e-02 3.596450485334326715e-03
9.715723299349387526e+04 2.530855867028467335e-02 6.325764441161568427e-03
9.725597001889378589e+04 1.817889984923794916e-02 4.600355004272546275e-03
9.735470704429366742e+04 1.562339426090144333e-02 3.400477996194053304e-03
9.745344406969354895e+04 1.522747115617369661e-02 4.092325952368732443e-03
9.755218109509345959e+04 1.336220869739880406e-02 3.643018622600999006e-03
9.765091812049334112e+04 2.357995199799756830e-02 5.978246687903073474e-03
9.774965514589322265e+04 2.860341246318475264e-02 5.309100144119956177e-03
9.784839217129311874e+04 1.549844523908884032e-02 4.433424878942806603e-03
9.794712919669300027e+04 3.267040706620168850e-02 7.594837027404838931e-03
9.804586622209291090e+04 1.739907992499277814e-02 3.727049646327889286e-03
9.814460324749279243e+04 1.739624859615881633e-02 4.591803254205001003e-03
9.824334027289268852e+04 1.133742891483655729e-02 2.542973242364577648e-03
9.834207729829258460e+04 2.149257570468228462e-02 5.259001133604756725e-03
9.844081432369246613e+04 2.840399827889513590e-02 5.766208396923046611e-03
9.853955134909237677e+04 1.759325339735537050e-02 4.079548468128080252e-03
9.863828837449225830e+04 2.501363572746748490e-02 4.875769927966482585e-03
9.873702539989215438e+04 2.128267577200889174e-02 4.595177353824860672e-03
9.883576242529205047e+04 2.364411475952828828e-02 4.803548059064501920e-03
9.893449945069193200e+04 1.992708679463881319e-02 4.110521608211165252e-03
9.903323647609184263e+04 1.415693433809347979e-02 3.223351130159866559e-03
9.913197350149172416e+04 2.575405939262676025e-02 5.514154650076565772e-03
9.923071052689162025e+04 2.682321656397181758e-02 5.547036703416990434e-03
9.932944755229150178e+04 4.464864986659217855e-02 8.027076528181232434e-03
9.942818457769138331e+04 4.352089216837209951e-02 7.124825185643641513e-03
9.952692160309129395e+04 5.468669805212322821e-02 7.796153049324081388e-03
9.962565862849117548e+04 6.403375054722477977e-02 7.933322022894706560e-03
9.972439565389107156e+04 9.901949288651716585e-02 1.020748084864639936e-02
9.982313267929096764e+04 1.815370255746878436e-01 1.436567124912594036e-02
9.992186970469084918e+04 3.236940091364343131e-01 2.083011558763743498e-02
1.000206067300907598e+05 4.897206879004802893e-01 2.533467882054455181e-02
1.001193437554906413e+05 7.932358656753725201e-01 3.424097796604308463e-02
1.002180807808905374e+05 1.296907221639937768e+00 4.377257917897141304e-02
1.003168178062904335e+05 1.830477168265426835e+00 5.170239067100924901e-02
1.004155548316903150e+05 2.585731842421487237e+00 6.090865491882162253e-02
1.005142918570902257e+05 3.513656679381454762e+00 7.139594411789283723e-02
1.006130288824901072e+05 4.556396347369004118e+00 7.954580632456971501e-02
1.007117659078900033e+05 5.679250584600906926e+00 8.709432813579422172e-02
1.008105029332898848e+05 6.991834556075867901e+00 9.482274781398289387e-02
1.009092399586897664e+05 8.334426209796797380e+00 1.004539146306840658e-01
1.010079769840896770e+05 9.646633822715950046e+00 1.072197806494228495e-01
1.011067140094895585e+05 9.833909025850763541e+00 1.088302272921111979e-01
1.012054510348894546e+05 9.108737821393853906e+00 1.060366277375074662e-01
1.013041880602893507e+05 7.798002099167939960e+00 1.003937157193326296e-01
1.014029250856892322e+05 5.999327207431287334e+00 8.904500886243855995e-02
1.015016621110891429e+05 4.669654667573546192e+00 8.098963167730106882e-02
1.016003991364890244e+05 3.421455550489516551e+00 6.984290843980668628e-02
1.016991361618889059e+05 2.421081242763490238e+00 5.874582795904192967e-02
1.017978731872888166e+05 1.717762994132079335e+00 4.901242238793990930e-02
1.018966102126886981e+05 1.213823766855935293e+00 4.143377196681238134e-02
1.019953472380886087e+05 8.306896087473117918e-01 3.399650074328669502e-02
1.020940842634884903e+05 5.442945920211252897e-01 2.703966072715289354e-02
1.021928212888883718e+05 3.656011262105029469e-01 2.102758568774553902e-02
1.022915583142882824e+05 2.318822130057800190e-01 1.677136459353634895e-02
1.023902953396881639e+05 1.426995629867179594e-01 1.259419973893754173e-02
1.024890323650880600e+05 9.236847032145288627e-02 1.054761774320981879e-02
1.025877693904879416e+05 7.344264680782344734e-02 8.400508589925909445e-03
1.026865064158878231e+05 4.015124913264288276e-02 6.594849089189991180e-03
1.027852434412877337e+05 3.993056724402928304e-02 6.940575779991558364e-03
1.028839804666876153e+05 2.561213902115024033e-02 5.126690515788494967e-03
1.029827174920875113e+05 2.566874919157779641e-02 5.663149063594455357e-03
1.030814545174874074e+05 2.108054731951908636e-02 4.300620720208321590e-03
1.031801915428872890e+05 2.414236404460382013e-02 5.895733464253359070e-03
1.032789285682871996e+05 2.450272036000404607e-02 7.448564287092914078e-03
1.033776655936870811e+05 2.756213299169020178e-02 6.986059489086068712e-03
1.034764026190869772e+05 1.604538723477634890e-02 3.745743416218668635e-03
1.035751396444868733e+05 1.675614208521912160e-02 4.363321503935809614e-03
1.036738766698867548e+05 2.637383521507356138e-02 5.800405551828011035e-03
1.037726136952866655e+05 2.443233789981840570e-02 5.145723040320761971e-03
1.038713507206865470e+05 1.987469916366351244e-02 5.556273291698529508e-03
1.039700877460864285e+05 2.280903996202265221e-02 4.876067204728976381e-03
1.040688247714863246e+05 1.834268113883791643e-02 5.915988854735240547e-03
1.041675617968862061e+05 1.130080527945630763e-02 3.324230735271971413e-03
1.042662988222861168e+05 3.061147689726928869e-02 7.106805901902658353e-03
1.043650358476859983e+05 1.651895770867624347e-02 5.695719852154832938e-03
1.044637728730858944e+05 1.973270473233798214e-02 4.648586177801299416e-03
1.045625098984857905e+05 2.301256936155016836e-02 5.080504082015169405e-03
1.046612469238856720e+05 1.272306995168138305e-02 3.320861384797323384e-03
1.047599839492855826e+05 2.380207285071896800e-02 5.386932777748970787e-03
1.048587209746854642e+05 1.353537515799270972e-02 3.419664365114221186e-03
1.049574580000853457e+05 1.912862223371587789e-02 4.485525685258544976e-03
1.050561950254852563e+05 2.430549923410614196e-02 6.018299973614591250e-03
1.051549320508851379e+05 2.916806570113658972e-02 6.708926648985674701e-03
1.052536690762850485e+05 2.000750970956305039e-02 5.174474563524321911e-03
1.053524061016849300e+05 1.316412678322943092e-02 3.438715556446716570e-03
1.054511431270848261e+05 2.603000830596418139e-02 6.109260834205206686e-03
1.055498801524847077e+05 2.725166808832868437e-02 6.923731063650794514e-03
1.056486171778845892e+05 1.508221182334300303e-02 5.442208267124824458e-03
1.057473542032844998e+05 1.209206388184898111e-02 3.727049020434560801e-03
1.058460912286843813e+05 2.773063421930348216e-02 6.392003601190499561e-03
1.059448282540842774e+05 2.401059466075041240e-02 6.163650389475873112e-03
1.060435652794841735e+05 1.346357322096484316e-02 3.585050608072514865e-03
1.061423023048840550e+05 2.673249795478381888e-02 6.974837523980168506e-03
1.062410393302839657e+05 1.133196302489014595e-02 3.947016835321197001e-03
1.063397763556838472e+05 2.125613943085215632e-02 6.589799445109895473e-03
1.064385133810837433e+05 2.476247273237256255e-02 5.819007949161443191e-03
1.065372504064836394e+05 1.761796724162086047e-02 4.500385851199924757e-03
1.066359874318835209e+05 1.463108399596725964e-02 5.113662798905589842e-03
1.067347244572834315e+05 1.621399986382556641e-02 4.944329558910476839e-03
1.068334614826833131e+05 1.719087102387332339e-02 4.668946981327633076e-03
1.069321985080831946e+05 2.341090382913885506e-02 5.565263576507545676e-03
1.070309355334831052e+05 1.660727562371568447e-02 4.587244502035722760e-03
1.071296725588829722e+05 2.693907904038734744e-02 7.184992769566681502e-03
1.072284095842828829e+05 1.550868687608713756e-02 4.377458015930369740e-03
1.073271466096827644e+05 3.751080602070491071e-02 8.718381533055768670e-03
1.074258836350826459e+05 1.571929425323914664e-02 4.424651869760848344e-03
1.075246206604825566e+05 2.478592214472689209e-02 6.676602051471499169e-03
1.076233576858824381e+05 2.895659421682326984e-02 6.555683319204719597e-03
1.077220947112823487e+05 1.340378003956229150e-02 3.886798016111501792e-03
1.078208317366822303e+05 1.764821876935140227e-02 5.543428106102535162e-03
1.079195687620821118e+05 3.741327506091325639e-02 8.651612598916289323e-03
1.080183057874820224e+05 1.999551038990740950e-02 5.804085421995875370e-03
1.081170428128819040e+05 1.507372970899223050e-02 4.129814346450840987e-03
1.082157798382818146e+05 2.538349922834590849e-02 8.044513884747014898e-03
1.083145168636816961e+05 1.432773843696355694e-02 4.110008953428221853e-03
1.084132538890815777e+05 1.321750193709976713e-02 4.354206836056467335e-03
1.085119909144814883e+05 1.386142851963325338e-02 4.789742919470442971e-03
1.086107279398813698e+05 2.616916311090092262e-02 6.705154925704377364e-03
1.087094649652812659e+05 2.518278109254624975e-02 7.409093441334019085e-03
1.088082019906811474e+05 2.222697865098150621e-02 5.805524255908760603e-03
1.089069390160810290e+05 1.829696121744175952e-02 4.634112793036429187e-03
1.090056760414809396e+05 3.465576028800138042e-02 9.328592037307886081e-03
1.091044130668808211e+05 2.153142610950229546e-02 6.737050810402859906e-03
1.092031500922807172e+05 1.031844609571793726e-02 3.188076583299964076e-03
1.093018871176806133e+05 2.923071650886324702e-02 7.346987811812133277e-03
1.094006241430804948e+05 1.583719102954574132e-02 4.489495399860080407e-03
1.094993611684804055e+05 1.264405471323441776e-02 4.039707070370854129e-03
1.095980981938802870e+05 1.872743018036947607e-02 4.927811688222700874e-03
1.096968352192801831e+05 3.425026789131456473e-02 9.131916045570641349e-03
1.097955722446800792e+05 8.875326331196945959e-03 2.677528469823349262e-03
1.098943092700799607e+05 2.303464548621320454e-02 6.240166148751852965e-03
1.099930462954798713e+05 1.545445208549334551e-02 4.690286690582219122e-03
1.100917833208797529e+05 2.326064516773188040e-02 6.506719977604547012e-03
1.101905203462796489e+05 2.012628253126299421e-02 5.680341535630749165e-03
1.102892573716795305e+05 1.776665232060779809e-02 6.409505556696401887e-03
1.103879943970794120e+05 4.506242707114415345e-03 1.541262948186655768e-03
1.104867314224793226e+05 1.197758582957165856e-02 2.981841815359606920e-03
1.105854684478792042e+05 2.501414559733364240e-02 6.725077342616063436e-03
1.106842054732791003e+05 1.803571487236551793e-02 4.527820174969602283e-03
1.107829424986789963e+05 3.385868175789535917e-02 9.220837722295757016e-03
1.108816795240788779e+05 1.791647660440676484e-02 4.846933255794848294e-03
1.109804165494787885e+05 3.267745580390099547e-02 7.975207126758422985e-03
1.110791535748786700e+05 2.116276477428976135e-02 6.693026513934783109e-03
1.111778906002785661e+05 1.933085474656070710e-02 4.759116350183074245e-03
1.112766276256784622e+05 2.064136960242785035e-02 4.967956658837321439e-03
1.113753646510783437e+05 2.163084152427280360e-02 7.779569584922649446e-03
1.114741016764782544e+05 2.419772101032167250e-02 7.072148952983277684e-03
1.115728387018781359e+05 2.581013964727395249e-02 7.391304593326167294e-03
1.116715757272780320e+05 1.864961383996344493e-02 5.660078822938430752e-03
1.117703127526779135e+05 2.026954429755800646e-02 5.028614537175324015e-03
1.118690497780777951e+05 1.662351082607557012e-02 5.300909655796320376e-03
1.119677868034777057e+05 1.163348253929231448e-02 3.630826875347867733e-03
1.120665238288775872e+05 1.452724344481419634e-02 4.472765259623209290e-03
1.121652608542774688e+05 1.065266690027151866e-02 3.218491217259060108e-03
1.122639978796773794e+05 2.079830856463968022e-02 5.817080900456332408e-03
1.123627349050772609e+05 1.328676080694710625e-02 4.670812425749571763e-03
1.124614719304771716e+05 2.534114226173413489e-02 7.237053535547136388e-03
1.125602089558770531e+05 2.238578027014826582e-02 5.097082383996327966e-03
1.126589459812769346e+05 1.756949604621916780e-02 4.848379989019993390e-03
1.127576830066768453e+05 1.409963690417062598e-02 4.505298521259541202e-03
1.128564200320767268e+05 1.184720961049476502e-02 5.143355758739524830e-03
1.129551570574766374e+05 2.008438366655575236e-02 5.912795278608244318e-03
1.130538940828765190e+05 2.032248824556148747e-02 5.106316726068971940e-03
1.131526311082764005e+05 1.653605306855356408e-02 5.657588950508676828e-03
1.132513681336763111e+05 3.893970041156720463e-02 1.303934372144322819e-02
1.133501051590761926e+05 2.787010644114598992e-02 7.511080662399522226e-03
1.134488421844760887e+05 2.348843609545440275e-02 9.189094260235229281e-03
1.135475792098759703e+05 2.192127273020970032e-02 7.008869676827534159e-03
1.136463162352758518e+05 2.021575126676000006e-02 5.971486240107690482e-03
1.137450532606757624e+05 6.786803063821262617e-03 1.980578276494926546e-03
1.138437902860756440e+05 1.652149941909390046e-02 5.099049576800986777e-03
1.139425273114755546e+05 1.775717853506424831e-02 5.751063033884748141e-03
1.140412643368754361e+05 1.566195998901605269e-02 4.638481161464098890e-03
1.141400013622753177e+05 1.164846516646406149e-02 4.194879359552630173e-03
1.142387383876752283e+05 3.052129615321980127e-02 8.242023811885284060e-03
1.143374754130751098e+05 3.130142586165023805e-02 8.958471526368774057e-03
1.144362124384750205e+05 2.147427257197044581e-02 6.008285993827354107e-03
1.145349494638749020e+05 1.943393908888925783e-02 5.687293783582525637e-03
1.146336864892747835e+05 1.658086753605924474e-02 4.794930190598546693e-03
1.147324235146746942e+05 2.003352082965780337e-02 5.364111616153029172e-03
1.148311605400745757e+05 3.397286179740290762e-02 1.036277805029238615e-02
1.149298975654744572e+05 1.752933331103036924e-02 5.136821605307317039e-03
1.150286345908743533e+05 2.642482779311043639e-02 9.637488445742343687e-03
1.151273716162742348e+05 3.360852848104244756e-02 7.414264638180256307e-03
1.152261086416741455e+05 3.348912389610198687e-02 8.726999406756568572e-03
1.153248456670740270e+05 2.116673448765021143e-02 6.472792284850361830e-03
1.154235826924739231e+05 1.030203484590822699e-02 3.407439008503487798e-03
1.155223197178738192e+05 2.307231538398844123e-02 7.013788310219620792e-03
1.156210567432737007e+05 1.739856310675810119e-02 5.212836522331326834e-03
1.157197937686736113e+05 3.218022095701338764e-02 8.669315806389419135e-03
1.158185307940734929e+05 4.097245908701863809e-02 1.026927662868779706e-02
1.159172678194733890e+05 3.543143055759045978e-02 9.971635393352608692e-03
1.160160048448732850e+05 2.780903841348350558e-02 7.523459724823680812e-03
1.161147418702731666e+05 4.525087896590204023e-02 9.683823441536027615e-03
1.162134788956730772e+05 5.199113477492134372e-02 1.284663069364674719e-02
1.163122159210729587e+05 7.389564593987225927e-02 1.247093208201198282e-02
1.164109529464728548e+05 1.239431761356169781e-01 1.631919944633591218e-02
1.165096899718727364e+05 1.362710755762812087e-01 1.777517893808469931e-02
1.166084269972726179e+05 2.451180721970623033e-01 2.558518851208438707e-02
1.167071640226725285e+05 3.873835282511161604e-01 3.388122223380357623e-02
1.168059010480724100e+05 6.143400329984114450e-01 4.266713471668567847e-02
1.169046380734723061e+05 8.255272186230330211e-01 5.002090222004525188e-02
1.170033750988722022e+05 1.196110112863080222e+00 6.049719768627471322e-02
1.171021121242720837e+05 1.688206852785049339e+00 7.405722497851170705e-02
1.172008491496719944e+05 2.354042370462928968e+00 8.840291474501134339e-02
1.172995861750718759e+05 3.046787729049880600e+00 1.004677447809296797e-01
1.173983232004717720e+05 3.629215790394658914e+00 1.063959060666350293e-01
1.174970602258716681e+05 4.690384732421764902e+00 1.232574956075654787e-01
1.175957972512715496e+05 5.668293856282099696e+00 1.335657486933750360e-01
1.176945342766714602e+05 6.403709473312691358e+00 1.418931934246560334e-01
1.177932713020713418e+05 7.101258350249201712e+00 1.493941122310649960e-01
1.178920083274712233e+05 7.621248034841308083e+00 1.520299758375837917e-01
1.179907453528711194e+05 7.724049027182685379e+00 1.530121372714307038e-01
1.180894823782710009e+05 8.166230042888532381e+00 1.586564800371597361e-01
1.181882194036709116e+05 8.231939595952210809e+00 1.567899680979219779e-01
1.182869564290707931e+05 8.213298286510422486e+00 1.591951094952412382e-01
1.183856934544706746e+05 8.340087428445078999e+00 1.591223254811277854e-01
1.184844304798705853e+05 8.376144418978091366e+00 1.596713328448813585e-01
1.185831675052704668e+05 8.117333383532640667e+00 1.571319689391378338e-01
1.186819045306703774e+05 8.269977523623840199e+00 1.606622691157466032e-01
1.187806415560702590e+05 8.608964526763207559e+00 1.630376356348146871e-01
1.188793785814701405e+05 8.305188180013308497e+00 1.613385003844593490e-01
1.189781156068700511e+05 7.857980971296381512e+00 1.554265414873003404e-01
1.190768526322699327e+05 7.651952041091695911e+00 1.543068376392634500e-01
1.191755896576698433e+05 7.216043634946776919e+00 1.481607992164834242e-01
1.192743266830697248e+05 6.732278555971365819e+00 1.410788384312121335e-01
1.193730637084696064e+05 5.955718812490622405e+00 1.355942746860416270e-01
1.194718007338695170e+05 4.938651469703369656e+00 1.234647014455904773e-01
1.195705377592693985e+05 4.519328615411629002e+00 1.193802073047006973e-01
1.196692747846692946e+05 3.569456511267207866e+00 1.062891146578946316e-01
1.197680118100691761e+05 2.914995213239052418e+00 9.842469682325487301e-02
1.198667488354690577e+05 2.208292395611398895e+00 8.458320849671956132e-02
1.199654858608689683e+05 1.597746066175234514e+00 7.078833126540408360e-02
1.200642228862688498e+05 1.186884645515750014e+00 5.964882558589854750e-02
1.201629599116687605e+05 8.783894491758047485e-01 5.367935996320149367e-02
1.202616969370686420e+05 6.054663790177610139e-01 4.197162325412205630e-02
1.203604339624685235e+05 4.174499331479658015e-01 3.520265781330182697e-02
1.204591709878684342e+05 2.502049890576453217e-01 2.439760394066305127e-02
1.205579080132683157e+05 1.852830884923032384e-01 2.057943054835675856e-02
1.206566450386682118e+05 1.490119223420801331e-01 1.959726602162741027e-02
1.207553820640681079e+05 1.039973714846262332e-01 1.528356091890396493e-02
1.208541190894679894e+05 7.056949787698292564e-02 1.329145368828747731e-02
1.209528561148679000e+05 6.051763329333257474e-02 1.486458368330756917e-02
1.210515931402677816e+05 4.443193251511422942e-02 9.048161332370383697e-03
1.211503301656676631e+05 5.650955952499901735e-02 1.294593195548042995e-02
1.212490671910675592e+05 1.992430683533234770e-02 5.287019482772077963e-03
1.213478042164674407e+05 1.152353837261425873e-02 3.540432798702293580e-03
1.214465412418673513e+05 2.071946907612226552e-02 8.280765777421334600e-03
1.215452782672672329e+05 1.789482581065259675e-02 5.539033354409734697e-03
1.216440152926671290e+05 1.482443754609657528e-02 6.371735353985263743e-03
1.217427523180670250e+05 2.711048198678039922e-02 1.208618452520750057e-02
1.218414893434669066e+05 3.312143109964146154e-02 8.686531631610542453e-03
1.219402263688668172e+05 2.787274415756978152e-02 9.841564701834242326e-03
1.220389633942666987e+05 2.428242724058187613e-02 8.377519470538156987e-03
1.221377004196665948e+05 3.312210189283336381e-02 9.942005168425714634e-03
1.222364374450664909e+05 1.936753778939168114e-02 5.459934274913683452e-03
1.223351744704663724e+05 2.990363190001773391e-02 1.047922334139424726e-02
1.224339114958662831e+05 1.794843551268030316e-02 6.816116742488851320e-03
1.225326485212661646e+05 1.454921517491952580e-02 4.912181788117280477e-03
1.226313855466660607e+05 3.473616225250664852e-02 1.133142572243218786e-02
1.227301225720659422e+05 1.424148513907356507e-02 5.688496354976595344e-03
1.228288595974658238e+05 3.056452748292866339e-02 1.065253320560815252e-02
1.229275966228657344e+05 1.247765758946554546e-02 5.476661728473564313e-03
1.230263336482656159e+05 2.144628031268552837e-02 7.896057899519120377e-03
1.231250706736655120e+05 8.358378970081037709e-03 3.522885123082877563e-03
1.232238076990654081e+05 1.398069937212467057e-02 4.641648470699285926e-03
1.233225447244652896e+05 1.127271022048475721e-02 4.801155534276469079e-03
1.234212817498652003e+05 2.427830808828555786e-02 8.746020377055827716e-03
1.235200187752650818e+05 2.877301947617325398e-02 8.565782538924442482e-03
1.236187558006649633e+05 1.413544535145932861e-02 4.841953953700952815e-03
1.237174928260648448e+05 1.932071159797702636e-02 5.640594834990177338e-03
1.238162298514647846e+05 2.226275710607542729e-02 7.446272005467179968e-03
1.239149668768646661e+05 1.298896936437769593e-02 4.279937882092982142e-03
1.240137039022645477e+05 2.734551898411012941e-02 1.251407569518513466e-02
1.241124409276644292e+05 2.110353069529598974e-02 6.322756040342330727e-03
1.242111779530643107e+05 1.240433425956957367e-02 4.203181580955166197e-03
1.243099149784642359e+05 2.390739665301259281e-02 7.658531281679871808e-03
1.244086520038641174e+05 2.689342912278553516e-02 9.974744026768822200e-03
1.245073890292639990e+05 2.376408410686378994e-02 8.501697445848962684e-03
1.246061260546638805e+05 1.434022365962792436e-02 5.896721168895240409e-03
1.247048630800637620e+05 1.753676460236187895e-02 5.682045490943123979e-03
1.248036001054637018e+05 3.049303494060353822e-02 9.210166101697923186e-03
1.249023371308635833e+05 2.253463355893529224e-02 7.676621046819511601e-03
1.250010741562634648e+05 1.661280886444144525e-02 6.613663336789166527e-03
1.250998111816633464e+05 1.698965072663830359e-02 6.873622824670540428e-03
1.251985482070632279e+05 2.489229983259204707e-02 7.424907142736051832e-03
1.252972852324631676e+05 2.933832804791326396e-02 1.091745855143649857e-02
1.253960222578630492e+05 2.413899412777374340e-02 7.071198782239536927e-03
1.254947592832629307e+05 2.992907822579264632e-02 8.673320803755796282e-03
1.255934963086628122e+05 1.876404777968788615e-02 7.126574425590274930e-03
1.256922333340626938e+05 1.388936473452720595e-02 6.274731778775161951e-03
1.257909703594626189e+05 1.864852913914307950e-02 7.281635414664980148e-03
1.258897073848625005e+05 2.899568467657573367e-02 8.114275057873930261e-03
1.259884444102623820e+05 1.834545732401490770e-02 6.973774641410913390e-03
1.260871814356622635e+05 1.758563653452176884e-02 6.884411705948313698e-03
1.261859184610621451e+05 3.303518553908643685e-02 1.144297982889034074e-02
1.262846554864620848e+05 1.065658204966844075e-02 3.958744253138334231e-03
1.263833925118619663e+05 1.205265869662373868e-02 5.035515478887027212e-03
1.264821295372618479e+05 1.422685258344266908e-02 4.834661468551798569e-03
1.265808665626617294e+05 1.610811575854276950e-02 4.758180781504593553e-03
1.266796035880616109e+05 6.378131850568903929e-03 3.399774379395065649e-03
1.267783406134615507e+05 1.702680679280550377e-02 6.784388682492165784e-03
1.268770776388614322e+05 1.411265307491758707e-02 6.625881859891241676e-03
1.269758146642613137e+05 1.617063725296432469e-02 6.888484145585149244e-03
1.270745516896611953e+05 2.663427121492063440e-02 8.998309824315334216e-03
1.271732887150610768e+05 3.271816605391476840e-02 9.636769965887480999e-03
1.272720257404610020e+05 3.345163232372051071e-02 1.063495872001083906e-02
1.273707627658608835e+05 2.209140837059294510e-02 8.044874701549535947e-03
1.274694997912607651e+05 2.169896179118651486e-02 6.800630589412629164e-03
1.275682368166606466e+05 1.667854841312271449e-02 5.305474001670940423e-03
1.276669738420605281e+05 2.706854450701123502e-02 8.965939182380169153e-03
1.277657108674604679e+05 2.072009034695191862e-02 1.088542274694358387e-02
1.278644478928603494e+05 2.076928418384549335e-02 8.424894618150794920e-03
1.279631849182602309e+05 3.459559450688280691e-02 1.157843525756793897e-02
1.280619219436601124e+05 1.281285525071097428e-02 4.864167760411091702e-03
1.281606589690599940e+05 2.472093937302096214e-02 7.230283511960238635e-03
1.282593959944599337e+05 6.531294776924546387e-03 3.240174362646698007e-03
1.283581330198598152e+05 1.961952373908923408e-02 6.800064801561427237e-03
1.284568700452596968e+05 4.727259977424632525e-02 1.393861974771200274e-02
1.285556070706595783e+05 3.281983278108049906e-02 1.024643800253662723e-02
1.286543440960594598e+05 1.767501330421099651e-02 7.323402745601985224e-03
1.287530811214593996e+05 2.867850561293007472e-02 9.675911519456927706e-03
1.288518181468592811e+05 2.025236050791475589e-02 6.844874264640622707e-03
1.289505551722591481e+05 1.813320670197834245e-02 7.684997066349882021e-03
1.290492921976590296e+05 2.448951472777595451e-02 8.701288338258167734e-03
1.291480292230589112e+05 1.025254027537441694e-02 4.144969884701951539e-03
1.292467662484588218e+05 2.841455048377863890e-02 7.934742186729716595e-03
1.293455032738587324e+05 1.837278913155906274e-02 7.548689733017394966e-03
1.294442402992586140e+05 1.698092952755501234e-02 6.278396524461324520e-03
1.295429773246584955e+05 1.312685740232083162e-02 5.087991381624389249e-03
1.296417143500583770e+05 2.327940725681694120e-02 7.194502348304859102e-03
1.297404513754582877e+05 2.149205275069374782e-02 7.721386295795207126e-03
1.298391884008581983e+05 2.765232785918195560e-02 8.901196894836814130e-03
1.299379254262580798e+05 2.072326130391554180e-02 6.467941663143300310e-03
1.300366624516579614e+05 2.026986902189320885e-02 6.929610038354214879e-03
1.301353994770578429e+05 1.669926365631217366e-02 6.008818124716498385e-03
1.302341365024577535e+05 8.303822544182213813e-03 2.697636393662959219e-03
1.303328735278576642e+05 2.413334181323498889e-02 7.679528939383290474e-03
1.304316105532575457e+05 1.376900265521954249e-02 5.789398214764129511e-03
1.305303475786574272e+05 2.996342371764893625e-02 1.057018136315499013e-02
1.306290846040572942e+05 9.374364710231328224e-03 3.552162125731673538e-03
1.307278216294572048e+05 2.195064943993195114e-02 8.803301274338128091e-03
1.308265586548571155e+05 1.217467280276772305e-02 4.055781798429246819e-03
1.309252956802569970e+05 1.913633288671676841e-02 8.923317465726256226e-03
1.310240327056568785e+05 1.064751724679605799e-02 4.534026206589360231e-03
1.311227697310567601e+05 1.356175597251258955e-02 5.227646406556448085e-03
1.312215067564566853e+05 1.915188423513712254e-02 6.037780473794039128e-03
1.313202437818565813e+05 1.335496679506877234e-02 4.847363050831788797e-03
1.314189808072564483e+05 3.796917124063257931e-02 1.097751195304401232e-02
1.315177178326563444e+05 2.348694564618709554e-02 7.463839884224614425e-03
1.316164548580562114e+05 2.245584608793852952e-02 8.502463973531737898e-03
1.317151918834561075e+05 1.302328325224802463e-02 5.084417091748863644e-03
1.318139289088560326e+05 1.049359943373831192e-02 5.665682398533596759e-03
1.319126659342559287e+05 1.989684772124300505e-02 6.988449568481163929e-03
1.320114029596557957e+05 1.292777514368648357e-02 4.349635680334145924e-03
1.321101399850556918e+05 7.614584703465402012e-03 3.539921065672451978e-03
1.322088770104555588e+05 1.269445069770885892e-02 4.516006268515576454e-03
1.323076140358555131e+05 1.575734434840424247e-02 6.031205830133453717e-03
1.324063510612553800e+05 3.382818504650949611e-03 1.709819467663300889e-03
1.325050880866552761e+05 2.235917518520802449e-02 6.698798290675212798e-03
1.326038251120551431e+05 1.692098255234875115e-02 6.463026692775201108e-03
1.327025621374550392e+05 1.867703200806875019e-02 7.195184408931341348e-03
1.328012991628549644e+05 2.697899270847926856e-02 1.042643621045172449e-02
1.329000361882548314e+05 9.252552249430893300e-03 3.277414518440440079e-03
1.329987732136547274e+05 1.613416071118681586e-02 7.179775220830338610e-03
1.330975102390545944e+05 6.136075859153094537e-03 3.083355135809279484e-03
1.331962472644544905e+05 1.832882164150268292e-02 1.046617480427712230e-02
1.332949842898544157e+05 1.945049168258654662e-02 7.963024332544633294e-03
1.333937213152543118e+05 1.244898493094542639e-02 7.348265196774299637e-03
1.334924583406541788e+05 2.544511857892632276e-02 8.294721356240574925e-03
1.335911953660540748e+05 2.185425408316944706e-02 8.031939641319115961e-03
1.336899323914539418e+05 2.910979156913250446e-02 9.856659577488132221e-03
1.337886694168538961e+05 2.305979644502454545e-02 8.783290977855885695e-03
1.338874064422537631e+05 2.254439761010028007e-02 8.685574116735539363e-03
1.339861434676536592e+05 3.213569304974342455e-02 1.274342387335533101e-02
1.340848804930535262e+05 2.902619561665173431e-02 1.154588595663332690e-02
1.341836175184534222e+05 2.731417898171874248e-02 1.120395813922559283e-02
1.342823545438533474e+05 1.892376444156077323e-02 9.474910868246665119e-03
1.343810915692532144e+05 1.084518287941520741e-02 4.668270235948262202e-03
1.344798285946531105e+05 2.631429939685598490e-02 8.598792137164072702e-03
1.345785656200529775e+05 3.495173967502563511e-02 1.295066568129879699e-02
1.346773026454528735e+05 1.096110819021843194e-02 4.535459270054865120e-03
1.347760396708527987e+05 2.613931043955641798e-02 8.591516636370579926e-03
1.348747766962526948e+05 1.027368792259508896e-02 4.646876569749418956e-03
1.349735137216525618e+05 4.654462589240790545e-03 2.106084981848394943e-03
1.350722507470524579e+05 7.525757774593764236e-03 3.550818381168419167e-03
1.351709877724523249e+05 1.189529558039476194e-02 4.318332912858402831e-03
1.352697247978522792e+05 2.831279578500136423e-02 9.700612746606454562e-03
1.353684618232521461e+05 9.037869352066001810e-03 4.437457100742247564e-03
1.354671988486520422e+05 1.771058658997120769e-02 7.143604791119546188e-03
1.355659358740519092e+05 3.742916573008397974e-02 1.128206587088121868e-02
1.356646728994518053e+05 1.464615231542892859e-02 7.523366994793783888e-03
1.357634099248517305e+05 9.400377181596326209e-03 4.350935602686677693e-03
1.358621469502516265e+05 1.635466723513115048e-02 6.451719855257732547e-03
1.359608839756514935e+05 1.815420220183716973e-02 7.327514224648393887e-03
1.360596210010513896e+05 8.817764134608725712e-03 5.320337907422139669e-03
1.361583580264512566e+05 1.213370031278119751e-02 5.489770839434478245e-03
1.362570950518511818e+05 7.592594216864693990e-03 3.221472669562350406e-03
1.363558320772510779e+05 1.744975181571050207e-02 6.740110460616802190e-03
1.364545691026509448e+05 1.411385876648809171e-02 5.364870900885699255e-03
1.365533061280508409e+05 1.956186139403022495e-02 7.019248453556805462e-03
1.366520431534507079e+05 2.161507416743155968e-02 9.006325644616619552e-03
1.367507801788506622e+05 1.402757460085648014e-02 5.065941382774933298e-03
1.368495172042505292e+05 3.904209882820179871e-03 1.419991776756068325e-03
1.369482542296504253e+05 1.732595752711209650e-02 6.625326750291060142e-03
1.370469912550502922e+05 1.944735447607799650e-02 6.766304800864502214e-03
1.371457282804501883e+05 2.418482346387304180e-02 8.902637570680011631e-03
1.372444653058501135e+05 3.541885820247085009e-02 1.133251302137296482e-02
1.373432023312500096e+05 2.739656134289501777e-02 1.008985316712455484e-02
1.374419393566498766e+05 3.518604590240516361e-02 1.413084112934646051e-02
1.375406763820497727e+05 2.448077637031040657e-02 1.256746466767676325e-02
1.376394134074496396e+05 3.599294503848070315e-02 1.331693730694029007e-02
1.377381504328495648e+05 3.698069832436436111e-02 1.352638721692638567e-02
1.378368874582494609e+05 3.201767477156278879e-02 9.556646819886291042e-03
1.379356244836493279e+05 1.055650245614894733e-02 4.811346199307220232e-03
1.380343615090492240e+05 2.015819926755268651e-02 8.634327501056459145e-03
1.381330985344490909e+05 2.122232124808428808e-02 1.028797267212790828e-02
1.382318355598490452e+05 2.934062915207637928e-02 1.058389782836889788e-02
1.383305725852489122e+05 2.783903515545267313e-02 1.112768037201210258e-02
1.384293096106488083e+05 2.085032228491987341e-02 7.824635810242792922e-03
1.385280466360486753e+05 1.329040099723068427e-02 7.237061491005144023e-03
1.386267836614485714e+05 4.907507839687952345e-02 1.399424944216279623e-02
1.387255206868484966e+05 2.067371673134620752e-02 9.202727529694271907e-03
1.388242577122483926e+05 1.404933692931042109e-02 6.063812421223631517e-03
1.389229947376482596e+05 3.152461549672084390e-02 1.199882482010442182e-02
1.390217317630481557e+05 2.067248809710773433e-02 7.747226843075049295e-03
1.391204687884480227e+05 1.802605331179284870e-02 7.233370906993016533e-03
1.392192058138479479e+05 1.862155301188444731e-02 8.709507414281957710e-03
1.393179428392478439e+05 2.267230348660304734e-02 7.984409937386201250e-03
1.394166798646477109e+05 2.463543355672188212e-02 1.013996343052312940e-02
1.395154168900476070e+05 1.415058401257351592e-02 4.503154322048964417e-03
1.396141539154474740e+05 2.533445910788705013e-02 8.837984631386840498e-03
1.397128909408474283e+05 2.544522098204599764e-02 1.134248789393096056e-02
1.398116279662472953e+05 1.453238995218895241e-02 6.524340728991179922e-03
1.399103649916471913e+05 1.970295098667432243e-02 7.928934315691580845e-03
1.400091020170470583e+05 3.159563657217416555e-02 1.294377600903214021e-02
1.401078390424469544e+05 3.158541657268000569e-02 1.336119055290358251e-02
1.402065760678468505e+05 2.786453522164061836e-02 1.096404494464582602e-02
1.403053130932467757e+05 1.965258487824801323e-02 9.607018492520966874e-03
1.404040501186466427e+05 2.694562376408878024e-02 9.253753326432362022e-03
1.405027871440465387e+05 4.023220661416886113e-02 1.695924303575842979e-02
1.406015241694464057e+05 3.458889144460912390e-02 1.046841048854329700e-02
1.407002611948463018e+05 2.206634760456731986e-02 9.767625910961977992e-03
1.407989982202462270e+05 2.547173353848321622e-02 8.108113083052927508e-03
1.408977352456460940e+05 2.756686531762665010e-02 9.834722888362266296e-03
1.409964722710459901e+05 2.393925654879835649e-02 9.973958143579080698e-03
1.410952092964458570e+05 1.932207042430795010e-02 7.727353720748516598e-03
1.411939463218457822e+05 1.798462032904898922e-02 6.113213723140904082e-03
1.412926833472456783e+05 2.351597797138120158e-02 1.095244132381503754e-02
1.413914203726455744e+05 6.502471924780706992e-03 2.781420016833130102e-03
1.414901573980454414e+05 5.432609587983196556e-03 4.349532846975355006e-03
1.415888944234453375e+05 2.680813910781897069e-02 9.801730720412593981e-03
1.416876314488452335e+05 2.646718418707953019e-02 1.087818313664215032e-02
1.417863684742451587e+05 2.884848719167538642e-02 1.020129908773177892e-02
1.418851054996450257e+05 2.803890161366894701e-02 1.266181658115162791e-02
