# DIFC = 58742.43986364694 [µ/Å] L = 157.66265789680057 [m] two_theta = 94.94884670921479 [deg]
# tof [µs]               Y [counts]               E [counts]
4.117845034441650205e+04 1.026389187055301577e-01 4.225152566050356662e-02
4.129593522414379549e+04 1.397996173304456302e-01 5.937152338800123080e-02
4.141342010387108894e+04 2.666955111644808696e-01 8.751190952582538207e-02
4.153090498359838239e+04 1.563151311823567091e-01 3.426022627818102462e-02
4.164838986332567583e+04 5.003577461678563321e-01 1.669673879687668394e-01
4.176587474305297656e+04 2.779526117451250888e-01 8.140658228668147534e-02
4.188335962278027000e+04 1.113988784721996056e-01 3.677602382130990000e-02
4.200084450250756345e+04 3.011376408168025542e-01 1.161955857515008378e-01
4.211832938223485689e+04 1.539924473965925134e-01 5.637477375677454883e-02
4.223581426196215034e+04 1.541574346289662778e-01 5.469507374083806828e-02
4.235329914168944379e+04 4.408160583357101925e-01 2.465782094191208140e-01
4.247078402141673723e+04 5.988458702287119406e-01 1.948004649739943084e-01
4.258826890114403068e+04 2.380660219115039722e-01 8.018171404984904271e-02
4.270575378087132412e+04 2.521421873382467815e-01 7.418850693400946827e-02
4.282323866059861757e+04 3.350950052255010636e-01 9.996528771297324978e-02
4.294072354032591102e+04 3.170949010371763022e-01 1.424870368934531562e-01
4.305820842005320446e+04 2.243927625923709812e-01 6.772588789459792202e-02
4.317569329978049791e+04 2.156664492794893584e-01 6.352532923016059041e-02
4.329317817950779863e+04 4.163510810820859609e-01 1.611728368673726597e-01
4.341066305923509208e+04 2.046904023909681403e-01 6.573369340526692695e-02
4.352814793896238552e+04 2.804203082450570927e-01 9.308419340286468169e-02
4.364563281868967897e+04 5.879831824752109748e-01 1.470764811254518800e-01
4.376311769841697242e+04 1.101109869063088054e+00 2.389428450243492319e-01
4.388060257814426586e+04 1.394779005797829541e+00 2.761904724316771587e-01
4.399808745787155931e+04 1.294628364019181355e+00 1.684972297264019925e-01
4.411557233759885276e+04 7.814970591539392997e-01 1.207599643623660512e-01
4.423305721732614620e+04 5.687515463628171064e-01 1.350109391764439115e-01
4.435054209705343965e+04 1.576175311134561940e-01 4.497303922909259150e-02
4.446802697678073309e+04 3.547714724630695593e-01 8.550572579130311102e-02
4.458551185650802654e+04 4.423691109556327494e-01 6.735876979181899815e-02
4.470299673623531999e+04 4.573751134146945563e-01 9.526048250602438261e-02
4.482048161596261343e+04 3.279558551585880499e-01 5.130469559109392119e-02
4.493796649568991415e+04 2.389881442034525461e-01 4.138885040356351380e-02
4.505545137541720760e+04 2.123369803205721329e-01 6.459690998523801020e-02
4.517293625514450105e+04 1.858569228935731676e-01 4.939442428382466443e-02
4.529042113487179449e+04 1.759397147174096010e-01 4.194068562423873547e-02
4.540790601459908066e+04 2.552824873718267384e-01 6.941300464870439613e-02
4.552539089432637411e+04 2.074721412492958605e-01 5.224882521736466667e-02
4.564287577405366756e+04 2.120929032442840367e-01 6.596884792158991262e-02
4.576036065378096100e+04 2.243806406207009274e-01 6.759405578046848162e-02
4.587784553350825445e+04 3.434590416453084938e-01 9.143335351084230789e-02
4.599533041323554789e+04 1.972183919488424420e-01 4.459150904217114991e-02
4.611281529296284134e+04 3.575284802729824518e-01 1.343198571451001688e-01
4.623030017269013479e+04 4.897942416317968006e-01 1.037430739126674883e-01
4.634778505241743551e+04 1.148245187776967935e+00 2.420949407938559061e-01
4.646526993214472895e+04 1.440943851601442782e+00 2.237360194321589557e-01
4.658275481187202240e+04 2.116692129800185729e+00 2.999407332702407336e-01
4.670023969159931585e+04 1.866778848337942609e+00 2.197080100841554140e-01
4.681772457132660929e+04 9.301070760895107092e-01 1.425421329102326828e-01
4.693520945105390274e+04 3.483713034073008807e-01 7.227509455423848650e-02
4.705269433078119619e+04 3.050320126841059021e-01 6.662674476658600464e-02
4.717017921050848963e+04 3.190793105961332587e-01 7.012057826066810107e-02
4.728766409023578308e+04 2.056502335010176041e-01 5.778848012212412649e-02
4.740514896996307652e+04 2.355621511847355853e-01 5.560678073289240797e-02
4.752263384969036997e+04 1.805404906738535820e-01 5.230409007618768563e-02
4.764011872941766342e+04 1.641491941196681348e-01 4.386847082092074079e-02
4.775760360914495686e+04 2.918774529868228274e-01 6.354175707528118833e-02
4.787508848887225759e+04 1.806686727283106642e-01 4.155940322254216002e-02
4.799257336859955103e+04 2.375248920265329855e-01 6.565694135350037819e-02
4.811005824832684448e+04 1.970863911535516433e-01 4.653400025227761444e-02
4.822754312805413792e+04 2.768125945194677695e-01 6.016775823080430102e-02
4.834502800778143137e+04 3.625915745812156588e-01 6.676513720375761018e-02
4.846251288750872482e+04 3.009596682604915863e-01 6.126511698476317519e-02
4.857999776723601826e+04 4.370636387985246674e-01 6.134879068238736910e-02
4.869748264696331171e+04 4.480827915359385516e-01 6.422265908751494112e-02
4.881496752669060515e+04 4.102597476714902047e-01 6.545354096077310446e-02
4.893245240641789860e+04 2.223535771888536516e-01 4.223128897580422786e-02
4.904993728614519205e+04 2.800089982609574313e-01 5.476549529502094255e-02
4.916742216587248549e+04 2.583422801858330509e-01 6.069343907956215728e-02
4.928490704559977894e+04 3.583249343391253228e-01 7.018305617517393846e-02
4.940239192532707239e+04 1.808071788812058434e-01 4.067831597318177783e-02
4.951987680505437311e+04 2.344234320076104827e-01 4.899109876576211720e-02
4.963736168478166655e+04 1.786241465134877082e-01 3.546259713783536660e-02
4.975484656450896000e+04 3.165364691960502186e-01 5.575189342758964800e-02
4.987233144423625345e+04 2.710446602441035080e-01 5.002782337259915196e-02
4.998981632396354689e+04 2.540375573623566696e-01 4.948080217025891542e-02
5.010730120369084034e+04 2.775635615734625694e-01 5.066599737501824297e-02
5.022478608341813379e+04 3.027463317211346316e-01 5.146294478740141148e-02
5.034227096314542723e+04 3.448205792011599935e-01 5.330425704932195002e-02
5.045975584287272068e+04 2.712994980188523919e-01 5.224044454025159046e-02
5.057724072260001412e+04 4.801960914813830361e-01 9.110252623180518927e-02
5.069472560232730757e+04 6.551712819584299963e-01 1.186359030473278370e-01
5.081221048205460102e+04 1.428317269489179475e+00 1.843974280172484548e-01
5.092969536178189446e+04 2.477631122172635258e+00 2.344042498707337718e-01
5.104718024150919518e+04 3.109356740677123199e+00 2.710324303857019612e-01
5.116466512123648863e+04 2.894320877172095408e+00 2.503345429433697089e-01
5.128215000096378208e+04 1.776867041069938313e+00 1.907050019214412140e-01
5.139963488069107552e+04 6.838292067254779782e-01 9.438958964119406603e-02
5.151711976041836169e+04 4.011008798981476886e-01 5.599364729647646199e-02
5.163460464014565514e+04 3.152835350627751776e-01 5.335731352842004033e-02
5.175208951987294859e+04 1.762273740812384804e-01 3.446279013659030166e-02
5.186957439960024203e+04 4.463427405142346149e-01 7.269775858318987261e-02
5.198705927932753548e+04 5.133536268715744866e-01 7.626360975192469915e-02
5.210454415905482892e+04 9.777315862581714700e-01 1.167719599278059378e-01
5.222202903878212237e+04 1.401651198557053668e+00 1.332053878155231297e-01
5.233951391850941582e+04 1.859388199584021573e+00 1.475541193267937423e-01
5.245699879823671654e+04 2.280993745755428126e+00 1.680642729278420400e-01
5.257448367796400998e+04 1.261402566972920081e+00 1.168532555493235620e-01
5.269196855769130343e+04 9.893020260898341967e-01 9.833034091587138092e-02
5.280945343741859688e+04 3.973177648042109378e-01 5.207818992380534862e-02
5.292693831714589032e+04 2.991894446890911996e-01 5.361270874356904859e-02
5.304442319687318377e+04 2.176496709684266617e-01 3.281408644570833061e-02
5.316190807660047722e+04 2.888505235245324432e-01 4.472586889161238310e-02
5.327939295632777066e+04 2.139974025712714223e-01 3.284838829395493598e-02
5.339687783605506411e+04 3.089486545353599678e-01 5.356231140217268538e-02
5.351436271578235755e+04 3.136057204463469361e-01 4.312662649259511871e-02
5.363184759550965100e+04 3.766335364764256122e-01 4.660722367079853101e-02
5.374933247523694445e+04 5.255693066382454148e-01 4.888245968690718701e-02
5.386681735496423789e+04 5.380119524081909965e-01 4.803358408642433713e-02
5.398430223469153134e+04 4.840966158284778498e-01 4.511853245832278536e-02
5.410178711441883206e+04 3.927968612810832649e-01 5.265165825081648265e-02
5.421927199414612551e+04 3.300325160569344551e-01 4.297279325690894075e-02
5.433675687387341895e+04 2.950616403855323422e-01 3.880218708974195185e-02
5.445424175360071240e+04 2.492450132397787399e-01 3.654222640529062455e-02
5.457172663332800585e+04 2.260370755253208741e-01 3.701443804427470563e-02
5.468921151305529929e+04 2.200890243240609390e-01 3.182892108474195264e-02
5.480669639278259274e+04 2.388887332652326612e-01 3.380584156396045092e-02
5.492418127250988618e+04 2.981100937439706833e-01 4.585553763770799235e-02
5.504166615223717963e+04 2.507240125616799764e-01 3.491424399433303710e-02
5.515915103196447308e+04 2.907883480310323732e-01 5.245691280659597194e-02
5.527663591169176652e+04 2.972758668025365369e-01 4.351121393522942166e-02
5.539412079141905997e+04 2.992136396268765819e-01 3.782760886718196380e-02
5.551160567114635342e+04 3.133570637017624172e-01 3.844731763204999736e-02
5.562909055087365414e+04 2.906278744172185458e-01 3.982450655197066619e-02
5.574657543060094758e+04 2.205034716934419770e-01 3.089954222050324967e-02
5.586406031032824103e+04 3.114768333198998373e-01 3.848971723370582521e-02
5.598154519005553448e+04 2.681625387510871983e-01 3.456439718156366359e-02
5.609903006978282792e+04 2.334800495873709525e-01 3.105286338920121986e-02
5.621651494951012137e+04 2.628616311053066368e-01 3.369713834452245371e-02
5.633399982923741481e+04 3.264739671110050145e-01 3.961055956392658256e-02
5.645148470896470826e+04 2.750124082771673861e-01 3.515633143795317966e-02
5.656896958869200171e+04 3.484533729327924934e-01 4.339428526900690475e-02
5.668645446841929515e+04 4.207129441528209002e-01 4.190014871027057664e-02
5.680393934814658860e+04 5.697530021731159744e-01 4.887732359987120162e-02
5.692142422787388205e+04 1.084961587477615508e+00 6.789981620985753585e-02
5.703890910760117549e+04 1.341056912963587644e+00 7.120711110798993992e-02
5.715639398732846894e+04 1.416352827203603226e+00 7.012595958865129597e-02
5.727387886705576966e+04 1.108508624142690024e+00 6.248681888143868546e-02
5.739136374678306311e+04 7.401612009659254143e-01 5.598387613963796972e-02
5.750884862651035655e+04 5.099077652680423789e-01 4.627281143997867552e-02
5.762633350623765000e+04 3.226604723308503786e-01 3.327785648096771159e-02
5.774381838596494345e+04 2.729626911048345650e-01 3.430102799522007778e-02
5.786130326569223689e+04 2.683922495946046705e-01 3.511618683689714249e-02
5.797878814541953034e+04 2.279039540673531983e-01 2.758132657525257450e-02
5.809627302514682378e+04 2.663281272455145232e-01 2.988421144968735413e-02
5.821375790487411723e+04 2.982290740014431618e-01 3.628929822108504372e-02
5.833124278460141068e+04 2.716854910856432159e-01 3.112372202815927302e-02
5.844872766432870412e+04 1.687394724503477605e-01 2.459200597701623886e-02
5.856621254405599757e+04 3.151325406870690293e-01 3.437945208176153983e-02
5.868369742378329101e+04 2.384950308673110253e-01 3.088554620173410842e-02
5.880118230351058446e+04 2.192608351763692953e-01 2.799542726883336163e-02
5.891866718323789246e+04 2.818340686740458678e-01 3.387253350647381062e-02
5.903615206296517135e+04 2.103860293040363538e-01 2.516950844527445982e-02
5.915363694269247935e+04 2.754037021629112680e-01 3.536185801746966062e-02
5.927112182241975825e+04 2.748286261158389698e-01 3.098949290462835529e-02
5.938860670214706624e+04 1.799680752417056606e-01 2.457206463407791627e-02
5.950609158187434514e+04 2.684116157890129029e-01 3.182729042315890489e-02
5.962357646160165314e+04 2.561959651574642893e-01 2.832736916623309828e-02
5.974106134132893203e+04 2.362063025408863148e-01 2.682812144953062791e-02
5.985854622105624003e+04 2.484754895654770757e-01 2.716887688159074637e-02
5.997603110078351892e+04 2.951295312525735182e-01 3.457661253194847101e-02
6.009351598051082692e+04 2.313622393520459175e-01 2.607075062861102799e-02
6.021100086023811309e+04 2.592063919389324678e-01 2.742091733947288681e-02
6.032848573996541381e+04 3.012588854924239112e-01 3.281957200156777194e-02
6.044597061969269998e+04 2.898015795895670377e-01 3.116722805268002869e-02
6.056345549942000798e+04 3.151563471178265852e-01 3.054300011708842300e-02
6.068094037914728688e+04 3.231772743984794860e-01 3.033029085688535714e-02
6.079842525887459487e+04 3.916999147126978276e-01 2.778122594764691200e-02
6.091591013860187377e+04 5.941493552219679897e-01 3.169551850024424078e-02
6.103339501832918177e+04 6.335808193848617709e-01 2.846664571011001815e-02
6.115087989805646066e+04 6.891299218371546020e-01 3.411529652918380423e-02
6.126836477778376866e+04 5.391072951228950139e-01 2.876267547860211077e-02
6.138584965751104755e+04 3.765874132216841530e-01 2.454095872750633456e-02
6.150333453723835555e+04 3.595357835669124591e-01 2.649316632219251080e-02
6.162081941696563445e+04 3.014513256900653304e-01 2.963418623355060580e-02
6.173830429669294244e+04 2.869966337765393338e-01 2.751263780377226700e-02
6.185578917642022861e+04 2.658387508915355801e-01 2.747555970071190179e-02
6.197327405614752206e+04 3.030963824624803848e-01 3.050613183260279110e-02
6.209075893587481551e+04 2.129301885040605358e-01 2.404238102176765868e-02
6.220824381560210895e+04 2.400057333190389053e-01 2.259117502681410108e-02
6.232572869532940240e+04 2.477600088857740968e-01 2.388000089408538057e-02
6.244321357505669584e+04 2.427831942759788586e-01 2.779004657901198994e-02
6.256069845478398929e+04 2.754104107103764743e-01 2.741776324730318959e-02
6.267818333451128274e+04 2.738118714648523633e-01 2.822859346429010957e-02
6.279566821423857618e+04 2.855226118425853166e-01 2.838295754999469594e-02
6.291315309396586963e+04 2.665292980989751315e-01 2.523098816847036199e-02
6.303063797369316308e+04 2.693537510850672612e-01 2.477083614831812608e-02
6.314812285342045652e+04 2.593559323368711533e-01 2.496805486446207131e-02
6.326560773314774997e+04 2.229415722547544165e-01 2.092645777875307145e-02
6.338309261287505069e+04 2.350419748094108030e-01 2.288622327568160322e-02
6.350057749260234414e+04 2.423356049664524559e-01 2.277992095283584706e-02
6.361806237232963758e+04 2.440359797194407709e-01 2.278291170978402266e-02
6.373554725205693103e+04 2.385715228216548911e-01 2.221563922064439742e-02
6.385303213178422448e+04 2.651661389868560370e-01 2.414344493558440857e-02
6.397051701151151792e+04 2.353225021421111174e-01 2.199213719259634353e-02
6.408800189123881137e+04 2.448070803769231973e-01 2.182540032818428358e-02
6.420548677096610481e+04 2.815819360211286870e-01 2.424386243248216263e-02
6.432297165069339826e+04 2.684002897548007360e-01 2.442655466725215593e-02
6.444045653042069171e+04 3.435577281984454334e-01 3.119176911417102793e-02
6.455794141014798515e+04 2.787557621395475027e-01 2.500724488836946618e-02
6.467542628987527860e+04 2.593076063091149241e-01 2.369323442635849417e-02
6.479291116960257204e+04 3.062829735150675026e-01 2.428473245260866567e-02
6.491039604932987277e+04 3.327128624431512360e-01 2.831017278965381953e-02
6.502788092905716621e+04 3.904259634375378818e-01 3.023967233351303185e-02
6.514536580878445966e+04 4.244170015911279403e-01 3.108145652474826603e-02
6.526285068851175311e+04 4.320919709034340417e-01 3.268717310334914861e-02
6.538033556823904655e+04 4.187238024452321627e-01 3.067786425908582137e-02
6.549782044796634000e+04 6.053641304913618404e-01 3.879412180624448869e-02
6.561530532769362617e+04 1.023979507415267109e+00 5.059799153908047659e-02
6.573279020742091234e+04 1.722177642426386157e+00 6.585242527460281881e-02
6.585027508714822761e+04 2.869575078021976644e+00 8.483646805009378844e-02
6.596775996687549923e+04 3.284110397651819113e+00 8.926877630141735742e-02
6.608524484660281450e+04 3.046118587262390598e+00 8.650867226807658350e-02
6.620272972633008612e+04 1.819862521790002408e+00 6.482667947956427534e-02
6.632021460605740140e+04 9.157173299745184902e-01 4.379609404738438183e-02
6.643769948578467302e+04 5.302548279874113035e-01 3.198112794092978356e-02
6.655518436551198829e+04 3.610700549980613294e-01 2.639578074592303925e-02
6.667266924523925991e+04 2.792614633281114145e-01 2.212352307389857040e-02
6.679015412496657518e+04 2.506401662027586408e-01 1.942840315613269739e-02
6.690763900469384680e+04 2.459135717704753199e-01 1.932334708431501097e-02
6.702512388442116207e+04 2.704298743065955413e-01 2.184002266236532638e-02
6.714260876414844824e+04 2.430428420625999064e-01 2.122484006521542163e-02
6.726009364387574897e+04 2.373042785068660565e-01 2.086855456862465527e-02
6.737757852360303514e+04 2.741943653955253302e-01 2.187648494376301378e-02
6.749506340333033586e+04 2.223181958561409322e-01 1.848249094891096095e-02
6.761254828305762203e+04 2.484951155264427947e-01 2.070021790801592626e-02
6.773003316278492275e+04 2.995813421252266351e-01 2.582430013449591930e-02
6.784751804251220892e+04 2.886347125737102060e-01 2.450983745359829394e-02
6.796500292223950964e+04 3.280950800537890122e-01 2.789551417319516627e-02
6.808248780196679581e+04 3.598127918433652872e-01 2.936329826495984868e-02
6.819997268169409654e+04 3.387790909183935328e-01 2.728478519188057630e-02
6.831745756142138271e+04 6.106575919450546452e-01 4.202056068595941968e-02
6.843494244114868343e+04 1.036263293450311096e+00 6.005625058857194665e-02
6.855242732087596960e+04 1.827639238472944072e+00 8.285667937181179221e-02
6.866991220060327032e+04 3.715782611186581263e+00 1.212454713971919118e-01
6.878739708033055649e+04 6.608505152163179908e+00 1.639646501714923932e-01
6.890488196005787177e+04 7.620959341487798078e+00 1.755418204262962079e-01
6.902236683978514338e+04 6.340171736842076911e+00 1.600330773473809531e-01
6.913985171951245866e+04 3.945107232923390939e+00 1.197382189389138152e-01
6.925733659923973028e+04 1.858624142641227328e+00 7.687835818393214116e-02
6.937482147896704555e+04 9.745155813333851169e-01 5.285047601676039902e-02
6.949230635869431717e+04 5.942483121679360547e-01 3.828503107727526666e-02
6.960979123842163244e+04 4.072990947127381189e-01 3.008992194749297855e-02
6.972727611814890406e+04 3.249043045536640362e-01 2.300290722028994553e-02
6.984476099787621934e+04 2.679826716357985306e-01 2.007924872128617755e-02
6.996224587760349095e+04 2.332746614252014239e-01 1.701787491319955645e-02
7.007973075733080623e+04 3.077984374111149002e-01 2.074064902161703097e-02
7.019721563705809240e+04 2.293375571855331974e-01 1.671286783578572466e-02
7.031470051678539312e+04 2.439637879087989958e-01 1.719874894819669112e-02
7.043218539651267929e+04 2.608900551027117931e-01 1.833054771915438794e-02
7.054967027623998001e+04 2.505142359417926734e-01 1.724705567970473766e-02
7.066715515596726618e+04 2.430037537024954675e-01 1.732129138540690338e-02
7.078464003569456690e+04 2.144521152047729473e-01 1.530962237758228678e-02
7.090212491542185307e+04 2.482335621663267211e-01 1.713021297581737018e-02
7.101960979514915380e+04 2.435107311470857960e-01 1.618759216233205123e-02
7.113709467487643997e+04 2.510173606250347689e-01 1.764244247134177934e-02
7.125457955460374069e+04 2.700765960858671488e-01 1.888552687582526965e-02
7.137206443433102686e+04 2.221540267197681662e-01 1.567993899490387200e-02
7.148954931405832758e+04 2.474955149410510702e-01 1.750469435653384531e-02
7.160703419378561375e+04 2.339498149027210427e-01 1.610910528440698264e-02
7.172451907351291447e+04 2.752388985423036560e-01 1.699814391420089929e-02
7.184200395324020064e+04 2.681219037458177357e-01 1.475024385904641702e-02
7.195948883296750137e+04 3.778104168695359255e-01 1.757253589666064875e-02
7.207697371269478754e+04 4.916953374349823380e-01 1.778928998366503117e-02
7.219445859242210281e+04 6.325672164916609219e-01 1.884378671860735197e-02
7.231194347214937443e+04 6.468555702085228010e-01 1.893608218184573283e-02
7.242942835187668970e+04 5.621343132970443301e-01 1.967882460853638896e-02
7.254691323160396132e+04 3.884918589609526185e-01 1.638171475625302409e-02
7.266439811133127660e+04 3.277092847890691329e-01 1.727957370600969114e-02
7.278188299105854821e+04 3.072029353142167185e-01 1.879750302001862231e-02
7.289936787078586349e+04 3.121760854050493750e-01 1.748027299177910138e-02
7.301685275051313511e+04 3.158597248735866003e-01 1.766423552855218501e-02
7.313433763024045038e+04 3.495645148876029840e-01 1.858717772543205457e-02
7.325182250996772200e+04 3.779317372231783545e-01 1.983890501424235425e-02
7.336930738969503727e+04 3.016515237349527978e-01 1.750049802459521103e-02
7.348679226942232344e+04 2.642882875759293704e-01 1.602666045683603935e-02
7.360427714914962417e+04 2.467033015151160469e-01 1.537268295713969078e-02
7.372176202887691034e+04 2.583477603644355747e-01 1.647760369160293156e-02
7.383924690860421106e+04 2.196510918098707743e-01 1.417342980047160868e-02
7.395673178833149723e+04 2.438666081819843012e-01 1.593700330549025976e-02
7.407421666805879795e+04 2.286508101762403933e-01 1.533896846970885137e-02
7.419170154778608412e+04 2.284767621278146754e-01 1.485976849543357500e-02
7.430918642751338484e+04 2.693819629225019385e-01 1.656452399438761505e-02
7.442667130724067101e+04 2.822834194303860400e-01 1.750275931444024088e-02
7.454415618696797173e+04 2.464651902046932352e-01 1.567244164940046619e-02
7.466164106669525790e+04 2.187049768720053244e-01 1.519224848166734164e-02
7.477912594642255863e+04 2.604609849149542300e-01 1.659475241779284627e-02
7.489661082614984480e+04 2.607212127084548858e-01 1.623651386453009438e-02
7.501409570587714552e+04 2.496355174135630739e-01 1.548550819598428115e-02
7.513158058560443169e+04 2.239448959625868207e-01 1.456352348006314211e-02
7.524906546533173241e+04 2.604207706163541580e-01 1.633147379347373723e-02
7.536655034505901858e+04 2.617216257481469466e-01 1.605858930156012221e-02
7.548403522478631930e+04 2.287439573508639745e-01 1.427640841630284027e-02
7.560152010451360547e+04 2.544659536418589219e-01 1.563429218493380193e-02
7.571900498424090620e+04 2.523082101234948582e-01 1.526181147455010073e-02
7.583648986396819237e+04 2.627978644853515844e-01 1.582193370252416714e-02
7.595397474369549309e+04 2.857862211104597039e-01 1.583306184024893190e-02
7.607145962342277926e+04 2.856759177545141193e-01 1.499630559562889140e-02
7.618894450315007998e+04 2.762781482864891669e-01 1.444740209300829185e-02
7.630642938287736615e+04 2.744786396440926368e-01 1.515719500110723587e-02
7.642391426260466687e+04 2.698854129303119298e-01 1.545147823167379933e-02
7.654139914233196760e+04 2.611728701388578711e-01 1.535635404694849979e-02
7.665888402205925377e+04 2.487609030567312085e-01 1.460012831045296236e-02
7.677636890178655449e+04 2.589254047731875397e-01 1.471998368524818357e-02
7.689385378151384066e+04 2.438434789842611750e-01 1.462928966552092327e-02
7.701133866124114138e+04 2.599324628536570647e-01 1.505149158707442050e-02
7.712882354096842755e+04 2.427420345494490650e-01 1.435398580381514952e-02
7.724630842069572827e+04 2.196275016799306423e-01 1.307607367758112024e-02
7.736379330042301444e+04 2.327363648503985860e-01 1.370923748968199893e-02
7.748127818015031517e+04 2.396130136674551880e-01 1.436600191763026321e-02
7.759876305987760134e+04 2.381478086813833273e-01 1.400171256760133522e-02
7.771624793960490206e+04 2.311743327372884349e-01 1.359339812598762964e-02
7.783373281933218823e+04 2.542738871825155345e-01 1.450045225638801893e-02
7.795121769905948895e+04 2.635849358626350947e-01 1.471059484446322896e-02
7.806870257878678967e+04 2.641964778612655440e-01 1.499437300503753297e-02
7.818618745851407584e+04 2.347322226098160769e-01 1.372512682045429026e-02
7.830367233824137656e+04 2.637992356285898676e-01 1.496300395371568878e-02
7.842115721796866274e+04 2.622162796733039647e-01 1.427254789854758878e-02
7.853864209769596346e+04 2.357865026915225426e-01 1.363267650836430360e-02
7.865612697742324963e+04 2.456952640084646977e-01 1.377451300031466361e-02
7.877361185715055035e+04 2.453440253195703913e-01 1.407899751485479703e-02
7.889109673687783652e+04 2.558434740289881604e-01 1.461002394448900239e-02
7.900858161660513724e+04 2.439786221673118649e-01 1.366347699396048242e-02
7.912606649633242341e+04 2.555824043626228614e-01 1.372698631384466211e-02
7.924355137605972413e+04 2.530190632290198471e-01 1.451688790242196790e-02
7.936103625578701030e+04 2.680840431144656533e-01 1.387551464498451223e-02
7.947852113551431103e+04 3.061468517519026489e-01 1.546854021508436115e-02
7.959600601524161175e+04 3.368497318171845278e-01 1.577685612647141550e-02
7.971349089496889792e+04 3.901963190522604319e-01 1.794270697476631551e-02
7.983097577469619864e+04 4.065304455028960762e-01 1.914942121181879148e-02
7.994846065442348481e+04 4.568147644894976489e-01 2.210992243209041266e-02
8.006594553415078553e+04 6.325591803025866211e-01 2.978985724702188850e-02
8.018343041387807170e+04 9.560411814995216639e-01 3.954080756207344755e-02
8.030091529360537243e+04 1.582604344737334801e+00 5.256589160458978449e-02
8.041840017333265860e+04 2.991607384223537558e+00 7.587777451294198949e-02
8.053588505305995932e+04 5.544238911554531413e+00 1.041434221648967762e-01
8.065336993278724549e+04 9.066369793559719170e+00 1.341081073817377567e-01
8.077085481251454621e+04 1.118670896468542963e+01 1.510870167278008103e-01
8.088833969224183238e+04 1.038613401324233365e+01 1.447597288616404854e-01
8.100582457196913310e+04 7.390600409595702303e+00 1.224308253363256271e-01
8.112330945169641927e+04 3.975941793080358444e+00 8.772059607213507360e-02
8.124079433142372000e+04 2.157062752986575127e+00 6.199243081146460499e-02
8.135827921115102072e+04 1.209544025661601685e+00 4.325439941990810028e-02
8.147576409087830689e+04 7.639969239843060755e-01 3.210059112981426821e-02
8.159324897060560761e+04 5.294200931696162460e-01 2.429551583989006738e-02
8.171073385033289378e+04 4.008900287069679380e-01 1.979383081964489546e-02
8.182821873006019450e+04 3.137847721791904299e-01 1.583668484462920009e-02
8.194570360978748067e+04 2.846407275605110643e-01 1.496601677304223478e-02
8.206318848951478139e+04 2.569373839470143195e-01 1.347229389890966175e-02
8.218067336924206757e+04 2.793780820848453805e-01 1.383367665593681142e-02
8.229815824896936829e+04 2.507909805955650939e-01 1.243200014681651588e-02
8.241564312869665446e+04 2.602917765599425115e-01 1.283904463081043772e-02
8.253312800842394063e+04 2.314232081944593289e-01 1.195265728519036112e-02
8.265061288815124135e+04 2.706129461973929007e-01 1.328319145450221166e-02
8.276809776787852752e+04 2.499372972837755336e-01 1.274014202912272277e-02
8.288558264760584279e+04 2.370604116053851296e-01 1.198314615107681606e-02
8.300306752733311441e+04 2.501180615432377907e-01 1.280227935021162160e-02
8.312055240706042969e+04 2.240131306755544227e-01 1.123861592365976367e-02
8.323803728678770131e+04 2.381634239090330285e-01 1.185513489755068116e-02
8.335552216651501658e+04 2.436875348023024024e-01 1.212523749594874266e-02
8.347300704624228820e+04 2.487730515915544671e-01 1.242974405657244243e-02
8.359049192596960347e+04 2.344852645714093908e-01 1.170092430705882598e-02
8.370797680569687509e+04 2.284218126659737780e-01 1.143914246467647548e-02
8.382546168542419036e+04 2.458359297219424311e-01 1.191150632992059484e-02
8.394294656515146198e+04 2.529152742933930553e-01 1.241623964030431036e-02
8.406043144487877726e+04 2.486127879516559502e-01 1.212683758273027691e-02
8.417791632460606343e+04 2.353554413968428904e-01 1.180001703159493619e-02
8.429540120433336415e+04 2.589480602325739400e-01 1.236167187659707907e-02
8.441288608406065032e+04 2.176679386776328995e-01 1.096161752062463877e-02
8.453037096378795104e+04 2.425656923433729684e-01 1.169653177395690337e-02
8.464785584351523721e+04 2.470378821777743095e-01 1.211975081626509923e-02
8.476534072324253793e+04 2.672180374281797888e-01 1.251162447214065193e-02
8.488282560296982410e+04 2.364567766238570012e-01 1.165246003139473220e-02
8.500031048269712483e+04 2.372676900665205979e-01 1.128904432454848686e-02
8.511779536242441100e+04 2.579218530711435142e-01 1.201232029924224204e-02
8.523528024215171172e+04 2.377781221049344307e-01 1.134412987986936801e-02
8.535276512187899789e+04 2.115923403934457103e-01 1.050476812292224990e-02
8.547025000160629861e+04 2.504487138201756946e-01 1.175831591722686052e-02
8.558773488133358478e+04 2.455786466951162261e-01 1.139935194394717244e-02
8.570521976106088550e+04 2.268553791727657420e-01 1.127642961039109111e-02
8.582270464078817167e+04 2.248863312314465790e-01 1.095836036730804888e-02
8.594018952051548695e+04 2.254954114687338362e-01 1.106317772282018434e-02
8.605767440024275857e+04 2.446001562405590024e-01 1.144035643752968484e-02
8.617515927997007384e+04 2.387864111182593507e-01 1.126076189836724452e-02
8.629264415969734546e+04 2.347155402254920975e-01 1.094391923862396247e-02
8.641012903942466073e+04 2.403404991250415457e-01 1.148575532773789959e-02
8.652761391915193235e+04 2.322908215480234961e-01 1.091503769786278735e-02
8.664509879887924762e+04 2.541243043793154910e-01 1.191668949628181540e-02
8.676258367860651924e+04 2.622991418023756238e-01 1.194270827295045197e-02
8.688006855833383452e+04 2.392626319972793736e-01 1.103547064533561516e-02
8.699755343806110614e+04 2.440509527338726725e-01 1.140794113780237151e-02
8.711503831778842141e+04 2.205875710659934708e-01 1.088301980007597321e-02
8.723252319751570758e+04 2.540655245990858790e-01 1.155785144461297757e-02
8.735000807724300830e+04 2.351072959677929231e-01 1.106866436914643106e-02
8.746749295697029447e+04 2.523690079386587959e-01 1.152452130540374854e-02
8.758497783669759519e+04 2.390161906705245698e-01 1.097316671745359080e-02
8.770246271642488136e+04 2.434782981924367984e-01 1.098168868145680925e-02
8.781994759615218209e+04 2.368862424649141041e-01 1.109846355229609539e-02
8.793743247587946826e+04 2.568747079220431440e-01 1.147640538449756255e-02
8.805491735560676898e+04 2.468716072514495763e-01 1.158343232046775938e-02
8.817240223533405515e+04 2.450538511805538111e-01 1.125921497434179651e-02
8.828988711506135587e+04 2.326612976564627067e-01 1.041035772694169810e-02
8.840737199478864204e+04 2.409907685509790343e-01 1.104967146238102979e-02
8.852485687451594276e+04 2.410486196689766158e-01 1.075584891394720452e-02
8.864234175424322893e+04 2.542791922202619626e-01 1.172658705040070456e-02
8.875982663397052966e+04 2.487136338956549009e-01 1.107665123223781911e-02
8.887731151369781583e+04 2.349966290410357150e-01 1.088017010213396252e-02
8.899479639342511655e+04 2.636904806082637220e-01 1.168454383016104617e-02
8.911228127315240272e+04 2.467052367784499378e-01 1.128062252658268601e-02
8.922976615287971799e+04 2.414286148988728231e-01 1.102986774470776990e-02
8.934725103260698961e+04 2.399044597116381239e-01 1.102598573054756025e-02
8.946473591233430489e+04 2.374008998357685918e-01 1.089107322722213111e-02
8.958222079206157650e+04 2.433681524383710382e-01 1.083995225006499814e-02
8.969970567178889178e+04 2.229701176916610850e-01 1.040101131530981118e-02
8.981719055151616340e+04 2.269806649839689050e-01 1.044353421560286280e-02
8.993467543124347867e+04 2.448944228894550101e-01 1.104171734536066839e-02
9.005216031097075029e+04 2.437929677409204077e-01 1.075850071883872015e-02
9.016964519069805101e+04 2.429366177937539173e-01 1.091876648117540670e-02
9.028713007042533718e+04 2.497607402583381930e-01 1.133346051684374148e-02
9.040461495015263790e+04 2.673288808654772364e-01 1.145960347926451225e-02
9.052209982987993862e+04 2.692554995982928689e-01 1.158096527853953728e-02
9.063958470960722480e+04 2.471859276062864930e-01 1.108540533676991881e-02
9.075706958933452552e+04 2.712037404420062914e-01 1.174798025226952980e-02
9.087455446906181169e+04 2.446963607048677491e-01 1.106162640539137820e-02
9.099203934878911241e+04 2.494825865655170005e-01 1.110403779537625160e-02
9.110952422851639858e+04 2.374509662145194433e-01 1.105056662068712621e-02
9.122700910824369930e+04 2.236936392222478864e-01 1.008867988709542980e-02
9.134449398797098547e+04 2.281142220243304042e-01 1.041261683242979130e-02
9.146197886769828619e+04 2.354430784760714879e-01 1.058684565677522546e-02
9.157946374742557236e+04 2.521982886908827326e-01 1.124237688702390756e-02
9.169694862715287309e+04 2.140988245623053343e-01 9.945762349716311818e-03
9.181443350688015926e+04 2.402196011578697499e-01 1.074350018077753488e-02
9.193191838660745998e+04 2.495712816829033232e-01 1.077320136056984096e-02
9.204940326633476070e+04 2.256516572224245010e-01 1.014260754218515755e-02
9.216688814606204687e+04 2.585247737508243326e-01 1.110511451252669569e-02
9.228437302578934759e+04 2.641138988730946657e-01 1.097746208796351007e-02
9.240185790551663376e+04 2.856368967852610519e-01 1.111794418660644844e-02
9.251934278524393449e+04 2.940639618343212636e-01 1.057484067058013510e-02
9.263682766497122066e+04 3.346807272316177362e-01 1.137442755981196187e-02
9.275431254469852138e+04 3.690270465839171621e-01 1.112492544762257347e-02
9.287179742442580755e+04 4.720799185659342867e-01 1.154890259626635378e-02
9.298928230415310827e+04 5.701145817822420581e-01 1.147104344746549195e-02
9.310676718388039444e+04 7.166782660968731289e-01 1.226968652708650825e-02
9.322425206360769516e+04 9.262942931885581599e-01 1.341657243622912214e-02
9.334173694333498133e+04 9.711632190673806786e-01 1.347157385779203936e-02
9.345922182306228206e+04 8.857163148553062193e-01 1.305524059645513102e-02
9.357670670278958278e+04 7.126479162983397897e-01 1.290284990289426205e-02
9.369419158251686895e+04 5.409442454143157386e-01 1.239457300524312786e-02
9.381167646224416967e+04 4.242034901285901549e-01 1.117351107482072135e-02
9.392916134197145584e+04 3.526572050413880333e-01 1.105166429727582472e-02
9.404664622169875656e+04 3.068098308439413668e-01 1.067919388079890952e-02
9.416413110142604273e+04 3.079727767314518472e-01 1.127422505272768910e-02
9.428161598115334345e+04 2.685575582279924323e-01 1.078621126692638765e-02
9.439910086088062963e+04 2.638921715712007066e-01 1.103318940002177666e-02
9.451658574060793035e+04 2.396315294814058139e-01 1.057503497142174217e-02
9.463407062033521652e+04 2.326848882218328640e-01 1.053237009139014989e-02
9.475155550006251724e+04 2.621720924207842085e-01 1.157412862709324489e-02
9.486904037978980341e+04 2.268480643523560769e-01 1.057975565647393396e-02
9.498652525951710413e+04 2.383940356719330966e-01 1.078156711116825921e-02
9.510401013924440485e+04 2.346014507354489964e-01 1.049442899830104088e-02
9.522149501897169102e+04 2.646163907112967784e-01 1.176019976079362150e-02
9.533897989869899175e+04 2.337829883299970823e-01 1.047669520070074016e-02
9.545646477842627792e+04 2.687860790983300774e-01 1.172187282516169715e-02
9.557394965815357864e+04 2.882913936563240576e-01 1.207598450491083678e-02
9.569143453788086481e+04 2.947125682312523587e-01 1.213782627944392720e-02
9.580891941760816553e+04 3.370772376071001775e-01 1.326831027828798484e-02
9.592640429733545170e+04 3.823864349516625794e-01 1.435494896341133614e-02
9.604388917706275242e+04 4.492448385088455010e-01 1.554621884290629218e-02
9.616137405679003859e+04 4.576440592257060569e-01 1.565929452066485567e-02
9.627885893651733932e+04 4.252879162505428523e-01 1.488811826441259131e-02
9.639634381624462549e+04 3.933209765278379844e-01 1.450807164435903747e-02
9.651382869597192621e+04 3.562275702997366733e-01 1.403544532616619878e-02
9.663131357569921238e+04 3.166256071250094783e-01 1.305430409192362244e-02
9.674879845542651310e+04 2.816958144785192131e-01 1.233384564190660032e-02
9.686628333515381382e+04 2.751910618827491661e-01 1.242041783047625331e-02
9.698376821488109999e+04 2.419670037513425853e-01 1.091977463079796956e-02
9.710125309460840072e+04 2.467337342348722706e-01 1.121276435181491754e-02
9.721873797433568689e+04 2.324073160108961755e-01 1.108972888931556745e-02
9.733622285406298761e+04 2.277431194329681552e-01 1.085846818857879280e-02
9.745370773379025923e+04 2.283646174108394933e-01 1.044078831814559266e-02
9.757119261351757450e+04 2.124940524969559652e-01 1.020015193533271164e-02
9.768867749324484612e+04 2.339774846935772368e-01 1.148157012777625656e-02
9.780616237297216139e+04 2.240870624075844142e-01 1.040706610767724340e-02
9.792364725269944756e+04 2.508614851583843564e-01 1.138376155796188074e-02
9.804113213242674829e+04 2.217675020523723617e-01 1.040480640364378935e-02
9.815861701215403446e+04 2.446512247930383299e-01 1.184410763625304806e-02
9.827610189188133518e+04 2.244422255708350966e-01 1.062065134804501820e-02
9.839358677160862135e+04 2.392470741072987295e-01 1.166154542318707105e-02
9.851107165133592207e+04 2.412779521088068702e-01 1.171633154536276707e-02
9.862855653106320824e+04 2.104512050484133034e-01 1.032010372723256644e-02
9.874604141079050896e+04 2.416008747302485493e-01 1.174457550410270244e-02
9.886352629051779513e+04 2.289083021975752696e-01 1.074508518861790399e-02
9.898101117024509585e+04 2.196232971450560456e-01 1.078537561621299365e-02
9.909849604997238202e+04 2.193773001104861453e-01 1.094128553271097280e-02
9.921598092969968275e+04 2.077491182044146900e-01 1.007666437943702427e-02
9.933346580942696892e+04 2.310452861877522746e-01 1.131573124288017332e-02
9.945095068915426964e+04 2.166090737789030940e-01 1.072068147108341633e-02
9.956843556888155581e+04 2.219557928861534135e-01 1.081501638642971309e-02
9.968592044860885653e+04 2.208351741512233346e-01 1.126380685696272768e-02
9.980340532833614270e+04 2.068052402878251816e-01 1.035076363214740801e-02
9.992089020806345798e+04 2.345090222897882604e-01 1.166418473095150177e-02
1.000383750877907296e+05 2.212858838328070621e-01 1.099179334975830015e-02
1.001558599675180449e+05 2.338783036068806664e-01 1.205542793523114824e-02
1.002733448472453165e+05 2.594285886406736963e-01 1.285329418128887055e-02
1.003908297269726318e+05 2.199993079236126636e-01 1.141739303596478287e-02
1.005083146066999034e+05 2.392505591907489459e-01 1.171846689458710088e-02
1.006257994864272187e+05 2.353225943378983442e-01 1.186656905039768992e-02
1.007432843661544903e+05 2.292927764839515492e-01 1.185785108688810346e-02
1.008607692458818055e+05 2.396065837797195786e-01 1.146840652835138565e-02
1.009782541256090772e+05 2.143105905088254770e-01 1.061592785341150362e-02
1.010957390053363924e+05 2.436492104373796097e-01 1.173199296063023346e-02
1.012132238850636786e+05 2.494619826143534835e-01 1.169070741808782461e-02
1.013307087647909793e+05 2.597018067946054720e-01 1.266541204274185088e-02
1.014481936445182655e+05 2.333872469661280868e-01 1.150074571830989913e-02
1.015656785242455662e+05 2.551792133585535916e-01 1.207262876273582607e-02
1.016831634039728524e+05 2.713945736255545249e-01 1.234918992983388350e-02
1.018006482837001531e+05 2.556113971062462520e-01 1.150552294785175261e-02
1.019181331634274393e+05 2.789840885978011609e-01 1.213774689111053219e-02
1.020356180431547400e+05 2.769559954599709606e-01 1.156875779288939199e-02
1.021531029228820262e+05 3.138817712460071352e-01 1.259239405096566032e-02
1.022705878026093269e+05 3.074740334962498545e-01 1.216446341362712076e-02
1.023880726823366131e+05 3.075027838767253052e-01 1.232019661893228590e-02
1.025055575620639138e+05 2.541006043945929771e-01 1.041654610476908625e-02
1.026230424417912000e+05 2.856598928390500780e-01 1.282137680602293481e-02
1.027405273215185007e+05 2.698709432729959334e-01 1.255016874266030869e-02
1.028580122012457869e+05 2.427745146336031667e-01 1.177583926589783996e-02
1.029754970809731021e+05 2.474902495722011708e-01 1.225750885597640463e-02
1.030929819607003737e+05 2.375006616770269641e-01 1.199211870602138498e-02
1.032104668404276890e+05 2.400759360484121530e-01 1.272602188867557119e-02
1.033279517201549606e+05 2.242038052757907296e-01 1.215526796763156253e-02
1.034454365998822759e+05 2.362420165046576481e-01 1.270110423878791604e-02
1.035629214796095475e+05 2.433606859877452122e-01 1.337908186069694701e-02
1.036804063593368628e+05 2.339837664490622415e-01 1.283319250834981384e-02
1.037978912390641344e+05 2.269166074205836992e-01 1.240708271463418153e-02
1.039153761187914497e+05 2.594075163653213889e-01 1.425655922976838338e-02
1.040328609985187213e+05 2.386026807102224478e-01 1.331341476032305363e-02
1.041503458782460366e+05 2.083703647533003689e-01 1.163399014806285395e-02
1.042678307579733228e+05 2.193209901413262497e-01 1.171049990175818643e-02
1.043853156377006235e+05 2.149551201381922072e-01 1.162058518855914324e-02
1.045028005174279097e+05 2.489993959478950247e-01 1.365579640916535741e-02
1.046202853971552104e+05 2.403981119551927559e-01 1.375304180003374295e-02
1.047377702768824965e+05 2.248554544807151445e-01 1.275690464002751483e-02
1.048552551566097973e+05 2.588853183505293032e-01 1.395520065485957376e-02
1.049727400363370834e+05 2.402449268522730830e-01 1.376167378782915465e-02
1.050902249160643842e+05 2.193957638883676231e-01 1.286485492338918998e-02
1.052077097957916703e+05 2.310097201192728988e-01 1.329623336715051937e-02
1.053251946755189711e+05 2.603613244322567355e-01 1.425035131311929923e-02
1.054426795552462572e+05 2.579493755358049367e-01 1.455506685920229457e-02
1.055601644349735579e+05 2.496388641445785317e-01 1.455235403245119102e-02
1.056776493147008441e+05 2.202022876310867905e-01 1.316005433499709866e-02
1.057951341944281448e+05 2.108514454565982577e-01 1.282103584540436429e-02
1.059126190741554310e+05 2.126016382287385376e-01 1.255461905550517981e-02
1.060301039538827317e+05 2.276001056556641589e-01 1.349233320575559357e-02
1.061475888336100179e+05 2.432816409335315233e-01 1.411858942187371388e-02
1.062650737133373332e+05 2.217773248214115200e-01 1.347043762380568423e-02
1.063825585930646048e+05 2.179983833072072774e-01 1.297605785011075874e-02
1.065000434727919201e+05 2.058262019921825170e-01 1.214159313442642919e-02
1.066175283525191917e+05 2.091853525079675202e-01 1.255607982524824598e-02
1.067350132322465070e+05 2.472445345833340080e-01 1.445809116804101790e-02
1.068524981119737786e+05 2.185521567729556691e-01 1.295024412231593307e-02
1.069699829917010939e+05 2.182834375948058125e-01 1.308055332304250938e-02
1.070874678714283655e+05 2.373834839900824112e-01 1.423237022652786010e-02
1.072049527511556807e+05 2.215421127287066916e-01 1.351061597320783909e-02
1.073224376308829524e+05 2.141908209046155809e-01 1.286709262406270267e-02
1.074399225106102676e+05 2.224598741399155810e-01 1.379190684803868229e-02
1.075574073903375538e+05 2.143698681664308048e-01 1.295031901055987596e-02
1.076748922700648545e+05 2.077380945877449758e-01 1.188668005477101774e-02
1.077923771497921407e+05 2.560195873053874860e-01 1.470779113173182120e-02
1.079098620295194414e+05 2.302025228158773584e-01 1.348340523180930998e-02
1.080273469092467276e+05 2.251790018645438984e-01 1.339300627767091821e-02
1.081448317889740283e+05 2.266611296936791586e-01 1.388316552759024172e-02
1.082623166687013145e+05 2.412857661651856833e-01 1.468604492694627374e-02
1.083798015484286152e+05 2.423347231519440981e-01 1.490355418227259747e-02
1.084972864281559014e+05 2.383842911003844767e-01 1.447944580790597700e-02
1.086147713078832021e+05 2.481051874116829148e-01 1.571823837416662720e-02
1.087322561876104883e+05 2.456925177242854919e-01 1.427728697299581774e-02
1.088497410673377744e+05 2.244972793760436069e-01 1.329598324580835884e-02
1.089672259470650752e+05 2.495505737830834569e-01 1.516517779666301177e-02
1.090847108267923613e+05 2.068720771858999219e-01 1.353299886513123322e-02
1.092021957065196621e+05 2.435496394073541349e-01 1.462051821498635065e-02
1.093196805862469482e+05 2.500636473709054175e-01 1.629265576406232346e-02
1.094371654659742489e+05 2.427451344971307268e-01 1.468008277271494813e-02
1.095546503457015351e+05 2.348835866725982602e-01 1.478012307297644698e-02
1.096721352254288358e+05 2.245301770287964627e-01 1.424925985347576946e-02
1.097896201051561220e+05 2.116633451065770000e-01 1.393112069210339365e-02
1.099071049848834227e+05 2.379739472515425003e-01 1.430994677312849572e-02
1.100245898646107089e+05 2.209530532987007967e-01 1.430224251874450542e-02
1.101420747443380096e+05 2.296498644074938811e-01 1.403712129600446362e-02
1.102595596240652958e+05 2.313645555786927044e-01 1.412546008659467181e-02
1.103770445037925965e+05 2.403784118148158400e-01 1.483098561413646876e-02
1.104945293835198827e+05 1.864127145610335601e-01 1.252995002229595131e-02
1.106120142632471980e+05 2.305394090040071009e-01 1.489049680731549009e-02
1.107294991429744696e+05 2.585404724007095423e-01 1.651381782264910864e-02
1.108469840227017849e+05 2.244416304849835286e-01 1.491827348717686234e-02
1.109644689024290565e+05 2.501679058655378873e-01 1.558499145114783380e-02
1.110819537821563717e+05 2.289975332616484560e-01 1.470767196005642874e-02
1.111994386618836434e+05 2.465034222637831895e-01 1.575613260040524891e-02
1.113169235416109586e+05 2.674511575259220231e-01 1.726164138722591224e-02
1.114344084213382303e+05 2.566808441881203717e-01 1.662614313308320366e-02
1.115518933010655455e+05 2.976243178151989355e-01 1.840609222962810709e-02
1.116693781807928171e+05 3.405774481740634907e-01 2.169561299963925979e-02
1.117868630605201324e+05 3.409394193217474278e-01 2.076229044733053988e-02
1.119043479402474186e+05 4.003610246296546160e-01 2.234622138115515896e-02
1.120218328199747193e+05 4.791932271364964246e-01 2.719754031568687863e-02
1.121393176997020055e+05 5.281446387701528300e-01 2.902232479908265980e-02
1.122568025794293062e+05 6.654687168938603348e-01 3.483404539129326266e-02
1.123742874591565924e+05 7.309477997439035590e-01 3.544846184369733477e-02
1.124917723388838931e+05 9.948043745081123213e-01 4.594105349796404059e-02
1.126092572186111793e+05 1.166925524108633372e+00 4.858777720320460458e-02
1.127267420983384800e+05 1.436334956132423457e+00 5.513615501373247269e-02
1.128442269780657662e+05 1.856308363975737841e+00 6.486541256714803416e-02
1.129617118577930669e+05 2.217030258395859210e+00 7.258645492516629938e-02
1.130791967375203531e+05 2.549939244746350475e+00 7.705635980236676119e-02
1.131966816172476538e+05 3.108652140233421513e+00 8.605858239269409404e-02
1.133141664969749399e+05 3.661227500133411361e+00 9.443881091588751664e-02
1.134316513767022407e+05 3.998171335683280425e+00 9.911040379244985543e-02
1.135491362564295268e+05 4.751888029075893805e+00 1.093977451946266527e-01
1.136666211361568276e+05 5.552436832036200087e+00 1.182588426800536274e-01
1.137841060158841137e+05 5.964069196961370167e+00 1.232824284812730348e-01
1.139015908956114290e+05 6.705451856319442072e+00 1.312227223350376226e-01
1.140190757753387006e+05 7.057566917878198787e+00 1.358540753410417690e-01
1.141365606550660159e+05 7.378308629436899579e+00 1.394088080614944714e-01
1.142540455347932875e+05 7.809876180850787719e+00 1.440946633544973876e-01
1.143715304145206028e+05 7.585981091293604095e+00 1.421967430586363601e-01
1.144890152942478744e+05 7.814357741004222646e+00 1.455417771239653768e-01
1.146065001739751897e+05 6.970194112394607622e+00 1.372597370649631943e-01
1.147239850537024613e+05 6.674095723476483499e+00 1.358181062094493130e-01
1.148414699334297766e+05 6.036634315253600391e+00 1.287293363759010045e-01
1.149589548131570627e+05 5.247697641134750235e+00 1.196452701971979643e-01
1.150764396928843635e+05 4.520484278890338103e+00 1.105516627016990411e-01
1.151939245726116496e+05 4.157522376014259891e+00 1.057370988908770959e-01
1.153114094523389504e+05 3.589060523089417476e+00 9.982551344772683244e-02
1.154288943320662365e+05 3.137215620300946917e+00 9.353358239345090086e-02
1.155463792117935373e+05 2.456669677221676285e+00 8.215080620729382777e-02
1.156638640915208234e+05 2.081439910432856699e+00 7.579960837044945332e-02
1.157813489712481241e+05 1.665778149431258681e+00 6.736391808962144401e-02
1.158988338509754103e+05 1.425746661715816099e+00 6.242005930863187696e-02
1.160163187307027110e+05 1.076159006450872146e+00 5.365450858573964782e-02
1.161338036104299972e+05 7.895205513728150715e-01 4.298994015453794226e-02
1.162512884901572979e+05 6.332499863917293581e-01 3.796518650292145247e-02
1.163687733698845841e+05 5.602562432706161832e-01 3.520736652831734509e-02
1.164862582496118848e+05 4.248687006117683462e-01 2.839318537613583562e-02
1.166037431293391710e+05 3.575948319059084057e-01 2.550869503846947550e-02
1.167212280090664717e+05 3.421286163822018223e-01 2.198207331553045027e-02
1.168387128887937579e+05 3.513020957197742211e-01 2.350096840739717211e-02
1.169561977685210732e+05 2.783192458258862412e-01 1.874389491850804793e-02
1.170736826482483448e+05 2.519406252022912129e-01 1.760080276576658428e-02
1.171911675279756601e+05 2.568269748095718952e-01 1.870011361175020342e-02
1.173086524077029317e+05 2.445369103143682221e-01 1.616009315161530402e-02
1.174261372874302469e+05 2.254687958657485003e-01 1.549507036601656743e-02
1.175436221671575186e+05 2.329388923796853195e-01 1.650750732439636159e-02
1.176611070468848338e+05 1.948286713818560556e-01 1.407988962033462389e-02
1.177785919266121055e+05 2.201185238399131217e-01 1.555396731038732015e-02
1.178960768063394207e+05 2.566902269271682524e-01 1.774481445268855789e-02
1.180135616860666923e+05 2.259261076900802856e-01 1.649021640610611600e-02
1.181310465657940076e+05 2.140946464771740776e-01 1.642104686388786566e-02
1.182485314455212938e+05 2.332173602239309140e-01 1.654603608750747704e-02
1.183660163252485945e+05 2.265365070374532608e-01 1.565139352974590295e-02
1.184835012049758807e+05 2.282787159104447960e-01 1.589470251103435386e-02
1.186009860847031814e+05 2.147948223764836462e-01 1.582365694959793345e-02
1.187184709644304676e+05 2.237662991661819034e-01 1.655895419290424886e-02
1.188359558441577683e+05 2.098432690929404043e-01 1.584553523648514831e-02
1.189534407238850545e+05 2.527152176844035258e-01 1.880899878213900325e-02
1.190709256036123552e+05 2.140485547679393530e-01 1.600105056860163383e-02
1.191884104833396414e+05 2.135533347741424282e-01 1.573490363539525871e-02
1.193058953630669421e+05 2.228634622593697601e-01 1.632589812169780649e-02
1.194233802427942283e+05 2.404227751992798479e-01 1.664399871644330411e-02
1.195408651225215290e+05 2.194417956189916308e-01 1.604227348660577923e-02
1.196583500022488151e+05 2.528683557313506913e-01 1.798829880647222212e-02
1.197758348819761159e+05 2.250847666114388634e-01 1.679793017396393265e-02
1.198933197617034020e+05 2.474762985825435524e-01 1.767083769161257797e-02
1.200108046414307028e+05 2.233473069937113031e-01 1.635007691336961763e-02
1.201282895211579889e+05 2.093531359614556608e-01 1.503084665841967170e-02
1.202457744008853042e+05 2.134997126705191761e-01 1.533010432488371780e-02
1.203632592806125758e+05 2.353727424110668986e-01 1.684813577109831387e-02
1.204807441603398911e+05 2.698231905243265727e-01 1.877848226490577005e-02
1.205982290400671627e+05 2.208243130842004465e-01 1.636389705230478081e-02
1.207157139197944780e+05 2.140866136553914167e-01 1.599842808612646564e-02
1.208331987995217496e+05 2.257224662300148232e-01 1.644871119188045724e-02
1.209506836792490649e+05 2.052849227142077571e-01 1.640992369978581250e-02
1.210681685589763365e+05 2.246002751399630015e-01 1.743728385482986101e-02
1.211856534387036518e+05 2.494392002161015254e-01 1.838825778320467980e-02
1.213031383184309379e+05 2.317702068165096441e-01 1.707771227784538048e-02
1.214206231981582387e+05 2.256074396697411999e-01 1.610392722853403250e-02
1.215381080778855248e+05 2.309882096485998959e-01 1.691718526438677761e-02
1.216555929576128256e+05 2.175813337568766048e-01 1.696047289573238137e-02
1.217730778373401117e+05 2.297045493375270975e-01 1.724609268167373935e-02
1.218905627170674124e+05 2.104220640488875527e-01 1.610734758322386953e-02
1.220080475967946986e+05 2.386278858531523939e-01 1.808509018508428629e-02
1.221255324765219993e+05 2.231847172009840952e-01 1.720381394283936397e-02
1.222430173562492855e+05 2.413273245974097148e-01 1.711287546082848263e-02
1.223605022359765862e+05 2.227511958614360188e-01 1.925876107207787069e-02
1.224779871157038724e+05 2.166832747249904101e-01 1.651409119081825166e-02
1.225954719954311731e+05 2.328376777336592096e-01 1.799450457656018298e-02
1.227129568751584593e+05 2.290692127756792096e-01 1.791753012921570160e-02
1.228304417548857600e+05 2.129917079219728338e-01 1.679328662355511481e-02
1.229479266346130462e+05 2.239720974285371036e-01 1.830095611507877654e-02
1.230654115143403469e+05 2.144435919340253460e-01 1.690440211314702887e-02
1.231828963940676331e+05 2.026482938215892204e-01 1.573039755930690647e-02
1.233003812737949484e+05 2.228980483574817539e-01 1.794370004543157857e-02
1.234178661535222200e+05 2.225207222887532199e-01 1.752542732390620014e-02
1.235353510332495352e+05 1.969937765898790716e-01 1.581272156651533992e-02
1.236528359129768069e+05 2.420982073125591827e-01 1.868152556693021202e-02
1.237703207927040930e+05 2.524741812215208769e-01 1.915236184335301559e-02
1.238878056724313938e+05 2.346295141400547846e-01 1.753849854511061943e-02
1.240052905521586799e+05 2.264092338347447331e-01 1.776859120070288511e-02
1.241227754318859807e+05 2.341119348157043034e-01 1.814556247896692912e-02
1.242402603116132668e+05 2.145317704061421582e-01 1.719346514053650410e-02
1.243577451913405675e+05 2.317732743845295762e-01 1.711292127789928313e-02
1.244752300710678537e+05 2.045581435172956208e-01 1.556129574090322175e-02
1.245927149507951690e+05 2.440007904537500882e-01 1.883548078757719263e-02
1.247101998305224406e+05 2.434432537949161590e-01 1.974430153953530415e-02
1.248276847102497559e+05 2.170560676460491223e-01 1.757776148034769295e-02
1.249451695899770275e+05 2.090695391501743994e-01 1.652805630038831769e-02
1.250626544697043428e+05 2.309376534094533528e-01 1.892397010171012472e-02
1.251801393494316144e+05 2.117037453223024890e-01 1.714847145595811695e-02
1.252976242291589297e+05 2.417421402580183509e-01 1.904509593157632449e-02
1.254151091088862013e+05 2.034405134687605199e-01 1.629408505734642257e-02
1.255325939886135166e+05 2.391198012418365992e-01 1.825764081070993181e-02
1.256500788683407882e+05 2.230834837973324769e-01 1.798751391621165874e-02
1.257675637480681035e+05 2.365073370602275571e-01 1.858943069147862837e-02
1.258850486277953896e+05 2.367345876709884001e-01 1.917805779537342173e-02
1.260025335075226903e+05 2.328148250909625738e-01 1.727307588020270818e-02
1.261200183872499765e+05 2.259409369944247459e-01 1.788626813329623894e-02
1.262375032669772772e+05 1.948756480923007073e-01 1.571530902384576933e-02
1.263549881467045634e+05 1.942284877770625862e-01 1.590756597001957012e-02
1.264724730264318641e+05 2.072562477595510932e-01 1.719254983411123636e-02
1.265899579061591503e+05 2.504822925644161757e-01 1.937369743387563209e-02
1.267074427858864510e+05 2.399929479848841585e-01 1.932568401944073297e-02
1.268249276656137372e+05 2.082315319693070488e-01 1.691042422069126416e-02
1.269424125453410379e+05 2.325165238108052312e-01 1.753624760195370350e-02
1.270598974250683241e+05 2.363682571559889978e-01 1.903088352785659021e-02
1.271773823047956248e+05 2.450238662917161303e-01 1.935184477633975636e-02
1.272948671845229110e+05 1.802932460305764206e-01 1.546129763664735868e-02
1.274123520642502117e+05 2.446895024759105086e-01 2.070380376207851467e-02
1.275298369439774979e+05 2.460659649795940151e-01 1.931861264447571128e-02
1.276473218237048131e+05 2.282771628107461703e-01 1.783704161173264510e-02
1.277648067034320848e+05 2.352010493224142851e-01 1.922642366514439385e-02
1.278822915831594000e+05 2.450778110978650837e-01 2.017146236124153780e-02
1.279997764628866717e+05 2.670799629815789888e-01 2.057558967194471691e-02
1.281172613426139869e+05 2.006155931560232863e-01 1.778424666490622738e-02
1.282347462223412585e+05 2.679087560207915053e-01 2.355266937517784195e-02
1.283522311020685738e+05 2.883276397278663472e-01 2.421355787114329305e-02
1.284697159817958454e+05 2.829767145070997691e-01 2.304583113609024597e-02
1.285872008615231607e+05 3.223036260535277475e-01 2.752210190555570701e-02
1.287046857412504323e+05 4.193350956025239107e-01 3.351368166819366362e-02
1.288221706209777476e+05 3.996212113410264055e-01 3.240613013132868231e-02
1.289396555007050338e+05 4.872896045690381928e-01 3.539606966877553718e-02
1.290571403804323345e+05 6.215633054714929662e-01 4.487466299289910587e-02
1.291746252601596207e+05 6.131008565629598728e-01 4.399295839663033142e-02
1.292921101398869214e+05 7.589586889442243578e-01 5.007468714887838152e-02
1.294095950196142076e+05 9.907271513889376324e-01 6.149813999675818321e-02
1.295270798993415083e+05 1.146052409768538061e+00 6.350301742649488990e-02
1.296445647790687945e+05 1.447581342406567773e+00 7.335075954425374078e-02
1.297620496587960952e+05 1.764027001460912514e+00 8.333194307415237034e-02
1.298795345385233813e+05 2.170668803926478319e+00 9.403645397231776004e-02
1.299970194182506821e+05 2.279811816655127554e+00 9.436267552270123649e-02
1.301145042979779682e+05 2.713606844222839598e+00 1.035058614401042909e-01
1.302319891777052690e+05 2.836962841428707360e+00 1.055019713978366663e-01
1.303494740574325551e+05 3.106750223002396893e+00 1.132337852419648128e-01
1.304669589371598559e+05 3.494494061483244263e+00 1.168668267984635245e-01
1.305844438168871420e+05 3.865952850461285450e+00 1.274420774969564907e-01
1.307019286966144427e+05 4.306067896337864909e+00 1.324850837175406415e-01
1.308194135763417289e+05 4.695921172822825618e+00 1.384074524724584754e-01
1.309368984560690442e+05 5.581438824274327359e+00 1.543196107618371171e-01
1.310543833357963158e+05 6.087618453667707819e+00 1.620075849690432446e-01
1.311718682155236311e+05 6.469410649453312345e+00 1.671459710018292077e-01
1.312893530952509027e+05 6.716191989424893372e+00 1.685022241291173062e-01
1.314068379749782034e+05 7.341305164884164292e+00 1.778307012750021399e-01
1.315243228547055041e+05 7.225103944694677871e+00 1.752216826650824510e-01
1.316418077344328049e+05 7.354374014031952456e+00 1.763750130124747684e-01
1.317592926141600765e+05 7.538671830070997615e+00 1.809531199024841386e-01
1.318767774938873772e+05 7.862953831663602067e+00 1.903823994601530345e-01
1.319942623736146779e+05 7.876353021437791035e+00 1.874720981547867704e-01
1.321117472533419786e+05 8.396673196524037763e+00 1.950626918471315419e-01
1.322292321330692503e+05 7.761538351802085955e+00 1.881077241811713041e-01
1.323467170127965801e+05 7.824832528430278877e+00 1.891455544554022095e-01
1.324642018925238517e+05 7.190836426455124553e+00 1.801021123900239662e-01
1.325816867722511524e+05 6.832212245410886453e+00 1.760635312852639744e-01
1.326991716519784241e+05 6.620450760284724900e+00 1.757683352760807949e-01
1.328166565317057539e+05 5.828987672853485513e+00 1.623470144569603424e-01
1.329341414114330255e+05 5.970171372263425980e+00 1.656313474568123778e-01
1.330516262911603262e+05 5.220235452874552706e+00 1.516264684446875788e-01
1.331691111708875978e+05 5.003448411105026139e+00 1.505038838433579440e-01
1.332865960506149277e+05 4.711544090177627986e+00 1.460179227630293564e-01
1.334040809303421993e+05 4.038300677439967679e+00 1.350848626333875646e-01
1.335215658100695000e+05 3.820419041166876806e+00 1.293850736131019197e-01
1.336390506897968007e+05 3.214279182947023639e+00 1.185330671354298676e-01
1.337565355695241014e+05 3.004018841332030565e+00 1.141892764801204774e-01
1.338740204492513731e+05 2.597392316704508097e+00 1.068839393670230897e-01
1.339915053289786738e+05 2.460184707716626562e+00 1.056180475031707894e-01
1.341089902087059745e+05 2.185942600040531758e+00 9.834569134213144714e-02
1.342264750884332752e+05 1.835490942889292931e+00 9.164953332607272962e-02
1.343439599681605469e+05 1.503921425480966523e+00 7.919737725637163162e-02
1.344614448478878476e+05 1.416873078545464404e+00 8.002239524169273144e-02
1.345789297276151483e+05 1.192579766161664168e+00 6.958813224661981878e-02
1.346964146073424490e+05 8.614364503569397202e-01 5.768772301303362604e-02
1.348138994870697206e+05 7.554791424434922353e-01 5.381308112968142404e-02
1.349313843667970214e+05 5.226712222545190079e-01 4.160244445968605542e-02
1.350488692465243221e+05 4.889792513985166122e-01 4.047902166248545930e-02
1.351663541262516228e+05 4.983100147427576565e-01 3.801009466240976714e-02
1.352838390059788944e+05 4.001916668423292633e-01 3.205047968600271274e-02
1.354013238857061951e+05 2.833738414840148434e-01 2.641830590498692177e-02
1.355188087654334959e+05 3.631147241272152937e-01 2.848726703769758825e-02
1.356362936451607966e+05 3.251759813468912963e-01 2.767295318349730776e-02
1.357537785248880682e+05 2.457438948195440342e-01 2.394689619715225856e-02
1.358712634046153980e+05 2.778412283483303047e-01 2.478598573705527441e-02
1.359887482843426696e+05 2.799365264971197531e-01 2.501148691040391142e-02
1.361062331640699704e+05 2.400021074282521760e-01 2.180426355473732633e-02
1.362237180437972420e+05 2.432460854707270692e-01 2.159388001240633917e-02
1.363412029235245718e+05 2.533056865515351253e-01 2.361127069082044963e-02
1.364586878032518434e+05 2.419871295410692402e-01 2.097636429888202411e-02
1.365761726829791442e+05 2.475715945232409010e-01 2.052938786121222617e-02
1.366936575627064158e+05 2.379741300636333268e-01 2.211241247447837122e-02
1.368111424424337456e+05 2.108183626424425805e-01 1.954009004613770084e-02
1.369286273221610172e+05 2.057425954252680711e-01 2.097390546486326349e-02
1.370461122018883179e+05 2.501861500724995024e-01 2.057499425965304135e-02
1.371635970816156187e+05 2.092057486816185086e-01 1.914579445133246169e-02
1.372810819613429194e+05 2.335065387922592994e-01 2.072075066108042263e-02
1.373985668410701910e+05 2.414205917226931730e-01 2.099575120503082218e-02
1.375160517207974917e+05 2.231611985527595654e-01 1.994772466325907961e-02
1.376335366005247924e+05 2.250328115436325827e-01 2.053892177880790176e-02
1.377510214802520932e+05 1.851442659335603980e-01 1.817563487944027362e-02
1.378685063599793648e+05 1.960763895110924637e-01 1.817068168940171383e-02
1.379859912397066655e+05 2.043771632584235054e-01 1.895275887944478793e-02
1.381034761194339662e+05 1.947911359162619038e-01 1.873483711285511139e-02
1.382209609991612670e+05 2.174081052850139473e-01 1.890193434111024293e-02
1.383384458788885386e+05 2.292953239374515839e-01 2.081477263051159654e-02
1.384559307586158393e+05 2.020282751899976359e-01 1.891656666013287816e-02
1.385734156383431400e+05 2.255378998409990343e-01 1.986654327366763062e-02
1.386909005180704407e+05 2.070791294227522783e-01 1.857175735010326012e-02
1.388083853977977124e+05 2.333014018723337524e-01 2.183186935593352945e-02
1.389258702775250131e+05 2.184424567253663574e-01 2.107082280441580080e-02
1.390433551572523138e+05 2.475730669373260306e-01 2.263289303294371488e-02
1.391608400369795854e+05 1.880235059952837240e-01 1.840799551279040033e-02
1.392783249167068861e+05 2.043007775932030035e-01 1.904798950639484054e-02
1.393958097964341869e+05 2.440265797343975085e-01 2.051823108812632010e-02
1.395132946761614876e+05 2.359725476793890775e-01 2.442021174224642821e-02
1.396307795558887592e+05 2.126931783032081913e-01 2.002717941365868282e-02
1.397482644356160599e+05 2.232549744017370275e-01 1.979766452939403856e-02
1.398657493153433606e+05 2.076095855034292004e-01 1.850978016227176892e-02
1.399832341950706614e+05 2.402444745013241345e-01 2.118922530102374316e-02
1.401007190747979330e+05 2.173583822977477598e-01 2.006719390103689146e-02
1.402182039545252628e+05 2.360327042689593646e-01 2.264981627386492002e-02
1.403356888342525344e+05 2.068953411867287262e-01 1.948168249475263486e-02
1.404531737139798352e+05 1.994784416143469685e-01 1.861490632362236552e-02
1.405706585937071068e+05 2.275711798067840685e-01 2.114707078785809866e-02
1.406881434734344366e+05 2.317918013514492781e-01 2.153691857426428755e-02
1.408056283531617082e+05 2.190210484030785665e-01 2.153844901665821071e-02
1.409231132328890089e+05 2.249084909649597674e-01 2.106247608013264716e-02
1.410405981126162806e+05 2.252589136910122525e-01 2.123635881810173945e-02
1.411580829923436104e+05 2.168771303341062162e-01 2.015661958632691125e-02
1.412755678720708820e+05 2.260393313379173430e-01 2.205798959344297885e-02
1.413930527517981827e+05 2.267130040048858375e-01 2.228114662751935759e-02
1.415105376315254834e+05 1.964599696023258402e-01 1.864531359569064281e-02
1.416280225112527842e+05 2.061489893890988689e-01 1.987638711398324876e-02
1.417455073909800558e+05 2.403635169820383666e-01 2.369818902367381783e-02
1.418629922707073565e+05 2.199791046206352463e-01 2.163310613408632108e-02
1.419804771504346572e+05 2.398798416912288067e-01 2.254727099854084496e-02
1.420979620301619580e+05 2.152674690933043533e-01 2.135420562845135109e-02
1.422154469098892296e+05 2.387728602089413399e-01 2.296478292232911542e-02
1.423329317896165303e+05 1.930963875264040119e-01 1.984539078534280215e-02
1.424504166693438310e+05 2.334064667464729459e-01 2.179311597013758317e-02
1.425679015490711317e+05 2.303261044536974445e-01 2.125459535347871270e-02
1.426853864287984034e+05 2.412974063878585707e-01 2.362855891619311532e-02
1.428028713085257041e+05 2.364278647330163297e-01 2.256696187679142762e-02
1.429203561882530048e+05 2.419127979305375487e-01 2.416660768635339393e-02
1.430378410679803055e+05 2.206512503117442625e-01 2.395832619183502557e-02
1.431553259477075771e+05 2.172162067273023245e-01 2.088279882974578699e-02
1.432728108274349070e+05 2.130167082062490169e-01 2.023305772751932824e-02
1.433902957071621786e+05 2.198243411731706787e-01 2.190282121331126389e-02
1.435077805868894793e+05 2.044180052340493214e-01 2.011788225771195607e-02
1.436252654666167509e+05 2.618921311611432934e-01 2.637129726137863242e-02
1.437427503463440808e+05 1.817002918628866370e-01 1.896706885930996359e-02
1.438602352260713524e+05 2.403975031839041543e-01 2.180060271804888303e-02
1.439777201057986531e+05 2.066864803871902856e-01 2.004845302324301248e-02
1.440952049855259247e+05 2.563789557114540818e-01 2.370922965704785196e-02
1.442126898652532545e+05 2.436882386468995632e-01 2.387497345722550818e-02
1.443301747449805262e+05 1.725394935028055354e-01 1.804199720066807996e-02
1.444476596247078269e+05 2.403042606178949769e-01 2.358758484450338214e-02
1.445651445044351276e+05 2.411013056732917437e-01 2.220441282491281837e-02
1.446826293841624283e+05 1.836164270882989780e-01 1.831087911424300954e-02
1.448001142638896999e+05 2.477587369863544497e-01 2.314994231499638636e-02
1.449175991436170007e+05 2.458078150834430153e-01 2.345745091953123362e-02
1.450350840233443014e+05 2.545839926221765692e-01 2.403085607764959483e-02
1.451525689030716021e+05 2.293953119982797273e-01 2.260998504958860664e-02
1.452700537827988737e+05 1.823000346346969891e-01 1.795026599894439245e-02
1.453875386625261744e+05 2.508010463611186625e-01 2.389483842582058870e-02
1.455050235422534752e+05 2.382650371170346726e-01 2.183769887801852855e-02
1.456225084219807759e+05 1.947212898986235841e-01 1.934006251392738837e-02
1.457399933017080475e+05 2.611740012967556646e-01 2.334109036592236022e-02
1.458574781814353482e+05 2.199958776299537622e-01 2.084356186717264622e-02
1.459749630611626490e+05 2.448706141207788733e-01 2.369772258431792830e-02
1.460924479408899497e+05 2.647832594856187050e-01 2.533854235928310189e-02
1.462099328206172213e+05 1.958631796110804901e-01 2.108702755181398811e-02
1.463274177003445511e+05 2.457612778020611122e-01 2.383486275318819764e-02
1.464449025800718227e+05 1.958506111854323439e-01 1.940963298382267221e-02
1.465623874597991235e+05 2.221998704926612389e-01 2.250450219792940812e-02
1.466798723395263951e+05 2.394536950887428406e-01 2.453411936772287652e-02
1.467973572192537249e+05 2.006465454201287468e-01 2.004622795337769256e-02
