# DIFC = 61445.893309194034 [µ/Å] L = 157.66268347144953 [m] two_theta = 100.86825208258315 [deg]
# tof [µs]               Y [counts]               E [counts]
4.307357120974501595e+04 2.614406030852304275e-01 9.767951624820182810e-02
4.319646299636340700e+04 7.231481733808859946e-01 1.721440591230470607e-01
4.331935478298179078e+04 9.067852969670007202e-01 1.960260175758943013e-01
4.344224656960018183e+04 5.001423986218110906e-01 1.104052290789490492e-01
4.356513835621856560e+04 2.330089848511389117e-01 6.232452021607914200e-02
4.368803014283695666e+04 4.577950474058652824e-02 1.387764552011676832e-02
4.381092192945534771e+04 2.747075657158290843e-02 1.786411939895242440e-02
4.393381371607373148e+04 1.205752260938521535e-04 1.163792379326632551e-04
4.405670550269212254e+04 3.301908011226034612e-01 3.087931772567463762e-01
4.417959728931050631e+04 2.683216371230714437e-01 1.331409772491164156e-01
4.430248907592889736e+04 3.693707285802512730e-01 1.301257074118656321e-01
4.442538086254728842e+04 2.493195360120423310e+00 6.481348436571477967e-01
4.454827264916567219e+04 1.301797237105924543e+00 3.426311654348359048e-01
4.467116443578406324e+04 5.319153687090193428e-01 1.526588989729135148e-01
4.479405622240244702e+04 1.895725211232355267e-01 8.748185055069722382e-02
4.491694800902083807e+04 2.656566499896653027e-02 1.398572560811204603e-02
4.503983979563922912e+04 1.217629066624106166e-01 7.695603080314572519e-02
4.516273158225761290e+04 5.009300108108324760e-03 4.547738585340118343e-03
4.528562336887600395e+04 4.932732597735289652e-03 3.882674447052707374e-03
4.540851515549438773e+04 3.423506509463508651e-02 2.264345880095759711e-02
4.553140694211277878e+04 4.868682786772584453e-02 4.135830858872623084e-02
4.565429872873116983e+04 5.941579377354194551e-03 5.928345556125902936e-03
4.577719051534955361e+04 6.180331079635076373e-05 6.180221910050190382e-05
4.590008230196794466e+04 6.505283887576456122e-05 6.504814757370739567e-05
4.602297408858632843e+04 3.208331024031151751e-02 3.189740248871294342e-02
4.614586587520471949e+04 5.731290509123661281e-02 4.104294376534545902e-02
4.626875766182311054e+04 3.014530028795526229e-01 1.004126170327893780e-01
4.639164944844149431e+04 4.971366037320363307e-01 1.126915690211019033e-01
4.651454123505988537e+04 7.284979724783806621e-01 1.418176418872806044e-01
4.663743302167826914e+04 1.232631327790934428e+00 1.839644062609641362e-01
4.676032480829666019e+04 4.027109967829009540e-01 6.595304295864261312e-02
4.688321659491505125e+04 2.111016810293083745e-01 4.939225726456079185e-02
4.700610838153343502e+04 3.708628835677264118e-02 1.131486228426300047e-02
4.712900016815182607e+04 3.648262962744580010e-03 2.429422708590055213e-03
4.725189195477020985e+04 2.766673890225774483e-03 1.945952910757313458e-03
4.737478374138860090e+04 7.079477173320242525e-03 5.957348651336989015e-03
4.749767552800698468e+04 1.146226340718213034e-02 1.039034057222208880e-02
4.762056731462536845e+04 3.249535335454309393e-02 2.418044832365951260e-02
4.774345910124375951e+04 1.407520989234909981e-01 4.547061429047930675e-02
4.786635088786215056e+04 4.606839645354271484e-01 9.463777081355050080e-02
4.798924267448053433e+04 3.589874945874731993e-01 6.640532147384839434e-02
4.811213446109892539e+04 4.405166639576483800e-01 7.981437641385227821e-02
4.823502624771730916e+04 2.697042634385895532e-01 4.978891513870355862e-02
4.835791803433570021e+04 9.222552784581555807e-02 2.027009231605331196e-02
4.848080982095409126e+04 2.551974472512043984e-02 1.030539298490122484e-02
4.860370160757247504e+04 2.113258166389655676e-02 1.726188938857031382e-02
4.872659339419086609e+04 3.224984127291242314e-02 2.118071863683338579e-02
4.884948518080924987e+04 1.051812244683303409e-03 7.169688716341632946e-04
4.897237696742764092e+04 1.158745161939888149e-02 7.450701706796339016e-03
4.909526875404603197e+04 1.278874181192501437e-02 1.065352712427606457e-02
4.921816054066441575e+04 9.641759631177023587e-03 9.641353865575552282e-03
4.934105232728280680e+04 5.262633213090804618e-03 5.262401379450387662e-03
4.946394411390119058e+04 1.673869704298438371e-02 1.315006096621162100e-02
4.958683590051958163e+04 1.984306215762888184e-08 1.402696059279434149e-08
4.970972768713797268e+04 2.165466453590308982e-03 1.691172704836307276e-03
4.983261947375635646e+04 1.169663619546873912e-03 9.317179974710012875e-04
4.995551126037474751e+04 3.242144967032938724e-02 2.164750739453711811e-02
5.007840304699313128e+04 5.654520837650479914e-04 4.133372897113483935e-04
5.020129483361152234e+04 5.517134189149992471e-03 3.403000536371954005e-03
5.032418662022991339e+04 6.995630769789633330e-02 3.694041289084053908e-02
5.044707840684829716e+04 1.194907936273317817e-01 3.785920400705055505e-02
5.056997019346668822e+04 4.882028253657797467e-01 8.419872059384947427e-02
5.069286198008507199e+04 6.431285285172693156e-01 9.580710894089691787e-02
5.081575376670346304e+04 8.517134895684006501e-01 1.011830632316666756e-01
5.093864555332185409e+04 4.641273198604962125e-01 7.307393161852447638e-02
5.106153733994023787e+04 1.441971907393962138e-01 3.061603293947642510e-02
5.118442912655862892e+04 8.513427858967401174e-02 2.495612401288760385e-02
5.130732091317701997e+04 2.046042005914042866e-02 7.366699978875676687e-03
5.143021269979540375e+04 7.732635176359513654e-03 7.293599742139712100e-03
5.155310448641379480e+04 7.005934234496973001e-02 3.744529904561860745e-02
5.167599627303217858e+04 8.805306102988463834e-02 5.643578336841002102e-02
5.179888805965056963e+04 1.976742304404576628e-02 1.434334423227896088e-02
5.192177984626896068e+04 9.829702431070690485e-03 8.952147661632209666e-03
5.204467163288734446e+04 1.057653550478017124e-01 5.203744251898900081e-02
5.216756341950573551e+04 1.196911340344748720e-01 5.180891689918713794e-02
5.229045520612411929e+04 3.689557713670090222e-01 9.696744179751078108e-02
5.241334699274251034e+04 6.053126581767869219e-01 1.140164339555282819e-01
5.253623877936090139e+04 1.687657703251453922e+00 1.962942438617417962e-01
5.265913056597928517e+04 1.998319527818617658e+00 1.975710586955810588e-01
5.278202235259767622e+04 1.865819342188598684e+00 1.862126065520066653e-01
5.290491413921605999e+04 1.019904274642519759e+00 1.314911281765574758e-01
5.302780592583445105e+04 3.503459205505120022e-01 6.925590501883499561e-02
5.315069771245284210e+04 1.293303333370788566e-01 3.789219135816129097e-02
5.327358949907122587e+04 3.633071794638631502e-02 2.332942281493393527e-02
5.339648128568961693e+04 1.486536860183792184e-02 9.107511471720852042e-03
5.351937307230800070e+04 3.713217095558597053e-02 2.295080526107595026e-02
5.364226485892639175e+04 2.543970329520079884e-02 1.785033629364798924e-02
5.376515664554478280e+04 2.999912217960708227e-02 2.304899416752763039e-02
5.388804843216315930e+04 6.837555478335138361e-03 6.418192910038218908e-03
5.401094021878155036e+04 2.012247975209907518e-06 1.062765979248885761e-06
5.413383200539994141e+04 2.186383746192708741e-02 1.165192742470247053e-02
5.425672379201832518e+04 9.183945393694215031e-03 4.715392902878034163e-03
5.437961557863671624e+04 9.990634524544284717e-03 6.521225225131757272e-03
5.450250736525510001e+04 1.896450042214836013e-02 1.150268152857087008e-02
5.462539915187349106e+04 3.843386591225760041e-02 2.406845580816299734e-02
5.474829093849188212e+04 2.426361043744842266e-02 1.668145340213418246e-02
5.487118272511026589e+04 9.928524873565465828e-03 6.764834874816595851e-03
5.499407451172865694e+04 1.979502032998215963e-02 1.746625305087919772e-02
5.511696629834704072e+04 4.641134270807505645e-03 3.524878144820037425e-03
5.523985808496543177e+04 2.768273633847952164e-02 2.386275010725327772e-02
5.536274987158382282e+04 9.820944545466992609e-03 6.081519042323904438e-03
5.548564165820220660e+04 5.785088022376581873e-02 3.182367038426580502e-02
5.560853344482059765e+04 9.170775453995628351e-03 6.485904963622290270e-03
5.573142523143898143e+04 1.041397790592858419e-01 4.279063905654883343e-02
5.585431701805737248e+04 1.597704072096750583e-01 4.678169893671726282e-02
5.597720880467576353e+04 3.889173465427506193e-01 7.294791887304298561e-02
5.610010059129414731e+04 1.286926356611941991e+00 1.450444318931776444e-01
5.622299237791253836e+04 2.120746414603299712e+00 1.774346832342210967e-01
5.634588416453092213e+04 2.606281851562028073e+00 1.923568297021129858e-01
5.646877595114931319e+04 2.116710601450774387e+00 1.715586547091425274e-01
5.659166773776770424e+04 1.194841926468726667e+00 1.249927388482903051e-01
5.671455952438608801e+04 5.803212681115323957e-01 8.266035174042449252e-02
5.683745131100447907e+04 1.447785649203827130e-01 3.641631021648107647e-02
5.696034309762286284e+04 4.874174739962919278e-02 1.685638360181220680e-02
5.708323488424125389e+04 1.185854859345750363e-02 7.224561682905080578e-03
5.720612667085964495e+04 4.919557221334413220e-03 3.190023696602510214e-03
5.732901845747802872e+04 1.045628318031630727e-02 6.578081168356427269e-03
5.745191024409641977e+04 1.618355063851919726e-02 9.375334385479470317e-03
5.757480203071480355e+04 1.263990641226056012e-02 8.427553651900036510e-03
5.769769381733319460e+04 5.057004827410277806e-03 3.184827597146905592e-03
5.782058560395158565e+04 1.722066787824647061e-02 1.122440958697065380e-02
5.794347739056996943e+04 2.214026662921088351e-02 9.603401535256128607e-03
5.806636917718836048e+04 1.232428909883375931e-03 1.173834588314423555e-03
5.818926096380674426e+04 4.224655640499186404e-02 2.125545007837561715e-02
5.831215275042513531e+04 7.267165434136396707e-02 2.271832460693594749e-02
5.843504453704352636e+04 1.641336214052323828e-01 3.488133051209568736e-02
5.855793632366191014e+04 3.965928757661499882e-01 5.197145521094571202e-02
5.868082811028030119e+04 6.835091068369288925e-01 6.518802601566911492e-02
5.880371989689868496e+04 1.202540408657013060e+00 8.617873866400743710e-02
5.892661168351707602e+04 1.496257260954354962e+00 9.415712477325834107e-02
5.904950347013546707e+04 1.306807832813252856e+00 8.581666412270463895e-02
5.917239525675385084e+04 6.810446500126237090e-01 6.278962355515900484e-02
5.929528704337224190e+04 3.475719800117426095e-01 4.370884273485513977e-02
5.941817882999063295e+04 1.005827905714438697e-01 1.969884052415993292e-02
5.954107061660901672e+04 2.976428694794600385e-02 9.868133076198099332e-03
5.966396240322740778e+04 2.863945215564069405e-02 1.409778061293529353e-02
5.978685418984579155e+04 2.968258983267855339e-02 1.342423762727215295e-02
5.990974597646418260e+04 3.336704379757581690e-02 1.739113351717280070e-02
6.003263776308257366e+04 3.936306880701879139e-03 2.533651290813391209e-03
6.015552954970095743e+04 2.392238660582340221e-03 1.292685486621380359e-03
6.027842133631934848e+04 4.468006240457108452e-02 1.750917605373862249e-02
6.040131312293773226e+04 1.394535612571112630e-02 8.924721210393336476e-03
6.052420490955612331e+04 2.231504393050614751e-02 1.265864719605375860e-02
6.064709669617451436e+04 2.469596026104206588e-02 1.157252334203666237e-02
6.076998848279289814e+04 6.669313770018741976e-03 4.779053481689868668e-03
6.089288026941128919e+04 3.684236367082734803e-02 1.827569822689644949e-02
6.101577205602967297e+04 1.346735426249232905e-02 7.170391324962586271e-03
6.113866384264806402e+04 2.542581328823012923e-02 1.397807670882752866e-02
6.126155562926645507e+04 2.956212460439119546e-02 1.748523557284983876e-02
6.138444741588483885e+04 2.870590383778779536e-02 1.347256571348738954e-02
6.150733920250322262e+04 2.787561469701084482e-02 1.326318000314933611e-02
6.163023098912162095e+04 1.431421840416721367e-02 7.220451061508112098e-03
6.175312277573999745e+04 3.449545164862743291e-02 1.365334307541504928e-02
6.187601456235840305e+04 1.141205097782288340e-02 6.494404527579135389e-03
6.199890634897677228e+04 9.998360382802249507e-03 5.717461790483207608e-03
6.212179813559517788e+04 2.662753202467940672e-02 1.123305882276068660e-02
6.224468992221354711e+04 1.635251914566110756e-02 9.018115890393488265e-03
6.236758170883195271e+04 1.609044309726317956e-02 8.721138111463775516e-03
6.249047349545032921e+04 1.382986954661967471e-02 6.090155084736818998e-03
6.261336528206872754e+04 3.221359830131605845e-02 1.315714216187315044e-02
6.273625706868710404e+04 2.650068693520575211e-02 1.099672663831434763e-02
6.285914885530550237e+04 3.502032626806634436e-02 1.351252348256047446e-02
6.298204064192387887e+04 1.823009537577723396e-02 8.376905555015011842e-03
6.310493242854228447e+04 3.783277941970459440e-02 1.151145043918805171e-02
6.322782421516065369e+04 5.268379399702288746e-02 2.062473344550976723e-02
6.335071600177905930e+04 9.135516253462216962e-02 2.013570852204204023e-02
6.347360778839743580e+04 8.780117780849516773e-02 1.836734384581114113e-02
6.359649957501583413e+04 2.107675768913426229e-01 3.181436593710075533e-02
6.371939136163421063e+04 3.878518050709474640e-01 3.793424153080367928e-02
6.384228314825260895e+04 8.398486329249176263e-01 5.397538658228078629e-02
6.396517493487098545e+04 1.626440302294985596e+00 7.503977261024719070e-02
6.408806672148938378e+04 2.528894784276713992e+00 9.207855639808039394e-02
6.421095850810776028e+04 2.667175445521093646e+00 9.350203165804148175e-02
6.433385029472616588e+04 2.011428035368783895e+00 8.252159752983506680e-02
6.445674208134453511e+04 1.046469264400033072e+00 5.699426017341840955e-02
6.457963386796294071e+04 5.645096728682509335e-01 4.201317437683729089e-02
6.470252565458131721e+04 2.091728159131260034e-01 2.459313087005366577e-02
6.482541744119970099e+04 7.635047231041330873e-02 1.341345219610286764e-02
6.494830922781809204e+04 3.089816173059814833e-02 7.715224228517734810e-03
6.507120101443647582e+04 2.496989353661076619e-02 7.278610987240322940e-03
6.519409280105486687e+04 2.266770385727271200e-02 8.954397809090700044e-03
6.531698458767325792e+04 8.214365173792854621e-03 3.603357248857395802e-03
6.543987637429164170e+04 2.248574355968013458e-02 8.251916289423242082e-03
6.556276816091002547e+04 1.768240940296235061e-02 9.226057467251139871e-03
6.568565994752841652e+04 2.470798795910412668e-02 9.771636354122524917e-03
6.580855173414680758e+04 1.775809876080445063e-02 6.591539946574678441e-03
6.593144352076519863e+04 1.188683989855638876e-02 4.424741498084167925e-03
6.605433530738358968e+04 2.667639787291982423e-02 8.738445368188916054e-03
6.617722709400196618e+04 2.201461983309700374e-02 8.484167088062924064e-03
6.630011888062035723e+04 2.721105775332020166e-02 8.537033546881584584e-03
6.642301066723874828e+04 1.188603848032673306e-02 5.403880989293228729e-03
6.654590245385713934e+04 3.424152916808773789e-02 1.158283656453130452e-02
6.666879424047553039e+04 2.534389292657672835e-02 8.528853506113511646e-03
6.679168602709390689e+04 2.656175874469974066e-02 7.550262679468273605e-03
6.691457781371229794e+04 5.465533995208156359e-02 2.056241294666322911e-02
6.703746960033068899e+04 6.048612029569988557e-02 2.035874101747332104e-02
6.716036138694908004e+04 6.636534466770552254e-02 2.037907251756479118e-02
6.728325317356747109e+04 1.221703090606570674e-01 2.956452527023717761e-02
6.740614496018584759e+04 1.675425338324148250e-01 3.093034722338107445e-02
6.752903674680423865e+04 4.443769665572708805e-01 5.197020838510030966e-02
6.765192853342262970e+04 9.414561815874945561e-01 7.332867171082201041e-02
6.777482032004102075e+04 1.899047684517799039e+00 1.016791888531426297e-01
6.789771210665941180e+04 3.873911663500289038e+00 1.502901239471576000e-01
6.802060389327778830e+04 5.414839494592134095e+00 1.739734168170551654e-01
6.814349567989617935e+04 5.123564997772787954e+00 1.687188761815729410e-01
6.826638746651457041e+04 3.297209342399824550e+00 1.297228158032047440e-01
6.838927925313296146e+04 1.497249278868549860e+00 8.612313801825384474e-02
6.851217103975135251e+04 7.089606901523232141e-01 5.909008360451549480e-02
6.863506282636972901e+04 3.314123221956515319e-01 3.918104736925408921e-02
6.875795461298810551e+04 1.503547645041291569e-01 2.320363009888826156e-02
6.888084639960651111e+04 6.828376328099892978e-02 1.530469829019234611e-02
6.900373818622488761e+04 5.260282214452814686e-02 1.225248946563713137e-02
6.912662997284329322e+04 1.914152850300149256e-02 7.109509497408374873e-03
6.924952175946166972e+04 2.098402709073221573e-02 6.382499946556194348e-03
6.937241354608006077e+04 2.796744373952507121e-02 7.638589590988427783e-03
6.949530533269843727e+04 3.771557889656233786e-02 1.120688198285945021e-02
6.961819711931684287e+04 2.037318011244422175e-02 6.911019123634430834e-03
6.974108890593521937e+04 1.170458896494513609e-02 3.540962523479342268e-03
6.986398069255362498e+04 1.867411416303464688e-02 5.367637434720147656e-03
6.998687247917198692e+04 2.113666230360059309e-02 5.689769747095871182e-03
7.010976426579039253e+04 2.296877404579451137e-02 7.672879638924419085e-03
7.023265605240876903e+04 3.258128154393452602e-02 9.636588052141162666e-03
7.035554783902717463e+04 1.399313994027977237e-02 4.736815839807005310e-03
7.047843962564555113e+04 2.506872898603429781e-02 7.721484780455327782e-03
7.060133141226394218e+04 3.398389140716999435e-02 9.855267394332692388e-03
7.072422319888231868e+04 2.207904752020723241e-02 6.298256073553046806e-03
7.084711498550072429e+04 2.489588422462159570e-02 7.639484212553430791e-03
7.097000677211910079e+04 1.367686819415908292e-02 5.162345667588611603e-03
7.109289855873750639e+04 2.301232112142640243e-02 6.638596253711405264e-03
7.121579034535586834e+04 2.205199119157533194e-02 6.590991145752040682e-03
7.133868213197427394e+04 3.702722301419609369e-02 8.808018673748578553e-03
7.146157391859265044e+04 1.718838367659631522e-02 5.959157741484368345e-03
7.158446570521105605e+04 2.160014555071878770e-02 8.289024280064389086e-03
7.170735749182943255e+04 2.591235580751219403e-02 8.425274348965037380e-03
7.183024927844782360e+04 2.394090839757660391e-02 7.387416650988755037e-03
7.195314106506620010e+04 2.787005845140742843e-02 7.985127201583163206e-03
7.207603285168460570e+04 3.043366508376278007e-02 7.114038867399124361e-03
7.219892463830298220e+04 2.526718383769459980e-02 6.517769315068855200e-03
7.232181642492138781e+04 2.992287254718775658e-02 8.307859851723227440e-03
7.244470821153974975e+04 2.165586749271515912e-02 6.678680780703310366e-03
7.256759999815815536e+04 2.119407736665906636e-02 6.240116158244907174e-03
7.269049178477653186e+04 1.241486829520200945e-02 3.856809500264354353e-03
7.281338357139493746e+04 1.673636652006262049e-02 4.662605369941371161e-03
7.293627535801331396e+04 2.367019011100638184e-02 6.039280675302218827e-03
7.305916714463170501e+04 2.421568537868369966e-02 7.350774902051516839e-03
7.318205893125008151e+04 2.677992360021840337e-02 7.633200095030676612e-03
7.330495071786848712e+04 4.183712164395528982e-02 1.060213890269963606e-02
7.342784250448686362e+04 2.563811293812898878e-02 7.306793760788013979e-03
7.355073429110526922e+04 3.072275470208123138e-02 8.879300512892648184e-03
7.367362607772363117e+04 2.706880827953433294e-02 7.684348860621937130e-03
7.379651786434203677e+04 1.878437338430185774e-02 4.576802856755173357e-03
7.391940965096041327e+04 1.412087363797686138e-02 4.846182427616863887e-03
7.404230143757881888e+04 3.072039208966821991e-02 7.028050734308084052e-03
7.416519322419719538e+04 2.066291590546190382e-02 5.750157875864843858e-03
7.428808501081558643e+04 1.350881566276713498e-02 4.339335664110954317e-03
7.441097679743396293e+04 2.018939633925891791e-02 5.605913719202381372e-03
7.453386858405236853e+04 1.698223913953282940e-02 5.128387200502659490e-03
7.465676037067074503e+04 1.855676006232259700e-02 5.590817052156395184e-03
7.477965215728915064e+04 2.023651555251099188e-02 5.128829370308383463e-03
7.490254394390751258e+04 1.956969117167127806e-02 4.730328081869554328e-03
7.502543573052591819e+04 2.672278600703646700e-02 6.626790880145745806e-03
7.514832751714429469e+04 2.540931783867304145e-02 7.042802465678581550e-03
7.527121930376270029e+04 4.677612440987675285e-02 1.018273083315268668e-02
7.539411109038107679e+04 3.854403212688401609e-02 8.214595801371604375e-03
7.551700287699946784e+04 7.408490098345288377e-02 1.177494525956841731e-02
7.563989466361784434e+04 7.404158437014854433e-02 1.027925556409471815e-02
7.576278645023624995e+04 1.296955424013124525e-01 1.377479607277435660e-02
7.588567823685462645e+04 2.479955457597962376e-01 1.898820162450831628e-02
7.600857002347303205e+04 4.719799772042018726e-01 2.815544403829123646e-02
7.613146181009139400e+04 1.100537528023541212e+00 4.487955719630416090e-02
7.625435359670979960e+04 2.418150088350044857e+00 6.841977195321641281e-02
7.637724538332817610e+04 4.005071231830684475e+00 8.986178688728065078e-02
7.650013716994658171e+04 4.771279325814213657e+00 9.935253673561919574e-02
7.662302895656495821e+04 3.940132983858767535e+00 8.828417659372182758e-02
7.674592074318334926e+04 2.332780188881946160e+00 6.438234630920722235e-02
7.686881252980172576e+04 1.132427522263754538e+00 4.213976410306810583e-02
7.699170431642013136e+04 5.020357231289048761e-01 2.575966806268807641e-02
7.711459610303850786e+04 2.461036648175272401e-01 1.747994678384678924e-02
7.723748788965691347e+04 1.223755085769033940e-01 1.199855316548263662e-02
7.736037967627528997e+04 9.386804610315875597e-02 1.127490961021068543e-02
7.748327146289368102e+04 4.916191652807219703e-02 8.303607802791296288e-03
7.760616324951205752e+04 3.190454463965865239e-02 7.077752820019594417e-03
7.772905503613046312e+04 3.135098233280075863e-02 6.995989405465274404e-03
7.785194682274883962e+04 3.161283432969886481e-02 7.162947317201898666e-03
7.797483860936723067e+04 2.376406277015737437e-02 5.077208522968883198e-03
7.809773039598560717e+04 2.581533009058662592e-02 6.733081927246624236e-03
7.822062218260401278e+04 2.866031357027992374e-02 6.223807337388857774e-03
7.834351396922238928e+04 1.785152891599883426e-02 4.456429163470418224e-03
7.846640575584079488e+04 1.789534805047311022e-02 4.989977536936331809e-03
7.858929754245917138e+04 2.403616250326479423e-02 6.401134407306856809e-03
7.871218932907754788e+04 2.294631312310149718e-02 5.439493112977217965e-03
7.883508111569593893e+04 2.722632926623967317e-02 6.626113728003790379e-03
7.895797290231432999e+04 2.606581667149644038e-02 6.182634194450570449e-03
7.908086468893272104e+04 2.593032165927236510e-02 6.460156851985783891e-03
7.920375647555111209e+04 2.828429154886608760e-02 6.606058817342698453e-03
7.932664826216948859e+04 2.669300626346635813e-02 7.063726347825266191e-03
7.944954004878787964e+04 1.606083034744586538e-02 4.232242687874416057e-03
7.957243183540627069e+04 2.139132883254591874e-02 4.784259636410837131e-03
7.969532362202466174e+04 2.189654268653720703e-02 5.345258805270568410e-03
7.981821540864305280e+04 2.837490811623056761e-02 6.919538107855654346e-03
7.994110719526142930e+04 1.356044159236658754e-02 3.465061024566593300e-03
8.006399898187982035e+04 1.780941114732721361e-02 4.575766253661787963e-03
8.018689076849821140e+04 3.049101711971272111e-02 6.564256955782613728e-03
8.030978255511660245e+04 3.349411443662946020e-02 7.183822919497824533e-03
8.043267434173499350e+04 2.721583734958054474e-02 6.754685992833115923e-03
8.055556612835337000e+04 2.614016657761616610e-02 5.962296079109914541e-03
8.067845791497176106e+04 2.958802694004611031e-02 6.540083099944119308e-03
8.080134970159015211e+04 2.317850506262076477e-02 5.033497016780183637e-03
8.092424148820854316e+04 2.591569770935713696e-02 6.096873289195135770e-03
8.104713327482693421e+04 2.358766682727237232e-02 5.080929623264423232e-03
8.117002506144531071e+04 2.249722753369863895e-02 4.458483789670739453e-03
8.129291684806370176e+04 2.671891032314405168e-02 5.688258001223640836e-03
8.141580863468209282e+04 2.642974572685603124e-02 6.115143115606069824e-03
8.153870042130048387e+04 4.141069782448261738e-02 7.848682196123491633e-03
8.166159220791887492e+04 2.661829082509504715e-02 6.004150598481999834e-03
8.178448399453725142e+04 3.076917422391797774e-02 6.114424418013658658e-03
8.190737578115564247e+04 3.595709328278504091e-02 6.443019405352577375e-03
8.203026756777403352e+04 2.428214558143130045e-02 4.707399535861409197e-03
8.215315935439242458e+04 3.811971986085928299e-02 5.980817366432590251e-03
8.227605114101081563e+04 4.383570183554371530e-02 6.474117970449464431e-03
8.239894292762919213e+04 6.352912251676484656e-02 7.520169265633537027e-03
8.252183471424758318e+04 9.406100545016289616e-02 8.309551838736387724e-03
8.264472650086597423e+04 1.533933377744230164e-01 9.992448437511614739e-03
8.276761828748436528e+04 2.607804629000199381e-01 1.382982942072871584e-02
8.289051007410275633e+04 4.909189889967712772e-01 1.872678597746533363e-02
8.301340186072113283e+04 1.004558372160307522e+00 2.742073695289107271e-02
8.313629364733952389e+04 1.875702712972960207e+00 3.778036728572654185e-02
8.325918543395791494e+04 2.718743110572757526e+00 4.545031280152154324e-02
8.338207722057630599e+04 3.191026522825232359e+00 4.955509136290034422e-02
8.350496900719469704e+04 2.768194935278490476e+00 4.589748582369918700e-02
8.362786079381307354e+04 1.705782704172841058e+00 3.553281651487832926e-02
8.375075258043146459e+04 8.652475984772673989e-01 2.450549719260164752e-02
8.387364436704985565e+04 4.060377453234611522e-01 1.580429719447112857e-02
8.399653615366824670e+04 2.390098585577476176e-01 1.250610253913211380e-02
8.411942794028663775e+04 1.199417113920614175e-01 8.868549707735328552e-03
8.424231972690501425e+04 7.839220576545122277e-02 7.059282031259041419e-03
8.436521151352340530e+04 5.609087367788808537e-02 6.502006359587841552e-03
8.448810330014179635e+04 4.652165679755376065e-02 6.185369024056133411e-03
8.461099508676018741e+04 3.908828237606343931e-02 6.246711318627143177e-03
8.473388687337857846e+04 2.887915616686190928e-02 5.627277813925915355e-03
8.485677865999695496e+04 2.485858057665547502e-02 4.770399345559581637e-03
8.497967044661534601e+04 2.775142156582309158e-02 5.058097152478578488e-03
8.510256223323373706e+04 2.141224528762200596e-02 3.862331900039418526e-03
8.522545401985212811e+04 3.075304962173616014e-02 5.442046530703370001e-03
8.534834580647051916e+04 2.107782614362813112e-02 4.240399115342853055e-03
8.547123759308889566e+04 2.950635295787033471e-02 5.205890421608468967e-03
8.559412937970728672e+04 2.824892987065389521e-02 4.888499236291695554e-03
8.571702116632567777e+04 2.670712872209227151e-02 5.267529735886874835e-03
8.583991295294406882e+04 3.475625706574547030e-02 6.254485316286522746e-03
8.596280473956245987e+04 2.755026672865573678e-02 5.208222837379008346e-03
8.608569652618083637e+04 2.687352857555804289e-02 4.865607808200392119e-03
8.620858831279922742e+04 3.042697315211748479e-02 5.321428580892406668e-03
8.633148009941760392e+04 2.270415098750259986e-02 4.488260516550077010e-03
8.645437188603600953e+04 3.041428799010932257e-02 5.865621167503389313e-03
8.657726367265438603e+04 2.391763311691126256e-02 4.544686539873066429e-03
8.670015545927279163e+04 3.506292560209189890e-02 5.769716743794911333e-03
8.682304724589115358e+04 2.934737179137126423e-02 5.913959562161807439e-03
8.694593903250955918e+04 1.791543391424041051e-02 3.710540417115279835e-03
8.706883081912793568e+04 2.106236449451416581e-02 4.329386665613320709e-03
8.719172260574634129e+04 2.488090396862706333e-02 4.815782116009683853e-03
8.731461439236471779e+04 2.665477053947245059e-02 4.910931651993613069e-03
8.743750617898310884e+04 3.531810229889101316e-02 6.368053765174063255e-03
8.756039796560148534e+04 2.608054534274468345e-02 4.811293306994764152e-03
8.768328975221989094e+04 2.308884669595498429e-02 4.354983487481835919e-03
8.780618153883826744e+04 3.203331460018005172e-02 5.627688879201762223e-03
8.792907332545667305e+04 2.683605715112836673e-02 4.510788080284071008e-03
8.805196511207503499e+04 2.176804789893801648e-02 4.315215383774293444e-03
8.817485689869344060e+04 1.671756800308221713e-02 3.230842758821709723e-03
8.829774868531181710e+04 2.525109105326553763e-02 4.836943001116135628e-03
8.842064047193022270e+04 1.299212888311564694e-02 2.778740585289008261e-03
8.854353225854859920e+04 2.225766548821920404e-02 4.039716823245687385e-03
8.866642404516699025e+04 2.832353226537602173e-02 5.587017476668403211e-03
8.878931583178536675e+04 2.162058555872433188e-02 4.107561611345179366e-03
8.891220761840377236e+04 2.178817930890417434e-02 3.992863414911925271e-03
8.903509940502214886e+04 2.589373184446823808e-02 4.256780439088217113e-03
8.915799119164055446e+04 2.512777335560806291e-02 4.303786740088921120e-03
8.928088297825891641e+04 2.462679501430414461e-02 4.611616117346960947e-03
8.940377476487732201e+04 2.718293557516528874e-02 4.827557130580746418e-03
8.952666655149569851e+04 1.990121894567184815e-02 3.841371100348699510e-03
8.964955833811410412e+04 2.339106884322782881e-02 4.047776222024327200e-03
8.977245012473248062e+04 2.221227236491581103e-02 3.716598378296298577e-03
8.989534191135087167e+04 1.991380171426378187e-02 3.626620543125019022e-03
9.001823369796924817e+04 2.210737103905503417e-02 4.364659647934830689e-03
9.014112548458765377e+04 2.591025486255157592e-02 4.081680978628497540e-03
9.026401727120603027e+04 2.458407131766215600e-02 4.250780353469081271e-03
9.038690905782443588e+04 2.351680697570711354e-02 4.348524961734708677e-03
9.050980084444279782e+04 2.404863250344212167e-02 4.506113051696521155e-03
9.063269263106120343e+04 2.728038261622629454e-02 4.959498362454717833e-03
9.075558441767957993e+04 4.303868711542955389e-02 6.563558045661323399e-03
9.087847620429798553e+04 2.323017099427122922e-02 3.853935819643311295e-03
9.100136799091636203e+04 1.690603762001323049e-02 3.132396804398782358e-03
9.112425977753475308e+04 2.419192817792452377e-02 3.857620229139423120e-03
9.124715156415312958e+04 2.792962837893350758e-02 4.697558916134666508e-03
9.137004335077153519e+04 2.179292152313015013e-02 3.981457890499661735e-03
9.149293513738991169e+04 2.456749371689524383e-02 4.383125428345437981e-03
9.161582692400831729e+04 2.074659059555497218e-02 3.869402005916376848e-03
9.173871871062667924e+04 2.608068746450484948e-02 4.424932336842123115e-03
9.186161049724508484e+04 3.215920445874884820e-02 5.155507759136054510e-03
9.198450228386346134e+04 1.977789115375788026e-02 3.348063145543502678e-03
9.210739407048186695e+04 2.406758219098954418e-02 3.911914725614405210e-03
9.223028585710024345e+04 3.254119465500417141e-02 5.043178375709327955e-03
9.235317764371863450e+04 2.296982201241220753e-02 3.976407844677207898e-03
9.247606943033701100e+04 2.320966847757177307e-02 3.629830262669879026e-03
9.259896121695541660e+04 3.038315070433827633e-02 4.544047376819670796e-03
9.272185300357379310e+04 3.460901604624234268e-02 5.574739202715531423e-03
9.284474479019219871e+04 2.948858905134105896e-02 4.683460640830703139e-03
9.296763657681056065e+04 3.545498521207655213e-02 5.346082541595755487e-03
9.309052836342896626e+04 2.346203511766197652e-02 3.930853036527257559e-03
9.321342015004734276e+04 2.304921801029378645e-02 3.964467443892087314e-03
9.333631193666574836e+04 2.720818351009037309e-02 4.171958660022274598e-03
9.345920372328412486e+04 2.756197166971311591e-02 4.456358496110619273e-03
9.358209550990251591e+04 2.634930956016309778e-02 4.224378435466529143e-03
9.370498729652089241e+04 2.098426919132276650e-02 4.048092798223120077e-03
9.382787908313929802e+04 2.997270657210101066e-02 4.647401867089825077e-03
9.395077086975767452e+04 2.775393783443254325e-02 4.780417244012037485e-03
9.407366265637608012e+04 2.401340531008387680e-02 3.991672100130202669e-03
9.419655444299445662e+04 2.645825621395649432e-02 3.895817243167747860e-03
9.431944622961283312e+04 2.437973685334434565e-02 3.839326179087277236e-03
9.444233801623122417e+04 2.487808714657049544e-02 3.867974551561210918e-03
9.456522980284961523e+04 2.124207546463814308e-02 3.616799805756768134e-03
9.468812158946800628e+04 3.766861897681184762e-02 5.317096760952834053e-03
9.481101337608639733e+04 2.690252376826404376e-02 4.093631342952901674e-03
9.493390516270477383e+04 2.560155731614277563e-02 4.340984852678790411e-03
9.505679694932316488e+04 2.708832092726072907e-02 4.401670354506484820e-03
9.517968873594155593e+04 2.586859996813031110e-02 4.216532560773329080e-03
9.530258052255994698e+04 2.026482356943638471e-02 3.468544065691182583e-03
9.542547230917833804e+04 2.520299112843990899e-02 3.878577349922723849e-03
9.554836409579671454e+04 2.173505386129501171e-02 3.480055640618242175e-03
9.567125588241510559e+04 2.648738263074303795e-02 4.339623321148678749e-03
9.579414766903349664e+04 2.861148065497350415e-02 4.755806095306167915e-03
9.591703945565188769e+04 2.451561970209420807e-02 4.254290079822432499e-03
9.603993124227027874e+04 2.637678814559990190e-02 4.114392951259668828e-03
9.616282302888865524e+04 2.564221706155856914e-02 3.899026681159801621e-03
9.628571481550704630e+04 2.605761564851893919e-02 4.471365041960701989e-03
9.640860660212543735e+04 2.585230103599973212e-02 4.479087316588910989e-03
9.653149838874382840e+04 2.098217817348849157e-02 4.024412383476418803e-03
9.665439017536221945e+04 2.452370152147468133e-02 4.304447855296184011e-03
9.677728196198059595e+04 2.200367509367389535e-02 3.931807434807451165e-03
9.690017374859898700e+04 1.996620442974210777e-02 3.430242690547567058e-03
9.702306553521737806e+04 3.009400034694303255e-02 4.853873329525020854e-03
9.714595732183576911e+04 2.572205744415553483e-02 4.408512195903559715e-03
9.726884910845416016e+04 2.836605618402144799e-02 4.429617969522553662e-03
9.739174089507253666e+04 2.674010936926798920e-02 4.408088383129420661e-03
9.751463268169092771e+04 3.214927111275740074e-02 5.156060933920410261e-03
9.763752446830931876e+04 2.610869341531120436e-02 4.700284089080127709e-03
9.776041625492770982e+04 2.703191758895025915e-02 4.367563396472460419e-03
9.788330804154610087e+04 1.963687609102989992e-02 3.833487132540980367e-03
9.800619982816447737e+04 2.741091818427069879e-02 4.380706080589191406e-03
9.812909161478286842e+04 2.453873711099061050e-02 3.765248224038293245e-03
9.825198340140125947e+04 3.024166644852360059e-02 4.431364016041825990e-03
9.837487518801965052e+04 3.762932525840347042e-02 5.341792228728653794e-03
9.849776697463804157e+04 2.809514409910616323e-02 4.185952097889103669e-03
9.862065876125641807e+04 4.794047392477884112e-02 6.539383183124920784e-03
9.874355054787480913e+04 4.545151094222412563e-02 6.934576025942760548e-03
9.886644233449320018e+04 7.098752072861491680e-02 8.272388520692180655e-03
9.898933412111159123e+04 9.608940893206253941e-02 9.809100766708649111e-03
9.911222590772998228e+04 1.383952014592440549e-01 1.247733580185843988e-02
9.923511769434835878e+04 2.068253159894596349e-01 1.606795207599657702e-02
9.935800948096674983e+04 3.259385401429704676e-01 2.014077697472155953e-02
9.948090126758514089e+04 5.502781843699933173e-01 2.787457921500991267e-02
9.960379305420353194e+04 7.861274952436110297e-01 3.329446076593822745e-02
9.972668484082192299e+04 1.179451471443894395e+00 4.042102475563026653e-02
9.984957662744029949e+04 1.762129497628476926e+00 4.881388617342091035e-02
9.997246841405869054e+04 2.408902590794673504e+00 5.605475070155550160e-02
1.000953602006770816e+05 3.472117690543663038e+00 6.638793591186813170e-02
1.002182519872954726e+05 4.888299558169892478e+00 7.765459928780561738e-02
1.003411437739138637e+05 6.413185520552490360e+00 8.708778505050628060e-02
1.004640355605322402e+05 8.561167690818367149e+00 9.895525229492227459e-02
1.005869273471506312e+05 1.000089933645302942e+01 1.076773003690760372e-01
1.007098191337690223e+05 9.402781944189802843e+00 1.066557299163750777e-01
1.008327109203874134e+05 6.954780854127197820e+00 9.333897305834502889e-02
1.009556027070058044e+05 4.788234912979342894e+00 7.915139851848922159e-02
1.010784944936241809e+05 3.226929277042633881e+00 6.531162821145840292e-02
1.012013862802425720e+05 2.076089378420544751e+00 5.282520413359013955e-02
1.013242780668609630e+05 1.562081808443634312e+00 4.614136370906250090e-02
1.014471698534793541e+05 1.045805425095804875e+00 3.850831812888751149e-02
1.015700616400977451e+05 7.575915369776896613e-01 3.243295878514158848e-02
1.016929534267161216e+05 4.573742893440000401e-01 2.402505629406086890e-02
1.018158452133345127e+05 3.398596457662900749e-01 2.090375771148431441e-02
1.019387369999528892e+05 2.144139808792064339e-01 1.618522103802210593e-02
1.020616287865712948e+05 1.359378292001670596e-01 1.204227079940517822e-02
1.021845205731896713e+05 9.441235272458048389e-02 9.701211856547119206e-03
1.023074123598080623e+05 5.663977256547506056e-02 7.088295503640756369e-03
1.024303041464264388e+05 5.289644593031729569e-02 6.953585122970671814e-03
1.025531959330448444e+05 3.693950310540847215e-02 5.821056878230073534e-03
1.026760877196632209e+05 3.069179444065784149e-02 5.046355588474151985e-03
1.027989795062816265e+05 3.139194134873408981e-02 5.139238152620568059e-03
1.029218712929000030e+05 2.562485609009558865e-02 4.810255959959087307e-03
1.030447630795183941e+05 1.990790285246347643e-02 4.036039464665536897e-03
1.031676548661367706e+05 2.691257091215842195e-02 4.983504086898933941e-03
1.032905466527551762e+05 3.194855955224425864e-02 5.625816183963962616e-03
1.034134384393735527e+05 2.615935175413517527e-02 4.533292520405480391e-03
1.035363302259919583e+05 2.609389167737786314e-02 4.643450863471423190e-03
1.036592220126103202e+05 2.256441944676561284e-02 4.091018780358808907e-03
1.037821137992287258e+05 2.570437005388716278e-02 5.150035368492705823e-03
1.039050055858471023e+05 2.365354792729624026e-02 4.162839279136419483e-03
1.040278973724655079e+05 2.657127902893569385e-02 5.465840574336862379e-03
1.041507891590838844e+05 2.697835405438718873e-02 5.097160034884592496e-03
1.042736809457022755e+05 2.540550716843388568e-02 4.286715903974399645e-03
1.043965727323206520e+05 2.443523904274902750e-02 4.942692124395666776e-03
1.045194645189390576e+05 2.283204197361176149e-02 3.730602099903705064e-03
1.046423563055574341e+05 2.700278024796349055e-02 5.172398700259932432e-03
1.047652480921758397e+05 2.114072212526232897e-02 3.783548263855144190e-03
1.048881398787942016e+05 2.381530768632732567e-02 4.501733920261779924e-03
1.050110316654126073e+05 1.773186557687728149e-02 3.578121561523785882e-03
1.051339234520309838e+05 1.823629831754693467e-02 3.490023689984202235e-03
1.052568152386493894e+05 1.942867131076661188e-02 3.543067657395012129e-03
1.053797070252677659e+05 2.418577233078519559e-02 4.589791531707066580e-03
1.055025988118861569e+05 1.552639941936263639e-02 4.355236503773772007e-03
1.056254905985045334e+05 2.647525428231996270e-02 4.481289642167617972e-03
1.057483823851229390e+05 2.030327772648491194e-02 3.887828791593842849e-03
1.058712741717413155e+05 2.722244235058464412e-02 4.936885800191554742e-03
1.059941659583597211e+05 2.670765725490855183e-02 4.756436599893449323e-03
1.061170577449780831e+05 3.467523310624037736e-02 5.825950985712129854e-03
1.062399495315964887e+05 2.476865258856291233e-02 4.666130062148321316e-03
1.063628413182148652e+05 1.895894175079753524e-02 3.609901283672967056e-03
1.064857331048332708e+05 1.928152698777859525e-02 3.876635489644002664e-03
1.066086248914516473e+05 2.039805378390169635e-02 4.136919946511013850e-03
1.067315166780700383e+05 1.606442182003755409e-02 3.647930259295199210e-03
1.068544084646884148e+05 1.767020101053510400e-02 3.538831579191573703e-03
1.069773002513068204e+05 2.619529336283852455e-02 5.223463343370818128e-03
1.071001920379251969e+05 2.096581568751604979e-02 3.922796330627574025e-03
1.072230838245436025e+05 2.951695299165969094e-02 5.023912612626967554e-03
1.073459756111619645e+05 1.683580927858368062e-02 3.883717256397853108e-03
1.074688673977803701e+05 2.961577663813031239e-02 5.253738976123450283e-03
1.075917591843987466e+05 2.862271150220354471e-02 5.395518256628560605e-03
1.077146509710171522e+05 2.439385809875618816e-02 4.573974249735223568e-03
1.078375427576355287e+05 2.060061953576076271e-02 4.203333308085578819e-03
1.079604345442539197e+05 3.032724302711559475e-02 5.345421209637222885e-03
1.080833263308722962e+05 2.922945300761917858e-02 5.077100455935225527e-03
1.082062181174907018e+05 3.134967561301083699e-02 6.286928187619637495e-03
1.083291099041090783e+05 2.654571325177701793e-02 5.124085809646126630e-03
1.084520016907274839e+05 2.636184818923387185e-02 5.039432600025586448e-03
1.085748934773458459e+05 2.727071230153923012e-02 5.372583309649557083e-03
1.086977852639642515e+05 1.551217553959863098e-02 3.802899693261691319e-03
1.088206770505826280e+05 3.265439646586547340e-02 6.710946319888424529e-03
1.089435688372010336e+05 1.721021863769687035e-02 3.789367791118460754e-03
1.090664606238194101e+05 2.378133365840194927e-02 5.470986711619009110e-03
1.091893524104378012e+05 2.240466016237726427e-02 4.907210759772000046e-03
1.093122441970561777e+05 1.660862425144457935e-02 3.429458494181294656e-03
1.094351359836745833e+05 2.650172146236575571e-02 4.944328637536966366e-03
1.095580277702929598e+05 2.734855519099624321e-02 4.845286792820198245e-03
1.096809195569113654e+05 2.423169997311830706e-02 5.379171298564262155e-03
1.098038113435297419e+05 2.452069776879309271e-02 4.416368359053094057e-03
1.099267031301481329e+05 3.282216537602323375e-02 6.915374204778891934e-03
1.100495949167665094e+05 1.526854643881915205e-02 3.497090101049186387e-03
1.101724867033849150e+05 2.701551141853314117e-02 5.753681779831149382e-03
1.102953784900032915e+05 1.516118313621385785e-02 2.714239892263344174e-03
1.104182702766216826e+05 3.659143391272557527e-02 6.774974493761623182e-03
1.105411620632400591e+05 2.665286704700263465e-02 5.030204007812733025e-03
1.106640538498584647e+05 3.027375140641390405e-02 6.172375556474853954e-03
1.107869456364768412e+05 1.578580630219226372e-02 3.261036352978229254e-03
1.109098374230952468e+05 2.556230522288503726e-02 5.300390040125391167e-03
1.110327292097136233e+05 2.202229380533213612e-02 4.890843883283098326e-03
1.111556209963320143e+05 2.495856389501788578e-02 4.605268167216501965e-03
1.112785127829503908e+05 2.650294256540739607e-02 4.690017489673375083e-03
1.114014045695687964e+05 1.733711499617568430e-02 4.173391789775672198e-03
1.115242963561871729e+05 2.721681179333370129e-02 6.028025340715218415e-03
1.116471881428055640e+05 1.771258937163957409e-02 4.933688567540030906e-03
1.117700799294239405e+05 1.961234548692393845e-02 4.112048119832094860e-03
1.118929717160423461e+05 3.446693447623171841e-02 6.472312670790603649e-03
1.120158635026607226e+05 2.082550945904123110e-02 4.771771811345802347e-03
1.121387552892791282e+05 2.881764246526956341e-02 6.550741895842583824e-03
1.122616470758975047e+05 2.682978087318365831e-02 5.703939722869622551e-03
1.123845388625158957e+05 2.524328791458954613e-02 5.536395650637426259e-03
1.125074306491342722e+05 2.597839164300163803e-02 5.820409495678882834e-03
1.126303224357526778e+05 2.460806426381463574e-02 4.733750348820725887e-03
1.127532142223710543e+05 1.734980342213817903e-02 3.501726664231770425e-03
1.128761060089894600e+05 2.202467089479267712e-02 5.090152851562382806e-03
1.129989977956078219e+05 2.071475547651175503e-02 4.459759703460147544e-03
1.131218895822262275e+05 2.067312231017680302e-02 5.976427718404919188e-03
1.132447813688446040e+05 2.411150034204717629e-02 5.847159251794636567e-03
1.133676731554630096e+05 2.664474701497829279e-02 5.631564854893331834e-03
1.134905649420813861e+05 2.023375967144170132e-02 5.135977669022942851e-03
1.136134567286997772e+05 2.593598741330142843e-02 4.974464222683110289e-03
1.137363485153181537e+05 3.067761677880320031e-02 7.462141000886197625e-03
1.138592403019365447e+05 3.207305062022761111e-02 5.835392079155526761e-03
1.139821320885549358e+05 2.708618641056705426e-02 5.085459650676726548e-03
1.141050238751733123e+05 2.574614891098415265e-02 6.663787839289976069e-03
1.142279156617917033e+05 3.049121308325900698e-02 5.668513401829286882e-03
1.143508074484100798e+05 2.737963097414479116e-02 5.526408817761087160e-03
1.144736992350284854e+05 4.072782620889875416e-02 8.606048466190129725e-03
1.145965910216468619e+05 4.222220152134326804e-02 9.496869273145809587e-03
1.147194828082652675e+05 3.189554395188187730e-02 6.686206798140833032e-03
1.148423745948836295e+05 3.983534172637116788e-02 8.045286459626030395e-03
1.149652663815020351e+05 3.945625885540978567e-02 8.275685001648233272e-03
1.150881581681204116e+05 6.531084027695904792e-02 1.100804070947130654e-02
1.152110499547388172e+05 9.114407363386609062e-02 1.273149403229316759e-02
1.153339417413571937e+05 8.345801022572699179e-02 1.254048428010097471e-02
1.154568335279755847e+05 1.104585654749614398e-01 1.553072986238861371e-02
1.155797253145939612e+05 2.077897388616474217e-01 2.368287353840009893e-02
1.157026171012123668e+05 2.443301942054940390e-01 2.545507718647382553e-02
1.158255088878307433e+05 3.000681572437326472e-01 2.820749590839433801e-02
1.159484006744491489e+05 4.580063810007963254e-01 3.659719160395353416e-02
1.160712924610675109e+05 7.033064213672075571e-01 4.709625386311389744e-02
1.161941842476859165e+05 8.474006042964701280e-01 5.035178854582137570e-02
1.163170760343042930e+05 1.212211737330045169e+00 6.012325065235726851e-02
1.164399678209226986e+05 1.503023467430323779e+00 6.586856093681502100e-02
1.165628596075410751e+05 1.874084624054200399e+00 7.271620970186037924e-02
1.166857513941594661e+05 2.479910447156692843e+00 8.517255523706535048e-02
1.168086431807778426e+05 3.178791642593139066e+00 9.601407163146229162e-02
1.169315349673962482e+05 3.546148811618723862e+00 1.000322075790960191e-01
1.170544267540146247e+05 4.291223742507019878e+00 1.105375899432458620e-01
1.171773185406330304e+05 4.880007592679699968e+00 1.181453738117101415e-01
1.173002103272514069e+05 5.604845344046663236e+00 1.261838308855861290e-01
1.174231021138697979e+05 6.694303126581636398e+00 1.374424545769390160e-01
1.175459939004881744e+05 7.349069535506498774e+00 1.446152812426492185e-01
1.176688856871065800e+05 7.729138284592840691e+00 1.480763438635762652e-01
1.177917774737249565e+05 8.500413643986068024e+00 1.569266721630384054e-01
1.179146692603433476e+05 8.980109397294160800e+00 1.614381380963514634e-01
1.180375610469617241e+05 8.967517071195052480e+00 1.617263049134379238e-01
1.181604528335801297e+05 8.760771523260665106e+00 1.614892043682620015e-01
1.182833446201985062e+05 8.085787075086459552e+00 1.552267767607891369e-01
1.184062364068169118e+05 7.165179781384442670e+00 1.455667131674042158e-01
1.185291281934352883e+05 6.283551714619219908e+00 1.366626314114090246e-01
1.186520199800536793e+05 5.684278974374303850e+00 1.306554290700716603e-01
1.187749117666720558e+05 4.576677636044195197e+00 1.153483872115100145e-01
1.188978035532904614e+05 4.234105258975776387e+00 1.122376511763271689e-01
1.190206953399088379e+05 3.264282750201180416e+00 9.911251203491557027e-02
1.191435871265272290e+05 2.748893265686167986e+00 9.071710555468498471e-02
1.192664789131456055e+05 2.402993863983486467e+00 8.673723285958472029e-02
1.193893706997640111e+05 1.743342832275641241e+00 7.218239469224640992e-02
1.195122624863823876e+05 1.419650583481289363e+00 6.694169026090394936e-02
1.196351542730007932e+05 1.137077064066290832e+00 6.190162719833444682e-02
1.197580460596191697e+05 7.265398564588406716e-01 4.543728454128127120e-02
1.198809378462375607e+05 6.095872006143961963e-01 4.322485191665643295e-02
1.200038296328559372e+05 4.236791139155883790e-01 3.621588038624501404e-02
1.201267214194743428e+05 2.825422828267355468e-01 2.737686141136096846e-02
1.202496132060927193e+05 2.329303764101665619e-01 2.392099173567813555e-02
1.203725049927111249e+05 1.733454069899575123e-01 2.172996053084092286e-02
1.204953967793294869e+05 1.365093748607379975e-01 1.772034891389739561e-02
1.206182885659478925e+05 6.723302840996996099e-02 1.187925213863806097e-02
1.207411803525662690e+05 6.789775303496685399e-02 1.146179000140838157e-02
1.208640721391846746e+05 6.596809156187831424e-02 1.247162824239128609e-02
1.209869639258030511e+05 3.065721716049280704e-02 6.801682772920101053e-03
1.211098557124214421e+05 4.199263665886830699e-02 9.610790660118497322e-03
1.212327474990398186e+05 2.024601126360927456e-02 5.197867933632603632e-03
1.213556392856582243e+05 3.054125508779466369e-02 6.561890840022854138e-03
1.214785310722766008e+05 3.292787281530472343e-02 7.331122031686578520e-03
1.216014228588950064e+05 3.097481549224300607e-02 6.987971185404927461e-03
1.217243146455133683e+05 3.088541823173411235e-02 7.740265954316143115e-03
1.218472064321317739e+05 1.882486725758957327e-02 4.042952057912582546e-03
1.219700982187501504e+05 2.606278550574471498e-02 6.296207303724874089e-03
1.220929900053685560e+05 2.918389168237185693e-02 6.410434472531188234e-03
1.222158817919869325e+05 1.816412165326881240e-02 4.907669502176107042e-03
1.223387735786053236e+05 2.009009866279154455e-02 4.950321911868669697e-03
1.224616653652237001e+05 3.143937369240198954e-02 7.171245931582788044e-03
1.225845571518421057e+05 1.699877609425338998e-02 4.947058381787601371e-03
1.227074489384604822e+05 2.832884135496360756e-02 7.546059320754426418e-03
1.228303407250788878e+05 1.383023570082559869e-02 3.971164966341261468e-03
1.229532325116972497e+05 2.517007776940517749e-02 5.579103023359424825e-03
1.230761242983156553e+05 3.373801278324694425e-02 7.763243549718459521e-03
1.231990160849340318e+05 2.897003361337064167e-02 6.351564666539795227e-03
1.233219078715524374e+05 2.373675152342060238e-02 7.578683880172227758e-03
1.234447996581708139e+05 2.529563028036127537e-02 6.412509565180284782e-03
1.235676914447892050e+05 1.653696359925942508e-02 4.219111778264306514e-03
1.236905832314075815e+05 2.598483939761253927e-02 6.634306684445374046e-03
1.238134750180259871e+05 2.560958348988307334e-02 6.212346540866275045e-03
1.239363668046443636e+05 1.681666339096550208e-02 3.737563671671103455e-03
1.240592585912627692e+05 1.653100921885662655e-02 5.394163887603099956e-03
1.241821503778811311e+05 1.956404193707671560e-02 5.727113471199140292e-03
1.243050421644995367e+05 2.369019765936945451e-02 5.785731978486669848e-03
1.244279339511179132e+05 2.710367142949398483e-02 7.472245668213232765e-03
1.245508257377363188e+05 3.557928025337843414e-02 8.711624516053529180e-03
1.246737175243546953e+05 1.447572116531967157e-02 4.172967928331334196e-03
1.247966093109730864e+05 1.933995211181532489e-02 5.844684864763281980e-03
1.249195010975914629e+05 1.687259456656021658e-02 4.638378587901661673e-03
1.250423928842098685e+05 2.402794636258288874e-02 6.216841189914889231e-03
1.251652846708282450e+05 2.497265743610539018e-02 7.691210682271884362e-03
1.252881764574466506e+05 1.586056887505592899e-02 4.223903857241823739e-03
1.254110682440650125e+05 1.648901127545056300e-02 4.770876566865539167e-03
1.255339600306834182e+05 3.163653200644397229e-02 7.232617254040629023e-03
1.256568518173017947e+05 3.853395010138466886e-02 1.007659297066978467e-02
1.257797436039202003e+05 2.743277995566392041e-02 6.288014286026228500e-03
1.259026353905385768e+05 2.210172712571950235e-02 7.228223515194300182e-03
1.260255271771569678e+05 2.509790514010995857e-02 5.528260558426322663e-03
1.261484189637753443e+05 2.146846914263840153e-02 5.227724270020094391e-03
1.262713107503937499e+05 3.875826026089208842e-02 8.561786526764833191e-03
1.263942025370121264e+05 2.814238148084458740e-02 6.637444957587695926e-03
1.265170943236305320e+05 8.264889541922625787e-03 2.629355586418252819e-03
1.266399861102489085e+05 1.340494837485281185e-02 3.978386020049677618e-03
1.267628778968672996e+05 2.549472866788718428e-02 7.613796202825639028e-03
1.268857696834856761e+05 1.768415316233559048e-02 4.555469597440370971e-03
1.270086614701040817e+05 3.300922627510662760e-02 8.798387589717206886e-03
1.271315532567224582e+05 2.395543738965227876e-02 5.250755406779462724e-03
1.272544450433408492e+05 1.869422113022709692e-02 5.034427631252015242e-03
1.273773368299592257e+05 2.722285899588549468e-02 7.493221990560228023e-03
1.275002286165776313e+05 3.599662009873788593e-02 8.739161174792032041e-03
1.276231204031960078e+05 2.371695041952227162e-02 5.587908333717149338e-03
1.277460121898144134e+05 3.126670116160525092e-02 7.216287184600650786e-03
1.278689039764327899e+05 2.880947539877663777e-02 7.291759919975018128e-03
1.279917957630511810e+05 2.540583172201398704e-02 5.841727108504319796e-03
1.281146875496695575e+05 2.450347111911604925e-02 6.140826880201068552e-03
1.282375793362879631e+05 3.471457458821983894e-02 8.324655767822049246e-03
1.283604711229063396e+05 2.263985663975150164e-02 6.229705336557353479e-03
1.284833629095247306e+05 2.824761595844180878e-02 7.307462208854439631e-03
1.286062546961431071e+05 1.862224962481619228e-02 4.799791485676110740e-03
1.287291464827615127e+05 2.163972908896593175e-02 5.060594519655271795e-03
1.288520382693798892e+05 2.033280835095844716e-02 5.509937216690762897e-03
1.289749300559982948e+05 2.956814214188010007e-02 7.431867565271396518e-03
1.290978218426166713e+05 1.921876096424040420e-02 4.312762449807682787e-03
1.292207136292350624e+05 3.209383039551168271e-02 7.237915959828076541e-03
1.293436054158534389e+05 1.857322569666162299e-02 5.520458050980154782e-03
1.294664972024718154e+05 2.845589280592272785e-02 7.400320478889285160e-03
1.295893889890902210e+05 2.462543651324057559e-02 7.307032842444473320e-03
1.297122807757085975e+05 3.043346726947283171e-02 8.795381078821535789e-03
1.298351725623269886e+05 4.018646114982622058e-02 9.811352642194251517e-03
1.299580643489453651e+05 1.947121175376902852e-02 4.669171279787532290e-03
1.300809561355637707e+05 3.133842907940063982e-02 9.699292968001276341e-03
1.302038479221821472e+05 2.103405482893818540e-02 6.397982148032396212e-03
1.303267397088005528e+05 3.246540720470775937e-02 7.569860709206043155e-03
1.304496314954189147e+05 2.232604101826119944e-02 5.727021977753930446e-03
1.305725232820373203e+05 3.313504601273867950e-02 7.733697010935326743e-03
1.306954150686556968e+05 3.119800970145148594e-02 8.575140385889547939e-03
1.308183068552741024e+05 2.406946704883953722e-02 7.686839082754107384e-03
1.309411986418924789e+05 2.240850846638621496e-02 5.964435272977636725e-03
1.310640904285108700e+05 2.283691632754862241e-02 7.087213570281886144e-03
1.311869822151292465e+05 2.097034388890041054e-02 5.755006942312080806e-03
1.313098740017476666e+05 3.092075545200869205e-02 7.659418952937007384e-03
1.314327657883660286e+05 2.487835548537051245e-02 8.519779017374714408e-03
1.315556575749844196e+05 2.973645583502607451e-02 7.218329340463409093e-03
1.316785493616028107e+05 2.272317948127683049e-02 6.070343669017095808e-03
1.318014411482212017e+05 1.849252406658666650e-02 4.448098666767420946e-03
1.319243329348395928e+05 2.357955162527827775e-02 7.469942476175827316e-03
1.320472247214579838e+05 2.201079487675185881e-02 6.778774344695224184e-03
1.321701165080763458e+05 3.312368969659018614e-02 7.664294123865374869e-03
1.322930082946947659e+05 1.831753055756162735e-02 4.766861591553413734e-03
1.324159000813131279e+05 1.361783910986427877e-02 3.627151326640130641e-03
1.325387918679315480e+05 2.455240911075771970e-02 5.988421345343068226e-03
1.326616836545499100e+05 2.923629812050790658e-02 8.013864882627137060e-03
1.327845754411683010e+05 2.008660709605018108e-02 5.269091576277571722e-03
1.329074672277866921e+05 2.548040454618463041e-02 7.650330583869706380e-03
1.330303590144050831e+05 2.132910557973002885e-02 6.663035430023441646e-03
1.331532508010234742e+05 1.276942303472672173e-02 3.963336237892457932e-03
1.332761425876418652e+05 2.564181465867899218e-02 7.677271273228016869e-03
1.333990343742602272e+05 3.765493429062476832e-02 1.107136796353695024e-02
1.335219261608786474e+05 2.014415394071582960e-02 6.160683331770996224e-03
1.336448179474970093e+05 2.011932776112182811e-02 5.303502734811696602e-03
1.337677097341154295e+05 2.317828414545813551e-02 6.505449280014977305e-03
1.338906015207337914e+05 3.755097865723158734e-02 8.510757661366132737e-03
1.340134933073521825e+05 4.143723377139612446e-02 1.019254871563209444e-02
1.341363850939705735e+05 2.215877532638524383e-02 5.788249191918200601e-03
1.342592768805889646e+05 2.175212805386865858e-02 6.108289237169054614e-03
1.343821686672073556e+05 3.782627807741873599e-02 1.144148410569884033e-02
1.345050604538257467e+05 2.240871109753466567e-02 5.716069703307524036e-03
1.346279522404441086e+05 3.549580357930993968e-02 8.007452861605576788e-03
1.347508440270625288e+05 1.584915493602720785e-02 4.207086874702992835e-03
1.348737358136808907e+05 2.704951789315197114e-02 7.523761035603609808e-03
1.349966276002993109e+05 2.907877054410656914e-02 6.875870877957140220e-03
1.351195193869176728e+05 3.750397301753891077e-02 8.693073709135235722e-03
1.352424111735360639e+05 1.443175163639612117e-02 4.501993148639395204e-03
1.353653029601544549e+05 2.943394250037071475e-02 9.730109007414260852e-03
1.354881947467728460e+05 2.595662573949024735e-02 7.619714833122418797e-03
1.356110865333912370e+05 2.433082617770175940e-02 8.313739877542978066e-03
1.357339783200096281e+05 3.731321782915426877e-02 1.072552790008340050e-02
1.358568701066279900e+05 2.240464114406427731e-02 5.109905805092363092e-03
1.359797618932464102e+05 1.738969446040707773e-02 5.262637481021721284e-03
1.361026536798647721e+05 2.289024452133561066e-02 5.928474310989655452e-03
1.362255454664831923e+05 1.867154272305247831e-02 6.792643675844025827e-03
1.363484372531015542e+05 2.316632697376173541e-02 7.453795188231421807e-03
1.364713290397199453e+05 1.959981319584293627e-02 5.390195538508026768e-03
1.365942208263383363e+05 2.278068005015226188e-02 6.041240024087244156e-03
1.367171126129567274e+05 1.804365070839158633e-02 4.544816729739610019e-03
1.368400043995751184e+05 2.394328278611511027e-02 7.827431146832148148e-03
1.369628961861935095e+05 9.758749574833632673e-03 3.691899323857814920e-03
1.370857879728118714e+05 5.477471814222350383e-02 1.410798868123219925e-02
1.372086797594302916e+05 1.020146435385990355e-02 3.327691817863766537e-03
1.373315715460486535e+05 3.660592277048071996e-02 1.024335540345241470e-02
1.374544633326670737e+05 1.713376269280903960e-02 4.898823183185961258e-03
1.375773551192854356e+05 2.735255685621172314e-02 8.245813253872420756e-03
1.377002469059038267e+05 3.277270135642170595e-02 1.023437325479547785e-02
1.378231386925222178e+05 2.783167261510330337e-02 7.934207773586911955e-03
1.379460304791406088e+05 2.958240596088438507e-02 8.478227722264822241e-03
1.380689222657589999e+05 2.674214085215711328e-02 8.873457697299445140e-03
1.381918140523773909e+05 1.691544198391040435e-02 6.879005394667347083e-03
1.383147058389957529e+05 2.241506395510313096e-02 7.363889167914180155e-03
1.384375976256141730e+05 2.128378314953178682e-02 6.589773207195759840e-03
1.385604894122325350e+05 2.986675373800259589e-02 9.332212930743006424e-03
1.386833811988509551e+05 3.927482020965190196e-02 9.546641468401914285e-03
1.388062729854693171e+05 2.314236740091778557e-02 6.087990278798252435e-03
1.389291647720877081e+05 1.957753856484385768e-02 7.187236662203303102e-03
1.390520565587060992e+05 2.289279691981940465e-02 6.718328540596221407e-03
1.391749483453244902e+05 2.339398866909936023e-02 7.015554171905308799e-03
1.392978401319428813e+05 1.814343897457159488e-02 4.985638429430456174e-03
1.394207319185612723e+05 3.850644442328909206e-02 1.184210719259656992e-02
1.395436237051796343e+05 1.827287775250513446e-02 5.071902209131525993e-03
1.396665154917980544e+05 3.785907506293920838e-02 9.203790943859519944e-03
1.397894072784164164e+05 3.161766322819439118e-02 9.041183948661929773e-03
1.399122990650348365e+05 1.671898656174247363e-02 5.172697620244583530e-03
1.400351908516531985e+05 2.741598502735138887e-02 7.523742519394008635e-03
1.401580826382715895e+05 2.636460039997611665e-02 9.037726414897345045e-03
1.402809744248899806e+05 3.044689268878435565e-02 9.209919395031832337e-03
1.404038662115083716e+05 2.894804446162909176e-02 8.045668265763476074e-03
1.405267579981267627e+05 2.811035041735441067e-02 8.163778167957139523e-03
1.406496497847451537e+05 3.112412970985071678e-02 9.232768334957074802e-03
1.407725415713635157e+05 2.953549771541171334e-02 9.016736133164227063e-03
1.408954333579819358e+05 3.680408927758448134e-02 1.079635031003788742e-02
1.410183251446002978e+05 1.938816245280824274e-02 6.062018280115122684e-03
1.411412169312187179e+05 1.687130381010267313e-02 7.026317151096005305e-03
1.412641087178370799e+05 1.169130289976441986e-02 3.990346825641509672e-03
1.413870005044554709e+05 1.538348598225243967e-02 4.935362044028447984e-03
1.415098922910738620e+05 1.841460025215688537e-02 5.861236397906573713e-03
1.416327840776922530e+05 2.359573135109973088e-02 6.973788730223878622e-03
1.417556758643106441e+05 1.875940064522780767e-02 5.338032320112207942e-03
1.418785676509290352e+05 3.438521775946132980e-02 9.978577770367796224e-03
1.420014594375473971e+05 2.767443813700840027e-02 8.918902423266997226e-03
1.421243512241658173e+05 2.385901447776828110e-02 6.273827149676737200e-03
1.422472430107841792e+05 4.460220553357491236e-02 1.125143963646436582e-02
1.423701347974025994e+05 2.624163477506297193e-02 8.006619492155784418e-03
1.424930265840209613e+05 3.504850047767994053e-02 9.421448692397783875e-03
1.426159183706393524e+05 1.879670721474375333e-02 7.363064249287040557e-03
1.427388101572577434e+05 2.773574750689462853e-02 8.164407775383322047e-03
1.428617019438761345e+05 1.711463065698898625e-02 4.734650337688218504e-03
1.429845937304945255e+05 2.726019030918628433e-02 7.315333185845152887e-03
1.431074855171129166e+05 2.379521380860375943e-02 6.403730857454938488e-03
1.432303773037312785e+05 3.110539808100201351e-02 8.443907924399786380e-03
1.433532690903496987e+05 3.271800879309526289e-02 8.402662519051586412e-03
1.434761608769680606e+05 3.414880377627167729e-02 1.040575179038145601e-02
1.435990526635864808e+05 3.031626539373315568e-02 1.064244764101579706e-02
1.437219444502048427e+05 2.033236480474250388e-02 6.414379395401822830e-03
1.438448362368232338e+05 2.028897807641273296e-02 7.079725193338068899e-03
1.439677280234416248e+05 4.447362486631090822e-02 1.115307514773094394e-02
1.440906198100600159e+05 1.403230212318179806e-02 5.148329283557474476e-03
1.442135115966784069e+05 1.130735185695058362e-02 3.909243446036396799e-03
1.443364033832967980e+05 2.153889103317774625e-02 6.552697373824491883e-03
1.444592951699151599e+05 1.712300725295601983e-02 4.403728191785523209e-03
1.445821869565335801e+05 3.707536148452345720e-02 1.294857433070219568e-02
1.447050787431519420e+05 1.710938060112859524e-02 5.721828526830458582e-03
1.448279705297703622e+05 2.964255265109448992e-02 8.922385081739077003e-03
1.449508623163887241e+05 3.586533900944632869e-02 9.168347504783735946e-03
1.450737541030071152e+05 1.512059098574927360e-02 4.400964235899224031e-03
1.451966458896255062e+05 1.934331847831652698e-02 5.564205820981941303e-03
1.453195376762438682e+05 3.105717353881507631e-02 8.293748592204287437e-03
1.454424294628622883e+05 2.306525424709826230e-02 9.209702565326610343e-03
1.455653212494806503e+05 1.779544628261752609e-02 5.378630981893187113e-03
1.456882130360990413e+05 2.081090509106390748e-02 6.389329944766053600e-03
1.458111048227174324e+05 1.842424860158423106e-02 5.609369759412748298e-03
1.459339966093358235e+05 3.209950998177264064e-02 1.008422280495880133e-02
1.460568883959542145e+05 2.626497798478488396e-02 8.119899677168416693e-03
1.461797801825726056e+05 2.282211041745452543e-02 7.461918077608964937e-03
1.463026719691909966e+05 1.687884295000210630e-02 5.304169817708995205e-03
1.464255637558093877e+05 1.818838982537298796e-02 6.488250369921889221e-03
1.465484555424277496e+05 1.944212626555775689e-02 6.307001715045637731e-03
1.466713473290461698e+05 3.481994460074928910e-02 1.056324416688415521e-02
1.467942391156645317e+05 2.357493630866323506e-02 7.747143592086368387e-03
1.469171309022829228e+05 2.493342944728672156e-02 8.251994493270272193e-03
1.470400226889013138e+05 2.781352719744077662e-02 8.286722868752600946e-03
1.471629144755197049e+05 1.632042769985373593e-02 7.701644623471446023e-03
1.472858062621380959e+05 2.233099765977642967e-02 8.250107161809063991e-03
1.474086980487564870e+05 7.432132978555508473e-02 1.598579709357110870e-02
1.475315898353748780e+05 3.486558616550493317e-02 1.055230041270722140e-02
1.476544816219932691e+05 3.078679279800601923e-02 8.959374770864709722e-03
1.477773734086116310e+05 2.390952998233602730e-02 7.027286357389646299e-03
1.479002651952300512e+05 2.194648116387179146e-02 7.424880459049574416e-03
1.480231569818484131e+05 2.519557603105998175e-02 7.641511397783346329e-03
1.481460487684668333e+05 3.121812964807225282e-02 8.592735388473876981e-03
1.482689405550851952e+05 2.245097243088979913e-02 7.973372118142182940e-03
1.483918323417035863e+05 1.399778377623312441e-02 5.392210505449285436e-03
1.485147241283219773e+05 3.026184763984512971e-02 9.991866449271828363e-03
1.486376159149403684e+05 2.308467003670581358e-02 7.979806005695469148e-03
1.487605077015587594e+05 2.569188935350903355e-02 7.530273092211109930e-03
1.488833994881771505e+05 3.465957915245200527e-02 8.930885149184792510e-03
1.490062912747955124e+05 3.758830389615559070e-02 1.075774334531571369e-02
1.491291830614139326e+05 3.648841164908084300e-02 1.025060864984335060e-02
1.492520748480322945e+05 2.916012095053841999e-02 8.032941101008593890e-03
1.493749666346507147e+05 3.038682613808670052e-02 8.680565340767016497e-03
1.494978584212690766e+05 2.063872124237616651e-02 6.966560255535395908e-03
1.496207502078874677e+05 1.879050946482481443e-02 5.574050863392393702e-03
1.497436419945058587e+05 1.513922381915751292e-02 7.472180440781615342e-03
1.498665337811242498e+05 2.217834916696460879e-02 7.554670572540559542e-03
1.499894255677426409e+05 3.382991390212772287e-02 9.472017770470617104e-03
1.501123173543610319e+05 2.245822737692045046e-02 6.204887777274029070e-03
1.502352091409793939e+05 4.393828839064661124e-02 1.326763893289143945e-02
1.503581009275978140e+05 2.621626303187344839e-02 7.726722054083585804e-03
1.504809927142161760e+05 1.348800751027356797e-02 4.730557388993130927e-03
1.506038845008345961e+05 1.643719083355406341e-02 7.120784568785215769e-03
1.507267762874529581e+05 2.256016189645282041e-02 7.257980525233003605e-03
1.508496680740713491e+05 3.306430511354317009e-02 1.316004812904690222e-02
1.509725598606897402e+05 2.373292381531143941e-02 7.281658647970098465e-03
1.510954516473081312e+05 2.901896344606406247e-02 9.454696444621610643e-03
1.512183434339265223e+05 9.493993698998864916e-03 4.471390039413315060e-03
1.513412352205449133e+05 1.835426436830977365e-02 6.367965839600565024e-03
1.514641270071632753e+05 2.896425148816521994e-02 7.504926065269726561e-03
1.515870187937816954e+05 5.601354078894441035e-02 1.317930492490759949e-02
1.517099105804000574e+05 2.614265892192081317e-02 8.310372010843624507e-03
1.518328023670184775e+05 2.831250116882993648e-02 8.379803158930158868e-03
1.519556941536368395e+05 2.809701569168113200e-02 1.023744968023162887e-02
1.520785859402552305e+05 3.375489997326326652e-02 1.090905147129029099e-02
1.522014777268736216e+05 1.663503674781623143e-02 5.856999160901805654e-03
1.523243695134920126e+05 1.726697942738695743e-02 6.250476367032058861e-03
1.524472613001104037e+05 3.063532562497601336e-02 1.011779292172436742e-02
1.525701530867287947e+05 2.716427554670540478e-02 8.416428256469571378e-03
1.526930448733471567e+05 1.781264231860719277e-02 5.515853642702506915e-03
1.528159366599655768e+05 1.482940999391423390e-02 4.966220624985012017e-03
1.529388284465839388e+05 2.273292386288863418e-02 9.394243370241616917e-03
1.530617202332023589e+05 1.868179152962668940e-02 6.128345469541743480e-03
1.531846120198207209e+05 3.928945044934247649e-02 1.121868175819218209e-02
1.533075038064391119e+05 2.529196058957851323e-02 7.577515400567758595e-03
1.534303955930575030e+05 3.576205244504025715e-02 1.002459480587259560e-02
1.535532873796758940e+05 2.961103214034191064e-02 1.044641316805218489e-02
