* De conditionele overschrijdingskans van de zeewaterstand met statistische onzekerheid gegeven de windrichting
* voor een 12-uursperiode te Delfzijl, gelegen op locatie: 
* 258000, 594430
* 
* Het waterstandsbereik waarvoor de overschrijdingskansen zijn gegeven is het hoogwater 1991 tot 8.00 m + NAP
* met een stapgrootte van 0.1 m. De laatste stapgrootte kan afwijken om op 8.00 m uit te komen. Hierbij wordt
* een stapgrootte van mimimaal 6 en maximaal 15 cm gekozen.
* 
* Betreft zichtjaar 1985 (het jaar waarvoor de basispeilen zijn afgeleid); 
* zeespiegelstijging sinds 1985 moet apart in rekening worden gebracht.
*
* Door: G.W.F. Rongen van HKV lijn in water
* Project: PR3280.20.03
*
* m (m+NAP) 30              60              90              120             150             180             210             240             270             300             330             360
  1.35      1.000e+00       1.000e+00       1.000e+00       1.000e+00       1.000e+00       1.000e+00       1.000e+00       1.000e+00       1.000e+00       1.000e+00       1.000e+00       1.000e+00       
  1.45      4.984e-01       4.347e-01       3.958e-01       4.418e-01       4.361e-01       3.597e-01       3.896e-01       4.036e-01       5.101e-01       5.245e-01       5.040e-01       4.377e-01       
  1.55      2.507e-01       1.899e-01       1.568e-01       1.963e-01       1.912e-01       1.288e-01       1.518e-01       1.632e-01       2.628e-01       2.780e-01       2.565e-01       1.926e-01       
  1.65      1.240e-01       8.294e-02       6.274e-02       8.702e-02       8.373e-02       4.706e-02       6.103e-02       7.076e-02       1.448e-01       1.581e-01       1.400e-01       9.072e-02       
  1.75      5.469e-02       3.582e-02       2.670e-02       3.768e-02       3.618e-02       1.971e-02       3.015e-02       4.793e-02       1.179e-01       1.348e-01       1.151e-01       6.499e-02       
  1.85      2.306e-02       1.510e-02       1.126e-02       1.589e-02       1.525e-02       8.312e-03       1.524e-02       3.483e-02       1.015e-01       1.219e-01       1.005e-01       4.961e-02       
  1.95      9.492e-03       6.217e-03       4.633e-03       6.539e-03       6.279e-03       3.421e-03       7.552e-03       2.510e-02       8.685e-02       1.095e-01       8.711e-02       3.755e-02       
  2.05      3.816e-03       2.499e-03       1.863e-03       2.629e-03       2.524e-03       1.376e-03       3.673e-03       1.794e-02       7.376e-02       9.775e-02       7.502e-02       2.818e-02       
  2.15      1.499e-03       9.821e-04       7.319e-04       1.033e-03       9.918e-04       5.405e-04       1.753e-03       1.272e-02       6.220e-02       8.672e-02       6.417e-02       2.097e-02       
  2.25      5.761e-04       3.773e-04       2.812e-04       3.969e-04       3.811e-04       2.076e-04       8.220e-04       8.952e-03       5.209e-02       7.644e-02       5.453e-02       1.547e-02       
  2.35      2.165e-04       1.418e-04       1.057e-04       1.492e-04       1.432e-04       7.804e-05       3.786e-04       6.252e-03       4.331e-02       6.694e-02       4.603e-02       1.133e-02       
  2.45      7.965e-05       5.217e-05       3.888e-05       5.487e-05       5.269e-05       2.871e-05       1.714e-04       4.334e-03       3.577e-02       5.825e-02       3.860e-02       8.228e-03       
  2.55      2.869e-05       1.879e-05       1.401e-05       1.977e-05       1.898e-05       1.034e-05       7.628e-05       2.982e-03       2.933e-02       5.036e-02       3.216e-02       5.930e-03       
  2.65      1.012e-05       6.631e-06       4.942e-06       6.975e-06       6.697e-06       3.649e-06       3.339e-05       2.038e-03       2.389e-02       4.326e-02       2.662e-02       4.241e-03       
  2.75      3.501e-06       2.293e-06       1.709e-06       2.412e-06       2.316e-06       1.262e-06       1.438e-05       1.383e-03       1.933e-02       3.691e-02       2.189e-02       3.011e-03       
  2.85      1.187e-06       7.772e-07       5.793e-07       8.175e-07       7.850e-07       4.277e-07       6.091e-06       9.321e-04       1.553e-02       3.129e-02       1.788e-02       2.121e-03       
  2.95      3.945e-07       2.584e-07       1.926e-07       2.718e-07       2.609e-07       1.422e-07       2.540e-06       6.240e-04       1.239e-02       2.635e-02       1.451e-02       1.484e-03       
  3.05      1.286e-07       8.425e-08       6.279e-08       8.862e-08       8.509e-08       4.637e-08       1.043e-06       4.151e-04       9.823e-03       2.204e-02       1.171e-02       1.030e-03       
  3.15      4.116e-08       2.696e-08       2.009e-08       2.836e-08       2.723e-08       1.484e-08       4.219e-07       2.743e-04       7.734e-03       1.832e-02       9.379e-03       7.104e-04       
  3.25      1.293e-08       8.467e-09       6.311e-09       8.906e-09       8.552e-09       4.660e-09       1.680e-07       1.801e-04       6.049e-03       1.512e-02       7.468e-03       4.864e-04       
  3.35      3.987e-09       2.611e-09       1.946e-09       2.746e-09       2.637e-09       1.437e-09       6.595e-08       1.175e-04       4.700e-03       1.240e-02       5.908e-03       3.307e-04       
  3.45      1.207e-09       7.908e-10       5.894e-10       8.318e-10       7.987e-10       4.352e-10       2.551e-08       7.621e-05       3.627e-03       1.010e-02       4.644e-03       2.233e-04       
  3.55      3.592e-10       2.353e-10       1.754e-10       2.475e-10       2.376e-10       1.295e-10       9.725e-09       4.913e-05       2.781e-03       8.168e-03       3.627e-03       1.498e-04       
  3.65      1.050e-10       6.878e-11       5.126e-11       7.235e-11       6.947e-11       3.785e-11       3.655e-09       3.148e-05       2.118e-03       6.562e-03       2.815e-03       9.981e-05       
  3.75      3.017e-11       1.976e-11       1.473e-11       2.079e-11       1.996e-11       1.088e-11       1.355e-09       2.005e-05       1.603e-03       5.237e-03       2.171e-03       6.606e-05       
  3.85      8.523e-12       5.582e-12       4.160e-12       5.872e-12       5.638e-12       3.072e-12       4.951e-10       1.270e-05       1.205e-03       4.151e-03       1.664e-03       4.344e-05       
  3.95      2.367e-12       1.550e-12       1.155e-12       1.631e-12       1.566e-12       8.532e-13       1.785e-10       7.997e-06       9.001e-04       3.267e-03       1.268e-03       2.838e-05       
  4.05      6.456e-13       4.229e-13       3.152e-13       4.448e-13       4.271e-13       2.327e-13       6.340e-11       5.003e-06       6.675e-04       2.553e-03       9.587e-04       1.841e-05       
  4.15      1.721e-13       1.127e-13       8.401e-14       1.186e-13       1.138e-13       6.203e-14       2.205e-11       3.093e-06       4.895e-04       1.973e-03       7.174e-04       1.179e-05       
  4.25      4.720e-14       3.091e-14       2.304e-14       3.252e-14       3.122e-14       1.701e-14       7.814e-12       1.922e-06       3.588e-04       1.521e-03       5.365e-04       7.580e-06       
  4.35      1.288e-14       8.434e-15       6.286e-15       8.871e-15       8.518e-15       4.641e-15       2.753e-12       1.190e-06       2.616e-04       1.166e-03       3.991e-04       4.850e-06       
  4.45      3.489e-15       2.285e-15       1.703e-15       2.403e-15       2.308e-15       1.258e-15       9.629e-13       7.334e-07       1.896e-04       8.877e-04       2.952e-04       3.087e-06       
  4.55      9.390e-16       6.150e-16       4.584e-16       6.469e-16       6.212e-16       3.385e-16       3.346e-13       4.504e-07       1.366e-04       6.716e-04       2.171e-04       1.956e-06       
  4.65      2.512e-16       1.645e-16       1.226e-16       1.730e-16       1.662e-16       9.054e-17       1.155e-13       2.755e-07       9.793e-05       5.048e-04       1.588e-04       1.233e-06       
  4.75      6.678e-17       4.374e-17       3.260e-17       4.601e-17       4.418e-17       2.407e-17       3.965e-14       1.678e-07       6.976e-05       3.769e-04       1.155e-04       7.735e-07       
  4.85      1.763e-17       1.155e-17       8.608e-18       1.215e-17       1.166e-17       6.356e-18       1.350e-14       1.016e-07       4.934e-05       2.792e-04       8.337e-05       4.821e-07       
  4.95      4.637e-18       3.037e-18       2.264e-18       3.195e-18       3.068e-18       1.672e-18       4.577e-15       6.133e-08       3.470e-05       2.055e-04       5.986e-05       2.991e-07       
  5.05      1.233e-18       8.079e-19       6.021e-19       8.498e-19       8.159e-19       4.446e-19       1.564e-15       3.706e-08       2.435e-05       1.507e-04       4.287e-05       1.856e-07       
  5.15      3.330e-19       2.181e-19       1.626e-19       2.294e-19       2.203e-19       1.200e-19       5.385e-16       2.240e-08       1.703e-05       1.100e-04       3.060e-05       1.150e-07       
  5.25      9.033e-20       5.917e-20       4.410e-20       6.223e-20       5.976e-20       3.256e-20       1.857e-16       1.351e-08       1.186e-05       7.982e-05       2.175e-05       7.111e-08       
  5.35      2.453e-20       1.607e-20       1.197e-20       1.690e-20       1.623e-20       8.842e-21       6.399e-17       8.132e-09       8.216e-06       5.760e-05       1.538e-05       4.381e-08       
  5.45      6.666e-21       4.366e-21       3.254e-21       4.593e-21       4.410e-21       2.403e-21       2.203e-17       4.880e-09       5.664e-06       4.131e-05       1.082e-05       2.689e-08       
  5.55      1.813e-21       1.187e-21       8.849e-22       1.249e-21       1.199e-21       6.534e-22       7.574e-18       2.921e-09       3.885e-06       2.945e-05       7.577e-06       1.645e-08       
  5.65      4.937e-22       3.234e-22       2.410e-22       3.401e-22       3.266e-22       1.780e-22       2.605e-18       1.746e-09       2.656e-06       2.089e-05       5.286e-06       1.004e-08       
  5.75      1.352e-22       8.857e-23       6.601e-23       9.316e-23       8.945e-23       4.874e-23       9.007e-19       1.046e-09       1.813e-06       1.479e-05       3.682e-06       6.139e-09       
  5.85      3.755e-23       2.460e-23       1.833e-23       2.587e-23       2.484e-23       1.354e-23       3.150e-19       6.289e-10       1.237e-06       1.044e-05       2.563e-06       3.761e-09       
  5.95      1.064e-23       6.972e-24       5.196e-24       7.333e-24       7.041e-24       3.837e-24       1.118e-19       3.790e-10       8.430e-07       7.353e-06       1.781e-06       2.307e-09       
  6.05      3.075e-24       2.014e-24       1.501e-24       2.118e-24       2.034e-24       1.108e-24       4.013e-20       2.286e-10       5.731e-07       5.160e-06       1.234e-06       1.416e-09       
  6.15      8.998e-25       5.893e-25       4.392e-25       6.199e-25       5.952e-25       3.243e-25       1.451e-20       1.379e-10       3.887e-07       3.608e-06       8.532e-07       8.680e-10       
  6.25      2.653e-25       1.738e-25       1.295e-25       1.828e-25       1.755e-25       9.563e-26       5.265e-21       8.322e-11       2.631e-07       2.515e-06       5.885e-07       5.320e-10       
  6.35      7.868e-26       5.153e-26       3.841e-26       5.420e-26       5.205e-26       2.836e-26       1.918e-21       5.028e-11       1.778e-07       1.749e-06       4.054e-07       3.262e-10       
  6.45      2.347e-26       1.537e-26       1.146e-26       1.617e-26       1.552e-26       8.458e-27       7.022e-22       3.045e-11       1.202e-07       1.215e-06       2.792e-07       2.004e-10       
  6.55      7.048e-27       4.616e-27       3.440e-27       4.855e-27       4.662e-27       2.540e-27       2.587e-22       1.849e-11       8.124e-08       8.427e-07       1.922e-07       1.234e-10       
  6.65      2.137e-27       1.400e-27       1.043e-27       1.472e-27       1.413e-27       7.702e-28       9.612e-23       1.127e-11       5.493e-08       5.841e-07       1.323e-07       7.615e-11       
  6.75      6.559e-28       4.296e-28       3.202e-28       4.519e-28       4.339e-28       2.364e-28       3.611e-23       6.890e-12       3.714e-08       4.044e-07       9.109e-08       4.711e-11       
  6.85      2.043e-28       1.338e-28       9.973e-29       1.407e-28       1.351e-28       7.364e-29       1.371e-23       4.221e-12       2.510e-08       2.795e-07       6.266e-08       2.919e-11       
  6.95      6.459e-29       4.231e-29       3.153e-29       4.450e-29       4.273e-29       2.328e-29       5.262e-24       2.590e-12       1.695e-08       1.929e-07       4.306e-08       1.810e-11       
  7.05      2.070e-29       1.356e-29       1.010e-29       1.426e-29       1.369e-29       7.461e-30       2.036e-24       1.592e-12       1.144e-08       1.329e-07       2.956e-08       1.124e-11       
  7.15      6.704e-30       4.391e-30       3.273e-30       4.619e-30       4.435e-30       2.417e-30       7.925e-25       9.790e-13       7.711e-09       9.138e-08       2.028e-08       6.979e-12       
  7.25      2.189e-30       1.434e-30       1.069e-30       1.508e-30       1.448e-30       7.891e-31       3.100e-25       6.027e-13       5.194e-09       6.272e-08       1.389e-08       4.336e-12       
  7.35      7.195e-31       4.713e-31       3.512e-31       4.957e-31       4.760e-31       2.594e-31       1.218e-25       3.714e-13       3.495e-09       4.298e-08       9.506e-09       2.695e-12       
  7.45      2.378e-31       1.557e-31       1.161e-31       1.638e-31       1.573e-31       8.570e-32       4.801e-26       2.291e-13       2.350e-09       2.940e-08       6.499e-09       1.676e-12       
  7.55      7.895e-32       5.171e-32       3.854e-32       5.439e-32       5.223e-32       2.846e-32       1.900e-26       1.414e-13       1.579e-09       2.008e-08       4.439e-09       1.043e-12       
  7.65      2.634e-32       1.725e-32       1.286e-32       1.815e-32       1.742e-32       9.495e-33       7.540e-27       8.736e-14       1.060e-09       1.369e-08       3.029e-09       6.488e-13       
  7.75      8.828e-33       5.782e-33       4.309e-33       6.082e-33       5.839e-33       3.182e-33       3.003e-27       5.401e-14       7.108e-10       9.320e-09       2.065e-09       4.039e-13       
  7.85      2.971e-33       1.946e-33       1.450e-33       2.047e-33       1.965e-33       1.071e-33       1.200e-27       3.342e-14       4.764e-10       6.335e-09       1.407e-09       2.516e-13       
  8.00      5.847e-34       3.830e-34       2.854e-34       4.028e-34       3.868e-34       2.108e-34       3.046e-28       1.629e-14       2.610e-10       3.541e-09       7.897e-10       1.237e-13       