* De conditionele overschrijdingskans van de zeewaterstand zonder statistische onzekerheid gegeven de windrichting
* voor een 12-uursperiode te Delfzijl, gelegen op locatie: 
* 258000, 594430
* 
* Deze statistiek is afgeleid met dezelfde methode als gebruikt in 3280.20.03.
* De door Deltares op 10 november 2016 aangeleverde statistiek is gebruikt als bron.
*
* Het waterstandsbereik waarvoor de overschrijdingskansen zijn gegeven is het hoogwater 2017 tot 8.00 m + NAP
* met een stapgrootte van 0.1 m. De laatste stapgrootte kan afwijken om op 8.00 m uit te komen. Hierbij wordt
* een stapgrootte van minimaal 6 en maximaal 15 cm gekozen.
* 
* Door: G.W.F. Rongen van HKV lijn in water
* Project: PR3510.10
*
* m (m+NAP) 30              60              90              120             150             180             210             240             270             300             330             360
  1.42      1.000e+00       1.000e+00       1.000e+00       1.000e+00       1.000e+00       1.000e+00       1.000e+00       1.000e+00       1.000e+00       1.000e+00       1.000e+00       1.000e+00       
  1.52      3.784e-01       3.286e-01       2.979e-01       3.342e-01       3.297e-01       2.693e-01       3.193e-01       3.666e-01       4.954e-01       5.172e-01       4.915e-01       4.050e-01       
  1.62      1.432e-01       1.080e-01       8.876e-02       1.117e-01       1.087e-01       7.251e-02       1.019e-01       1.344e-01       2.454e-01       2.675e-01       2.415e-01       1.641e-01       
  1.72      5.417e-02       3.548e-02       2.645e-02       3.732e-02       3.584e-02       1.953e-02       3.254e-02       4.925e-02       1.216e-01       1.383e-01       1.187e-01       6.645e-02       
  1.82      2.401e-02       1.572e-02       1.172e-02       1.654e-02       1.588e-02       8.654e-03       1.723e-02       3.684e-02       1.066e-01       1.270e-01       1.054e-01       5.214e-02       
  1.92      1.036e-02       6.788e-03       5.059e-03       7.140e-03       6.855e-03       3.735e-03       8.933e-03       2.731e-02       9.288e-02       1.160e-01       9.298e-02       4.056e-02       
  2.02      4.359e-03       2.855e-03       2.128e-03       3.003e-03       2.884e-03       1.571e-03       4.535e-03       2.007e-02       8.037e-02       1.053e-01       8.152e-02       3.127e-02       
  2.12      1.788e-03       1.171e-03       8.729e-04       1.232e-03       1.183e-03       6.446e-04       2.256e-03       1.463e-02       6.907e-02       9.502e-02       7.103e-02       2.390e-02       
  2.22      7.156e-04       4.687e-04       3.493e-04       4.930e-04       4.734e-04       2.579e-04       1.100e-03       1.058e-02       5.897e-02       8.525e-02       6.150e-02       1.811e-02       
  2.32      2.795e-04       1.831e-04       1.364e-04       1.926e-04       1.849e-04       1.007e-04       5.256e-04       7.589e-03       5.002e-02       7.604e-02       5.292e-02       1.361e-02       
  2.42      1.066e-04       6.982e-05       5.204e-05       7.344e-05       7.051e-05       3.842e-05       2.464e-04       5.401e-03       4.214e-02       6.741e-02       4.525e-02       1.015e-02       
  2.52      3.971e-05       2.601e-05       1.939e-05       2.736e-05       2.627e-05       1.432e-05       1.134e-04       3.814e-03       3.528e-02       5.941e-02       3.846e-02       7.501e-03       
  2.62      1.446e-05       9.471e-06       7.059e-06       9.962e-06       9.566e-06       5.212e-06       5.119e-05       2.674e-03       2.934e-02       5.204e-02       3.248e-02       5.502e-03       
  2.72      5.147e-06       3.372e-06       2.513e-06       3.546e-06       3.405e-06       1.855e-06       2.269e-05       1.860e-03       2.424e-02       4.531e-02       2.727e-02       4.003e-03       
  2.82      1.792e-06       1.174e-06       8.748e-07       1.235e-06       1.185e-06       6.459e-07       9.876e-06       1.285e-03       1.990e-02       3.921e-02       2.275e-02       2.890e-03       
  2.92      6.103e-07       3.997e-07       2.979e-07       4.205e-07       4.037e-07       2.200e-07       4.223e-06       8.812e-04       1.623e-02       3.372e-02       1.886e-02       2.071e-03       
  3.02      2.034e-07       1.332e-07       9.930e-08       1.401e-07       1.346e-07       7.332e-08       1.774e-06       6.001e-04       1.315e-02       2.881e-02       1.554e-02       1.472e-03       
  3.12      6.637e-08       4.347e-08       3.240e-08       4.572e-08       4.390e-08       2.392e-08       7.323e-07       4.058e-04       1.059e-02       2.447e-02       1.273e-02       1.039e-03       
  3.22      2.120e-08       1.389e-08       1.035e-08       1.461e-08       1.403e-08       7.643e-09       2.972e-07       2.726e-04       8.468e-03       2.065e-02       1.036e-02       7.278e-04       
  3.32      6.635e-09       4.346e-09       3.239e-09       4.571e-09       4.389e-09       2.392e-09       1.186e-07       1.819e-04       6.731e-03       1.732e-02       8.386e-03       5.060e-04       
  3.42      2.034e-09       1.332e-09       9.930e-10       1.401e-09       1.346e-09       7.332e-10       4.652e-08       1.205e-04       5.316e-03       1.443e-02       6.745e-03       3.493e-04       
  3.52      6.111e-10       4.003e-10       2.983e-10       4.210e-10       4.043e-10       2.203e-10       1.795e-08       7.936e-05       4.172e-03       1.195e-02       5.391e-03       2.393e-04       
  3.62      1.800e-10       1.179e-10       8.786e-11       1.240e-10       1.191e-10       6.488e-11       6.816e-09       5.192e-05       3.253e-03       9.832e-03       4.284e-03       1.628e-04       
  3.72      5.197e-11       3.404e-11       2.537e-11       3.580e-11       3.438e-11       1.873e-11       2.546e-09       3.375e-05       2.521e-03       8.037e-03       3.383e-03       1.100e-04       
  3.82      1.472e-11       9.638e-12       7.183e-12       1.014e-11       9.734e-12       5.304e-12       9.359e-10       2.180e-05       1.941e-03       6.527e-03       2.656e-03       7.380e-05       
  3.92      4.087e-12       2.677e-12       1.995e-12       2.816e-12       2.704e-12       1.473e-12       3.386e-10       1.399e-05       1.485e-03       5.266e-03       2.072e-03       4.916e-05       
  4.02      1.114e-12       7.295e-13       5.437e-13       7.673e-13       7.367e-13       4.014e-13       1.206e-10       8.929e-06       1.130e-03       4.221e-03       1.607e-03       3.253e-05       
  4.12      2.978e-13       1.951e-13       1.454e-13       2.052e-13       1.970e-13       1.073e-13       4.230e-11       5.662e-06       8.535e-04       3.361e-03       1.239e-03       2.137e-05       
  4.22      7.815e-14       5.119e-14       3.815e-14       5.384e-14       5.170e-14       2.817e-14       1.461e-11       3.569e-06       6.409e-04       2.658e-03       9.494e-04       1.395e-05       
  4.32      2.013e-14       1.319e-14       9.829e-15       1.387e-14       1.332e-14       7.257e-15       4.970e-12       2.237e-06       4.783e-04       2.089e-03       7.232e-04       9.043e-06       
  4.42      5.093e-15       3.336e-15       2.486e-15       3.509e-15       3.369e-15       1.836e-15       1.665e-12       1.393e-06       3.547e-04       1.630e-03       5.476e-04       5.824e-06       
  4.52      1.265e-15       8.285e-16       6.175e-16       8.715e-16       8.368e-16       4.560e-16       5.496e-13       8.629e-07       2.614e-04       1.264e-03       4.122e-04       3.726e-06       
  4.62      3.086e-16       2.021e-16       1.507e-16       2.126e-16       2.041e-16       1.112e-16       1.788e-13       5.313e-07       1.915e-04       9.735e-04       3.084e-04       2.368e-06       
  4.72      7.396e-17       4.844e-17       3.610e-17       5.095e-17       4.892e-17       2.666e-17       5.729e-14       3.253e-07       1.394e-04       7.447e-04       2.294e-04       1.495e-06       
  4.82      1.741e-17       1.141e-17       8.501e-18       1.200e-17       1.152e-17       6.277e-18       1.810e-14       1.981e-07       1.008e-04       5.658e-04       1.696e-04       9.379e-07       
  4.92      4.029e-18       2.639e-18       1.967e-18       2.776e-18       2.665e-18       1.452e-18       5.634e-15       1.199e-07       7.251e-05       4.270e-04       1.246e-04       5.846e-07       
  5.02      9.162e-19       6.001e-19       4.473e-19       6.312e-19       6.061e-19       3.303e-19       1.729e-15       7.220e-08       5.181e-05       3.200e-04       9.105e-05       3.621e-07       
  5.12      2.048e-19       1.341e-19       9.997e-20       1.411e-19       1.355e-19       7.381e-20       5.232e-16       4.323e-08       3.680e-05       2.382e-04       6.613e-05       2.228e-07       
  5.22      4.500e-20       2.947e-20       2.197e-20       3.100e-20       2.976e-20       1.622e-20       1.561e-16       2.575e-08       2.597e-05       1.761e-04       4.774e-05       1.363e-07       
  5.32      9.721e-21       6.367e-21       4.745e-21       6.697e-21       6.430e-21       3.504e-21       4.592e-17       1.525e-08       1.822e-05       1.293e-04       3.426e-05       8.282e-08       
  5.42      2.065e-21       1.353e-21       1.008e-21       1.423e-21       1.366e-21       7.444e-22       1.332e-17       8.986e-09       1.271e-05       9.424e-05       2.445e-05       5.002e-08       
  5.52      4.314e-22       2.826e-22       2.106e-22       2.972e-22       2.854e-22       1.555e-22       3.813e-18       5.266e-09       8.805e-06       6.824e-05       1.734e-05       3.003e-08       
  5.62      8.866e-23       5.807e-23       4.328e-23       6.108e-23       5.865e-23       3.196e-23       1.076e-18       3.070e-09       6.065e-06       4.906e-05       1.223e-05       1.791e-08       
  5.72      1.792e-23       1.174e-23       8.750e-24       1.235e-23       1.186e-23       6.461e-24       2.997e-19       1.781e-09       4.153e-06       3.503e-05       8.570e-06       1.062e-08       
  5.82      3.565e-24       2.335e-24       1.740e-24       2.456e-24       2.358e-24       1.285e-24       8.235e-20       1.027e-09       2.826e-06       2.483e-05       5.972e-06       6.260e-09       
  5.92      6.976e-25       4.569e-25       3.405e-25       4.806e-25       4.615e-25       2.515e-25       2.233e-20       5.898e-10       1.911e-06       1.748e-05       4.137e-06       3.667e-09       
  6.02      1.343e-25       8.799e-26       6.558e-26       9.256e-26       8.887e-26       4.843e-26       5.973e-21       3.368e-10       1.285e-06       1.222e-05       2.849e-06       2.136e-09       
  6.12      2.546e-26       1.668e-26       1.243e-26       1.754e-26       1.684e-26       9.178e-27       1.577e-21       1.914e-10       8.586e-07       8.483e-06       1.951e-06       1.236e-09       
  6.22      4.750e-27       3.111e-27       2.319e-27       3.273e-27       3.142e-27       1.712e-27       4.109e-22       1.082e-10       5.703e-07       5.847e-06       1.328e-06       7.114e-10       
  6.32      8.723e-28       5.714e-28       4.258e-28       6.010e-28       5.770e-28       3.144e-28       1.057e-22       6.089e-11       3.765e-07       4.001e-06       8.987e-07       4.070e-10       
  6.42      1.577e-28       1.033e-28       7.699e-29       1.087e-28       1.043e-28       5.685e-29       2.683e-23       3.409e-11       2.471e-07       2.718e-06       6.046e-07       2.314e-10       
  6.52      2.807e-29       1.839e-29       1.370e-29       1.934e-29       1.857e-29       1.012e-29       6.724e-24       1.899e-11       1.612e-07       1.834e-06       4.044e-07       1.309e-10       
  6.62      4.921e-30       3.223e-30       2.402e-30       3.390e-30       3.255e-30       1.774e-30       1.664e-24       1.053e-11       1.045e-07       1.228e-06       2.689e-07       7.356e-11       
  6.72      8.495e-31       5.564e-31       4.147e-31       5.852e-31       5.619e-31       3.062e-31       4.065e-25       5.808e-12       6.737e-08       8.166e-07       1.777e-07       4.112e-11       
  6.82      1.444e-31       9.459e-32       7.050e-32       9.949e-32       9.553e-32       5.206e-32       9.808e-26       3.189e-12       4.316e-08       5.391e-07       1.168e-07       2.285e-11       
  6.92      2.418e-32       1.584e-32       1.181e-32       1.666e-32       1.600e-32       8.717e-33       2.337e-26       1.743e-12       2.749e-08       3.533e-07       7.633e-08       1.262e-11       
  7.02      3.989e-33       2.613e-33       1.947e-33       2.748e-33       2.639e-33       1.438e-33       5.498e-27       9.479e-13       1.740e-08       2.299e-07       4.958e-08       6.936e-12       
  7.12      6.483e-34       4.246e-34       3.165e-34       4.466e-34       4.289e-34       2.337e-34       1.278e-27       5.131e-13       1.095e-08       1.485e-07       3.202e-08       3.789e-12       
  7.22      1.038e-34       6.799e-35       5.067e-35       7.151e-35       6.866e-35       3.742e-35       2.932e-28       2.765e-13       6.851e-09       9.519e-08       2.056e-08       2.058e-12       
  7.32      1.638e-35       1.073e-35       7.994e-36       1.128e-35       1.083e-35       5.903e-36       6.648e-29       1.483e-13       4.261e-09       6.059e-08       1.313e-08       1.112e-12       
  7.42      2.546e-36       1.668e-36       1.243e-36       1.754e-36       1.684e-36       9.177e-37       1.489e-29       7.916e-14       2.634e-09       3.829e-08       8.332e-09       5.974e-13       
  7.52      3.901e-37       2.555e-37       1.904e-37       2.687e-37       2.580e-37       1.406e-37       3.295e-30       4.207e-14       1.619e-09       2.401e-08       5.257e-09       3.191e-13       
  7.62      5.890e-38       3.858e-38       2.875e-38       4.058e-38       3.896e-38       2.123e-38       7.203e-31       2.225e-14       9.888e-10       1.495e-08       3.298e-09       1.695e-13       
  7.72      8.766e-39       5.742e-39       4.279e-39       6.039e-39       5.799e-39       3.160e-39       1.556e-31       1.172e-14       6.005e-10       9.241e-09       2.057e-09       8.958e-14       
  7.82      1.286e-39       8.424e-40       6.278e-40       8.860e-40       8.507e-40       4.636e-40       3.321e-32       6.143e-15       3.625e-10       5.669e-09       1.276e-09       4.708e-14       
  7.92      1.860e-40       1.218e-40       9.080e-41       1.281e-40       1.230e-40       6.705e-41       7.004e-33       3.206e-15       2.176e-10       3.452e-09       7.867e-10       2.460e-14       
  8.00      3.920e-41       2.568e-41       1.914e-41       2.701e-41       2.593e-41       1.413e-41       1.999e-33       1.900e-15       1.440e-10       2.309e-09       5.321e-10       1.458e-14       