* De conditionele overschrijdingskans van de zeewaterstand zonder statistische onzekerheid gegeven de windrichting
* voor een 12-uursperiode te Delfzijl, gelegen op locatie: 
* 258000, 594430
* 
* Het waterstandsbereik waarvoor de overschrijdingskansen zijn gegeven is het hoogwater 1991 tot 8.00 m + NAP
* met een stapgrootte van 0.1 m. De laatste stapgrootte kan afwijken om op 8.00 m uit te komen. Hierbij wordt
* een stapgrootte van mimimaal 6 en maximaal 15 cm gekozen.
* 
* Betreft zichtjaar 1985 (het jaar waarvoor de basispeilen zijn afgeleid); 
* zeespiegelstijging sinds 1985 moet apart in rekening worden gebracht.
*
* Door: G.W.F. Rongen van HKV lijn in water
* Project: PR3280.20.03
*
* m (m+NAP) 30              60              90              120             150             180             210             240             270             300             330             360
  1.35      1.000e+00       1.000e+00       1.000e+00       1.000e+00       1.000e+00       1.000e+00       1.000e+00       1.000e+00       1.000e+00       1.000e+00       1.000e+00       1.000e+00       
  1.45      5.031e-01       4.369e-01       3.961e-01       4.443e-01       4.383e-01       3.580e-01       3.896e-01       4.043e-01       5.151e-01       5.300e-01       5.088e-01       4.400e-01       
  1.55      2.531e-01       1.909e-01       1.569e-01       1.974e-01       1.921e-01       1.282e-01       1.518e-01       1.635e-01       2.654e-01       2.809e-01       2.589e-01       1.936e-01       
  1.65      1.273e-01       8.339e-02       6.215e-02       8.771e-02       8.422e-02       4.589e-02       5.913e-02       6.609e-02       1.367e-01       1.488e-01       1.317e-01       8.519e-02       
  1.75      5.498e-02       3.601e-02       2.684e-02       3.788e-02       3.637e-02       1.982e-02       3.047e-02       4.845e-02       1.186e-01       1.354e-01       1.158e-01       6.564e-02       
  1.85      2.316e-02       1.517e-02       1.130e-02       1.595e-02       1.532e-02       8.347e-03       1.539e-02       3.521e-02       1.022e-01       1.225e-01       1.011e-01       5.012e-02       
  1.95      9.521e-03       6.236e-03       4.648e-03       6.560e-03       6.298e-03       3.432e-03       7.625e-03       2.538e-02       8.746e-02       1.101e-01       8.768e-02       3.794e-02       
  2.05      3.824e-03       2.504e-03       1.867e-03       2.634e-03       2.529e-03       1.378e-03       3.706e-03       1.814e-02       7.430e-02       9.828e-02       7.552e-02       2.847e-02       
  2.15      1.501e-03       9.829e-04       7.326e-04       1.034e-03       9.927e-04       5.409e-04       1.768e-03       1.287e-02       6.267e-02       8.721e-02       6.462e-02       2.119e-02       
  2.25      5.759e-04       3.772e-04       2.811e-04       3.967e-04       3.809e-04       2.076e-04       8.286e-04       9.055e-03       5.249e-02       7.689e-02       5.492e-02       1.564e-02       
  2.35      2.162e-04       1.416e-04       1.055e-04       1.489e-04       1.430e-04       7.793e-05       3.814e-04       6.324e-03       4.365e-02       6.736e-02       4.637e-02       1.145e-02       
  2.45      7.943e-05       5.203e-05       3.878e-05       5.472e-05       5.254e-05       2.863e-05       1.726e-04       4.384e-03       3.606e-02       5.862e-02       3.890e-02       8.319e-03       
  2.55      2.858e-05       1.872e-05       1.395e-05       1.969e-05       1.890e-05       1.030e-05       7.675e-05       3.017e-03       2.958e-02       5.069e-02       3.241e-02       5.997e-03       
  2.65      1.007e-05       6.596e-06       4.916e-06       6.938e-06       6.662e-06       3.630e-06       3.357e-05       2.062e-03       2.409e-02       4.355e-02       2.683e-02       4.289e-03       
  2.75      3.478e-06       2.278e-06       1.698e-06       2.396e-06       2.301e-06       1.254e-06       1.445e-05       1.399e-03       1.949e-02       3.717e-02       2.207e-02       3.045e-03       
  2.85      1.177e-06       7.712e-07       5.748e-07       8.111e-07       7.788e-07       4.244e-07       6.117e-06       9.432e-04       1.567e-02       3.152e-02       1.803e-02       2.146e-03       
  2.95      3.909e-07       2.560e-07       1.908e-07       2.693e-07       2.586e-07       1.409e-07       2.549e-06       6.315e-04       1.250e-02       2.655e-02       1.464e-02       1.501e-03       
  3.05      1.273e-07       8.337e-08       6.214e-08       8.769e-08       8.420e-08       4.588e-08       1.046e-06       4.200e-04       9.914e-03       2.221e-02       1.181e-02       1.042e-03       
  3.15      4.067e-08       2.664e-08       1.986e-08       2.802e-08       2.691e-08       1.466e-08       4.227e-07       2.776e-04       7.807e-03       1.846e-02       9.463e-03       7.187e-04       
  3.25      1.276e-08       8.356e-09       6.228e-09       8.789e-09       8.439e-09       4.599e-09       1.683e-07       1.823e-04       6.107e-03       1.524e-02       7.535e-03       4.921e-04       
  3.35      3.929e-09       2.573e-09       1.918e-09       2.707e-09       2.599e-09       1.416e-09       6.599e-08       1.189e-04       4.746e-03       1.250e-02       5.962e-03       3.346e-04       
  3.45      1.188e-09       7.782e-10       5.800e-10       8.186e-10       7.860e-10       4.283e-10       2.550e-08       7.714e-05       3.663e-03       1.018e-02       4.687e-03       2.260e-04       
  3.55      3.530e-10       2.312e-10       1.723e-10       2.432e-10       2.335e-10       1.272e-10       9.716e-09       4.972e-05       2.809e-03       8.239e-03       3.662e-03       1.516e-04       
  3.65      1.031e-10       6.750e-11       5.031e-11       7.100e-11       6.817e-11       3.715e-11       3.649e-09       3.186e-05       2.140e-03       6.621e-03       2.843e-03       1.010e-04       
  3.75      2.957e-11       1.937e-11       1.443e-11       2.037e-11       1.956e-11       1.066e-11       1.351e-09       2.030e-05       1.619e-03       5.284e-03       2.193e-03       6.686e-05       
  3.85      8.339e-12       5.462e-12       4.071e-12       5.745e-12       5.516e-12       3.006e-12       4.935e-10       1.285e-05       1.218e-03       4.189e-03       1.681e-03       4.397e-05       
  3.95      2.313e-12       1.515e-12       1.129e-12       1.593e-12       1.530e-12       8.336e-13       1.778e-10       8.094e-06       9.096e-04       3.298e-03       1.280e-03       2.872e-05       
  4.05      6.308e-13       4.131e-13       3.079e-13       4.346e-13       4.173e-13       2.274e-13       6.318e-11       5.068e-06       6.751e-04       2.579e-03       9.692e-04       1.865e-05       
  4.15      1.692e-13       1.108e-13       8.261e-14       1.166e-13       1.119e-13       6.100e-14       2.216e-11       3.156e-06       4.978e-04       2.002e-03       7.291e-04       1.203e-05       
  4.25      4.467e-14       2.926e-14       2.181e-14       3.077e-14       2.955e-14       1.610e-14       7.668e-12       1.954e-06       3.647e-04       1.544e-03       5.450e-04       7.711e-06       
  4.35      1.160e-14       7.600e-15       5.664e-15       7.994e-15       7.675e-15       4.182e-15       2.619e-12       1.204e-06       2.655e-04       1.183e-03       4.049e-04       4.913e-06       
  4.45      2.966e-15       1.943e-15       1.448e-15       2.044e-15       1.962e-15       1.069e-15       8.832e-13       7.373e-07       1.920e-04       8.994e-04       2.990e-04       3.110e-06       
  4.55      7.465e-16       4.890e-16       3.644e-16       5.143e-16       4.938e-16       2.691e-16       2.940e-13       4.492e-07       1.380e-04       6.793e-04       2.194e-04       1.957e-06       
  4.65      1.850e-16       1.212e-16       9.030e-17       1.274e-16       1.224e-16       6.667e-17       9.666e-14       2.723e-07       9.853e-05       5.094e-04       1.600e-04       1.224e-06       
  4.75      4.513e-17       2.956e-17       2.203e-17       3.109e-17       2.986e-17       1.627e-17       3.138e-14       1.642e-07       6.991e-05       3.794e-04       1.159e-04       7.613e-07       
  4.85      1.085e-17       7.104e-18       5.294e-18       7.472e-18       7.174e-18       3.909e-18       1.006e-14       9.850e-08       4.929e-05       2.806e-04       8.351e-05       4.705e-07       
  4.95      2.567e-18       1.682e-18       1.253e-18       1.769e-18       1.698e-18       9.254e-19       3.187e-15       5.879e-08       3.453e-05       2.060e-04       5.978e-05       2.891e-07       
  5.05      5.987e-19       3.921e-19       2.923e-19       4.125e-19       3.961e-19       2.158e-19       9.973e-16       3.492e-08       2.404e-05       1.502e-04       4.254e-05       1.766e-07       
  5.15      1.376e-19       9.011e-20       6.716e-20       9.478e-20       9.101e-20       4.959e-20       3.084e-16       2.063e-08       1.663e-05       1.088e-04       3.008e-05       1.073e-07       
  5.25      3.115e-20       2.041e-20       1.521e-20       2.146e-20       2.061e-20       1.123e-20       9.421e-17       1.213e-08       1.144e-05       7.819e-05       2.114e-05       6.478e-08       
  5.35      6.953e-21       4.554e-21       3.394e-21       4.790e-21       4.600e-21       2.506e-21       2.845e-17       7.099e-09       7.814e-06       5.581e-05       1.477e-05       3.890e-08       
  5.45      1.530e-21       1.002e-21       7.468e-22       1.054e-21       1.012e-21       5.514e-22       8.489e-18       4.134e-09       5.306e-06       3.955e-05       1.026e-05       2.322e-08       
  5.55      3.318e-22       2.173e-22       1.620e-22       2.286e-22       2.195e-22       1.196e-22       2.504e-18       2.396e-09       3.580e-06       2.783e-05       7.078e-06       1.379e-08       
  5.65      7.096e-23       4.648e-23       3.464e-23       4.888e-23       4.694e-23       2.558e-23       7.302e-19       1.382e-09       2.401e-06       1.944e-05       4.855e-06       8.141e-09       
  5.75      1.496e-23       9.801e-24       7.305e-24       1.031e-23       9.899e-24       5.394e-24       2.105e-19       7.935e-10       1.600e-06       1.349e-05       3.310e-06       4.780e-09       
  5.85      3.112e-24       2.038e-24       1.519e-24       2.144e-24       2.059e-24       1.122e-24       6.002e-20       4.534e-10       1.060e-06       9.288e-06       2.244e-06       2.791e-09       
  5.95      6.384e-25       4.182e-25       3.117e-25       4.398e-25       4.223e-25       2.301e-25       1.692e-20       2.579e-10       6.975e-07       6.350e-06       1.511e-06       1.621e-09       
  6.05      1.292e-25       8.462e-26       6.307e-26       8.901e-26       8.546e-26       4.657e-26       4.717e-21       1.461e-10       4.563e-07       4.311e-06       1.012e-06       9.364e-10       
  6.15      2.579e-26       1.689e-26       1.259e-26       1.777e-26       1.706e-26       9.297e-27       1.301e-21       8.232e-11       2.967e-07       2.905e-06       6.736e-07       5.380e-10       
  6.25      5.081e-27       3.328e-27       2.480e-27       3.500e-27       3.361e-27       1.831e-27       3.547e-22       4.620e-11       1.917e-07       1.943e-06       4.457e-07       3.075e-10       
  6.35      9.876e-28       6.469e-28       4.821e-28       6.804e-28       6.533e-28       3.560e-28       9.568e-23       2.581e-11       1.231e-07       1.291e-06       2.931e-07       1.748e-10       
  6.45      1.895e-28       1.241e-28       9.248e-29       1.305e-28       1.253e-28       6.829e-29       2.554e-23       1.435e-11       7.861e-08       8.511e-07       1.916e-07       9.883e-11       
  6.55      3.587e-29       2.349e-29       1.751e-29       2.471e-29       2.373e-29       1.293e-29       6.743e-24       7.949e-12       4.988e-08       5.571e-07       1.245e-07       5.559e-11       
  6.65      6.703e-30       4.391e-30       3.272e-30       4.618e-30       4.434e-30       2.416e-30       1.762e-24       4.383e-12       3.146e-08       3.620e-07       8.044e-08       3.111e-11       
  6.75      1.237e-30       8.100e-31       6.037e-31       8.520e-31       8.181e-31       4.458e-31       4.554e-25       2.406e-12       1.972e-08       2.335e-07       5.165e-08       1.732e-11       
  6.85      2.252e-31       1.475e-31       1.100e-31       1.552e-31       1.490e-31       8.119e-32       1.165e-25       1.315e-12       1.228e-08       1.495e-07       3.297e-08       9.592e-12       
  6.95      4.051e-32       2.653e-32       1.977e-32       2.791e-32       2.679e-32       1.460e-32       2.950e-26       7.159e-13       7.608e-09       9.506e-08       2.092e-08       5.285e-12       
  7.05      7.193e-33       4.711e-33       3.511e-33       4.955e-33       4.758e-33       2.593e-33       7.393e-27       3.880e-13       4.683e-09       5.998e-08       1.320e-08       2.897e-12       
  7.15      1.261e-33       8.261e-34       6.157e-34       8.690e-34       8.344e-34       4.547e-34       1.834e-27       2.094e-13       2.865e-09       3.757e-08       8.276e-09       1.580e-12       
  7.25      2.184e-34       1.431e-34       1.066e-34       1.505e-34       1.445e-34       7.874e-35       4.502e-28       1.126e-13       1.743e-09       2.336e-08       5.159e-09       8.578e-13       
  7.35      3.737e-35       2.447e-35       1.824e-35       2.574e-35       2.472e-35       1.347e-35       1.094e-28       6.027e-14       1.054e-09       1.442e-08       3.197e-09       4.632e-13       
  7.45      6.314e-36       4.135e-36       3.082e-36       4.350e-36       4.177e-36       2.276e-36       2.633e-29       3.213e-14       6.331e-10       8.832e-09       1.970e-09       2.489e-13       
  7.55      1.054e-36       6.903e-37       5.145e-37       7.261e-37       6.971e-37       3.799e-37       6.273e-30       1.706e-14       3.782e-10       5.371e-09       1.206e-09       1.331e-13       
  7.65      1.738e-37       1.138e-37       8.484e-38       1.197e-37       1.150e-37       6.264e-38       1.480e-30       9.022e-15       2.246e-10       3.242e-09       7.346e-10       7.082e-14       
  7.75      2.831e-38       1.855e-38       1.382e-38       1.951e-38       1.873e-38       1.021e-38       3.456e-31       4.752e-15       1.326e-10       1.942e-09       4.447e-10       3.750e-14       
  7.85      4.558e-39       2.986e-39       2.225e-39       3.140e-39       3.015e-39       1.643e-39       7.994e-32       2.493e-15       7.778e-11       1.155e-09       2.676e-10       1.976e-14       
  8.00      2.879e-40       1.886e-40       1.406e-40       1.984e-40       1.905e-40       1.038e-40       8.732e-33       9.403e-16       3.457e-11       5.222e-10       1.236e-10       7.489e-15       