* De conditionele overschrijdingskans van de zeewaterstand zonder statistische onzekerheid gegeven de windrichting
* voor een 12-uursperiode te OS11, gelegen op locatie: 
* 23013, 407778
* 
* Deze statistiek is afgeleid met dezelfde methode als gebruikt in 3280.20.03.
* De door Deltares op 10 november 2016 aangeleverde statistiek is gebruikt als bron.
*
* Het waterstandsbereik waarvoor de overschrijdingskansen zijn gegeven is het hoogwater 2017 tot 8.00 m + NAP
* met een stapgrootte van 0.1 m. De laatste stapgrootte kan afwijken om op 8.00 m uit te komen. Hierbij wordt
* een stapgrootte van minimaal 6 en maximaal 15 cm gekozen.
* 
* Door: G.W.F. Rongen van HKV lijn in water
* Project: PR3510.10
*
* m (m+NAP) 30              60              90              120             150             180             210             240             270             300             330             360
  1.64      1.000e+00       1.000e+00       1.000e+00       1.000e+00       1.000e+00       1.000e+00       1.000e+00       1.000e+00       1.000e+00       1.000e+00       1.000e+00       1.000e+00       
  1.74      3.999e-01       3.473e-01       3.149e-01       3.532e-01       3.485e-01       2.846e-01       2.923e-01       4.941e-01       6.642e-01       6.631e-01       6.020e-01       4.603e-01       
  1.84      1.599e-01       1.206e-01       9.916e-02       1.248e-01       1.214e-01       8.101e-02       8.545e-02       2.442e-01       4.412e-01       4.397e-01       3.624e-01       2.119e-01       
  1.94      6.396e-02       4.189e-02       3.122e-02       4.407e-02       4.231e-02       2.306e-02       2.498e-02       1.207e-01       2.930e-01       2.915e-01       2.181e-01       9.755e-02       
  2.04      2.432e-02       1.593e-02       1.187e-02       1.676e-02       1.609e-02       8.767e-03       1.229e-02       6.812e-02       1.911e-01       2.047e-01       1.569e-01       6.279e-02       
  2.14      9.151e-03       5.994e-03       4.467e-03       6.304e-03       6.053e-03       3.298e-03       6.016e-03       3.830e-02       1.242e-01       1.433e-01       1.125e-01       4.029e-02       
  2.24      3.408e-03       2.232e-03       1.664e-03       2.348e-03       2.254e-03       1.228e-03       2.932e-03       2.144e-02       8.056e-02       1.001e-01       8.051e-02       2.578e-02       
  2.34      1.257e-03       8.232e-04       6.135e-04       8.658e-04       8.314e-04       4.530e-04       1.423e-03       1.196e-02       5.211e-02       6.974e-02       5.745e-02       1.645e-02       
  2.44      4.591e-04       3.007e-04       2.241e-04       3.163e-04       3.037e-04       1.655e-04       6.882e-04       6.644e-03       3.362e-02       4.847e-02       4.089e-02       1.046e-02       
  2.54      1.662e-04       1.088e-04       8.111e-05       1.145e-04       1.099e-04       5.989e-05       3.314e-04       3.678e-03       2.165e-02       3.362e-02       2.904e-02       6.641e-03       
  2.64      5.961e-05       3.904e-05       2.910e-05       4.107e-05       3.943e-05       2.149e-05       1.590e-04       2.029e-03       1.390e-02       2.326e-02       2.057e-02       4.204e-03       
  2.74      2.120e-05       1.389e-05       1.035e-05       1.460e-05       1.402e-05       7.641e-06       7.600e-05       1.115e-03       8.909e-03       1.607e-02       1.454e-02       2.654e-03       
  2.84      7.476e-06       4.897e-06       3.650e-06       5.151e-06       4.946e-06       2.695e-06       3.620e-05       6.111e-04       5.698e-03       1.107e-02       1.026e-02       1.672e-03       
  2.94      2.615e-06       1.713e-06       1.277e-06       1.802e-06       1.730e-06       9.427e-07       1.718e-05       3.337e-04       3.636e-03       7.614e-03       7.218e-03       1.051e-03       
  3.04      9.076e-07       5.944e-07       4.430e-07       6.253e-07       6.004e-07       3.271e-07       8.129e-06       1.817e-04       2.316e-03       5.227e-03       5.070e-03       6.590e-04       
  3.14      3.125e-07       2.047e-07       1.526e-07       2.153e-07       2.067e-07       1.127e-07       3.834e-06       9.864e-05       1.472e-03       3.581e-03       3.554e-03       4.124e-04       
  3.24      1.068e-07       6.996e-08       5.214e-08       7.359e-08       7.066e-08       3.850e-08       1.802e-06       5.338e-05       9.339e-04       2.449e-03       2.486e-03       2.575e-04       
  3.34      3.624e-08       2.373e-08       1.769e-08       2.497e-08       2.397e-08       1.306e-08       8.446e-07       2.881e-05       5.915e-04       1.672e-03       1.736e-03       1.605e-04       
  3.44      1.221e-08       7.995e-09       5.958e-09       8.409e-09       8.074e-09       4.400e-09       3.947e-07       1.550e-05       3.739e-04       1.140e-03       1.210e-03       9.979e-05       
  3.54      4.083e-09       2.674e-09       1.993e-09       2.813e-09       2.701e-09       1.472e-09       1.839e-07       8.321e-06       2.359e-04       7.754e-04       8.420e-04       6.194e-05       
  3.64      1.356e-09       8.883e-10       6.620e-10       9.343e-10       8.971e-10       4.888e-10       8.543e-08       4.454e-06       1.486e-04       5.267e-04       5.848e-04       3.837e-05       
  3.74      4.475e-10       2.931e-10       2.184e-10       3.083e-10       2.960e-10       1.613e-10       3.958e-08       2.378e-06       9.348e-05       3.572e-04       4.054e-04       2.373e-05       
  3.84      1.467e-10       9.608e-11       7.161e-11       1.011e-10       9.703e-11       5.287e-11       1.829e-08       1.266e-06       5.870e-05       2.418e-04       2.806e-04       1.465e-05       
  3.94      4.777e-11       3.129e-11       2.332e-11       3.291e-11       3.160e-11       1.722e-11       8.430e-09       6.727e-07       3.680e-05       1.635e-04       1.939e-04       9.024e-06       
  4.04      1.546e-11       1.013e-11       7.548e-12       1.065e-11       1.023e-11       5.573e-12       3.875e-09       3.565e-07       2.303e-05       1.104e-04       1.338e-04       5.550e-06       
  4.14      4.973e-12       3.257e-12       2.428e-12       3.426e-12       3.290e-12       1.793e-12       1.777e-09       1.885e-07       1.440e-05       7.440e-05       9.217e-05       3.408e-06       
  4.24      1.590e-12       1.041e-12       7.762e-13       1.095e-12       1.052e-12       5.731e-13       8.127e-10       9.940e-08       8.984e-06       5.008e-05       6.340e-05       2.089e-06       
  4.34      5.053e-13       3.310e-13       2.467e-13       3.481e-13       3.342e-13       1.821e-13       3.708e-10       5.231e-08       5.599e-06       3.366e-05       4.354e-05       1.279e-06       
  4.44      1.596e-13       1.046e-13       7.793e-14       1.100e-13       1.056e-13       5.754e-14       1.688e-10       2.747e-08       3.484e-06       2.259e-05       2.986e-05       7.813e-07       
  4.54      5.015e-14       3.285e-14       2.448e-14       3.455e-14       3.317e-14       1.808e-14       7.667e-11       1.439e-08       2.165e-06       1.514e-05       2.044e-05       4.767e-07       
  4.64      1.566e-14       1.026e-14       7.647e-15       1.079e-14       1.036e-14       5.646e-15       3.474e-11       7.523e-09       1.343e-06       1.014e-05       1.398e-05       2.904e-07       
  4.74      4.866e-15       3.187e-15       2.375e-15       3.352e-15       3.219e-15       1.754e-15       1.571e-11       3.925e-09       8.325e-07       6.777e-06       9.545e-06       1.766e-07       
  4.84      1.503e-15       9.846e-16       7.338e-16       1.036e-15       9.944e-16       5.419e-16       7.086e-12       2.043e-09       5.153e-07       4.525e-06       6.508e-06       1.073e-07       
  4.94      4.619e-16       3.026e-16       2.255e-16       3.182e-16       3.056e-16       1.665e-16       3.190e-12       1.062e-09       3.185e-07       3.018e-06       4.432e-06       6.506e-08       
  5.04      1.412e-16       9.248e-17       6.893e-17       9.728e-17       9.340e-17       5.090e-17       1.433e-12       5.504e-10       1.966e-07       2.010e-06       3.014e-06       3.940e-08       
  5.14      4.293e-17       2.812e-17       2.096e-17       2.958e-17       2.840e-17       1.548e-17       6.424e-13       2.849e-10       1.212e-07       1.337e-06       2.047e-06       2.383e-08       
  5.24      1.299e-17       8.507e-18       6.341e-18       8.948e-18       8.592e-18       4.682e-18       2.874e-13       1.471e-10       7.464e-08       8.883e-07       1.388e-06       1.439e-08       
  5.34      3.910e-18       2.561e-18       1.909e-18       2.693e-18       2.586e-18       1.409e-18       1.283e-13       7.585e-11       4.591e-08       5.895e-07       9.405e-07       8.678e-09       
  5.44      1.171e-18       7.669e-19       5.716e-19       8.067e-19       7.746e-19       4.221e-19       5.717e-14       3.903e-11       2.820e-08       3.907e-07       6.363e-07       5.227e-09       
  5.54      3.490e-19       2.286e-19       1.704e-19       2.404e-19       2.309e-19       1.258e-19       2.543e-14       2.004e-11       1.730e-08       2.587e-07       4.300e-07       3.144e-09       
  5.64      1.035e-19       6.780e-20       5.053e-20       7.131e-20       6.847e-20       3.731e-20       1.129e-14       1.028e-11       1.061e-08       1.711e-07       2.902e-07       1.889e-09       
  5.74      3.055e-20       2.001e-20       1.492e-20       2.105e-20       2.021e-20       1.101e-20       5.000e-15       5.259e-12       6.492e-09       1.130e-07       1.956e-07       1.133e-09       
  5.84      8.977e-21       5.880e-21       4.382e-21       6.185e-21       5.938e-21       3.236e-21       2.211e-15       2.687e-12       3.970e-09       7.460e-08       1.317e-07       6.791e-10       
  5.94      2.625e-21       1.720e-21       1.282e-21       1.809e-21       1.737e-21       9.463e-22       9.761e-16       1.370e-12       2.425e-09       4.918e-08       8.860e-08       4.064e-10       
  6.04      7.643e-22       5.006e-22       3.731e-22       5.265e-22       5.056e-22       2.755e-22       4.301e-16       6.976e-13       1.480e-09       3.238e-08       5.952e-08       2.429e-10       
  6.14      2.215e-22       1.451e-22       1.081e-22       1.526e-22       1.465e-22       7.983e-23       1.892e-16       3.545e-13       9.019e-10       2.130e-08       3.994e-08       1.450e-10       
  6.24      6.390e-23       4.185e-23       3.119e-23       4.402e-23       4.227e-23       2.303e-23       8.307e-17       1.799e-13       5.492e-10       1.400e-08       2.677e-08       8.649e-11       
  6.34      1.835e-23       1.202e-23       8.960e-24       1.265e-23       1.214e-23       6.616e-24       3.641e-17       9.113e-14       3.340e-10       9.190e-09       1.793e-08       5.152e-11       
  6.44      5.249e-24       3.438e-24       2.562e-24       3.616e-24       3.472e-24       1.892e-24       1.593e-17       4.609e-14       2.030e-10       6.027e-09       1.199e-08       3.065e-11       
  6.54      1.495e-24       9.791e-25       7.297e-25       1.030e-24       9.888e-25       5.388e-25       6.960e-18       2.327e-14       1.232e-10       3.949e-09       8.010e-09       1.822e-11       
  6.64      4.239e-25       2.776e-25       2.069e-25       2.920e-25       2.804e-25       1.528e-25       3.035e-18       1.173e-14       7.471e-11       2.585e-09       5.346e-09       1.081e-11       
  6.74      1.197e-25       7.840e-26       5.843e-26       8.246e-26       7.918e-26       4.314e-26       1.322e-18       5.907e-15       4.526e-11       1.690e-09       3.565e-09       6.412e-12       
  6.84      3.366e-26       2.205e-26       1.643e-26       2.319e-26       2.226e-26       1.213e-26       5.746e-19       2.969e-15       2.739e-11       1.104e-09       2.374e-09       3.798e-12       
  6.94      9.426e-27       6.174e-27       4.601e-27       6.494e-27       6.235e-27       3.398e-27       2.494e-19       1.490e-15       1.656e-11       7.207e-10       1.580e-09       2.247e-12       
  7.04      2.629e-27       1.722e-27       1.283e-27       1.811e-27       1.739e-27       9.477e-28       1.081e-19       7.465e-16       1.001e-11       4.700e-10       1.050e-09       1.328e-12       
  7.14      7.304e-28       4.784e-28       3.565e-28       5.032e-28       4.832e-28       2.633e-28       4.676e-20       3.735e-16       6.038e-12       3.062e-10       6.973e-10       7.842e-13       
  7.24      2.021e-28       1.324e-28       9.866e-29       1.392e-28       1.337e-28       7.285e-29       2.020e-20       1.866e-16       3.641e-12       1.993e-10       4.626e-10       4.626e-13       
  7.34      5.570e-29       3.649e-29       2.719e-29       3.838e-29       3.685e-29       2.008e-29       8.713e-21       9.311e-17       2.193e-12       1.296e-10       3.066e-10       2.725e-13       
  7.44      1.529e-29       1.002e-29       7.466e-30       1.054e-29       1.012e-29       5.513e-30       3.753e-21       4.639e-17       1.320e-12       8.421e-11       2.030e-10       1.604e-13       
  7.54      4.183e-30       2.740e-30       2.042e-30       2.882e-30       2.767e-30       1.508e-30       1.614e-21       2.308e-17       7.937e-13       5.467e-11       1.343e-10       9.434e-14       
  7.64      1.140e-30       7.465e-31       5.564e-31       7.852e-31       7.539e-31       4.108e-31       6.932e-22       1.146e-17       4.769e-13       3.546e-11       8.874e-11       5.542e-14       
  7.74      3.094e-31       2.026e-31       1.510e-31       2.131e-31       2.047e-31       1.115e-31       2.972e-22       5.688e-18       2.863e-13       2.298e-11       5.859e-11       3.252e-14       
  7.84      8.367e-32       5.480e-32       4.084e-32       5.764e-32       5.535e-32       3.016e-32       1.273e-22       2.818e-18       1.717e-13       1.488e-11       3.865e-11       1.907e-14       
  7.94      2.254e-32       1.477e-32       1.100e-32       1.553e-32       1.491e-32       8.126e-33       5.443e-23       1.394e-18       1.029e-13       9.626e-12       2.547e-11       1.117e-14       
  8.00      1.025e-32       6.711e-33       5.002e-33       7.059e-33       6.778e-33       3.693e-33       3.267e-23       9.135e-19       7.563e-14       7.410e-12       1.983e-11       8.100e-15       