* De conditionele overschrijdingskans van de zeewaterstand gegeven de windrichting
* voor een 12-uursperiode te OS11. 
*
* De getallen zijn afkomstig uit het spreadsheet Afleiding_statistiekbestanden_Oosterschelde.xls,               
* tabblad OvKans_Zeewaterstand.
* Speadsheet gemaakt door Matthijs Duits van HKV lijn in water op 7 februari 2013
*
* De parameters voor de Weibullverdelingen (geldig voor een getijperiode), die de basis vormen van 
* onderstaande conditionele overschrijdingskansen, zijn ontleend aan Bijlage C van:
* 'Prestatiepeilen Oosterschelde - Vervolg'
* Rijkswaterstaat Bouwdienst, 24 april 2008
* Auteur: Sipke van Manen
*
* Onderstaand is m de zeewaterstand en r de windrichting
*
*m \ r  30            60            90            120           150           180           210           240           270           300           330           360
1.0     1.000E+00     1.000E+00     1.000E+00     1.000E+00     1.000E+00     1.000E+00     1.000E+00     1.000E+00     1.000E+00     1.000E+00     1.000E+00     1.000E+00
1.1     1.000E+00     1.000E+00     1.000E+00     1.000E+00     1.000E+00     1.000E+00     9.999E-01     1.000E+00     9.998E-01     9.891E-01     8.757E-01     8.720E-01
1.2     1.000E+00     1.000E+00     1.000E+00     1.000E+00     1.000E+00     1.000E+00     9.904E-01     9.994E-01     9.966E-01     9.616E-01     7.863E-01     7.449E-01
1.3     1.000E+00     1.000E+00     1.000E+00     1.000E+00     1.000E+00     9.998E-01     9.073E-01     9.873E-01     9.777E-01     9.039E-01     6.795E-01     5.949E-01
1.4     9.946E-01     9.850E-01     9.895E-01     9.976E-01     9.921E-01     9.682E-01     7.019E-01     9.216E-01     9.205E-01     8.131E-01     5.663E-01     4.484E-01
1.5     8.795E-01     8.176E-01     8.419E-01     9.132E-01     8.592E-01     7.525E-01     4.577E-01     7.712E-01     8.134E-01     6.977E-01     4.572E-01     3.230E-01
1.6     5.708E-01     4.933E-01     5.216E-01     6.235E-01     5.432E-01     4.276E-01     2.648E-01     5.724E-01     6.701E-01     5.728E-01     3.594E-01     2.249E-01
1.7     2.837E-01     2.353E-01     2.524E-01     3.198E-01     2.659E-01     1.976E-01     1.425E-01     3.855E-01     5.182E-01     4.526E-01     2.764E-01     1.528E-01
1.8     1.220E-01     9.929E-02     1.072E-01     1.395E-01     1.135E-01     8.224E-02     7.362E-02     2.425E-01     3.807E-01     3.467E-01     2.088E-01     1.019E-01
1.9     4.889E-02     3.950E-02     4.275E-02     5.625E-02     4.538E-02     3.253E-02     3.712E-02     1.458E-01     2.692E-01     2.591E-01     1.555E-01     6.709E-02
2.0     1.892E-02     1.524E-02     1.651E-02     2.182E-02     1.754E-02     1.252E-02     1.845E-02     8.523E-02     1.850E-01     1.899E-01     1.146E-01     4.375E-02
2.1     7.176E-03     5.773E-03     6.258E-03     8.284E-03     6.650E-03     4.740E-03     9.086E-03     4.889E-02     1.246E-01     1.372E-01     8.362E-02     2.831E-02
2.2     2.684E-03     2.158E-03     2.340E-03     3.099E-03     2.487E-03     1.771E-03     4.443E-03     2.770E-02     8.272E-02     9.797E-02     6.059E-02     1.822E-02
2.3     9.926E-04     7.980E-04     8.652E-04     1.146E-03     9.196E-04     6.549E-04     2.161E-03     1.555E-02     5.435E-02     6.935E-02     4.364E-02     1.167E-02
2.4     3.634E-04     2.921E-04     3.167E-04     4.197E-04     3.367E-04     2.397E-04     1.046E-03     8.678E-03     3.543E-02     4.876E-02     3.128E-02     7.444E-03
2.5     1.318E-04     1.059E-04     1.149E-04     1.522E-04     1.221E-04     8.693E-05     5.044E-04     4.817E-03     2.296E-02     3.409E-02     2.232E-02     4.733E-03
2.6     4.736E-05     3.807E-05     4.128E-05     5.470E-05     4.387E-05     3.124E-05     2.422E-04     2.662E-03     1.482E-02     2.372E-02     1.587E-02     3.000E-03
2.7     1.687E-05     1.356E-05     1.471E-05     1.949E-05     1.563E-05     1.113E-05     1.159E-04     1.465E-03     9.525E-03     1.645E-02     1.125E-02     1.896E-03
2.8     5.960E-06     4.791E-06     5.195E-06     6.884E-06     5.522E-06     3.932E-06     5.522E-05     8.035E-04     6.105E-03     1.137E-02     7.952E-03     1.196E-03
2.9     2.088E-06     1.679E-06     1.820E-06     2.412E-06     1.935E-06     1.378E-06     2.623E-05     4.392E-04     3.902E-03     7.837E-03     5.606E-03     7.519E-04
3.0     7.258E-07     5.835E-07     6.326E-07     8.383E-07     6.724E-07     4.788E-07     1.242E-05     2.393E-04     2.488E-03     5.388E-03     3.942E-03     4.718E-04
3.1     2.503E-07     2.012E-07     2.182E-07     2.891E-07     2.319E-07     1.651E-07     5.860E-06     1.300E-04     1.583E-03     3.696E-03     2.766E-03     2.954E-04
3.2     8.568E-08     6.888E-08     7.468E-08     9.896E-08     7.938E-08     5.652E-08     2.757E-06     7.039E-05     1.005E-03     2.530E-03     1.937E-03     1.845E-04
3.3     2.911E-08     2.340E-08     2.537E-08     3.362E-08     2.697E-08     1.920E-08     1.293E-06     3.801E-05     6.367E-04     1.729E-03     1.353E-03     1.150E-04
3.4     9.819E-09     7.893E-09     8.559E-09     1.134E-08     9.097E-09     6.478E-09     6.044E-07     2.047E-05     4.027E-04     1.179E-03     9.439E-04     7.157E-05
3.5     3.289E-09     2.644E-09     2.867E-09     3.799E-09     3.047E-09     2.170E-09     2.818E-07     1.099E-05     2.542E-04     8.026E-04     6.570E-04     4.444E-05
3.6     1.094E-09     8.795E-10     9.536E-10     1.264E-09     1.014E-09     7.217E-10     1.310E-07     5.886E-06     1.602E-04     5.454E-04     4.565E-04     2.754E-05
3.7     3.615E-10     2.906E-10     3.151E-10     4.175E-10     3.349E-10     2.385E-10     6.072E-08     3.144E-06     1.008E-04     3.700E-04     3.167E-04     1.704E-05
3.8     1.186E-10     9.537E-11     1.034E-10     1.370E-10     1.099E-10     7.827E-11     2.807E-08     1.675E-06     6.331E-05     2.506E-04     2.193E-04     1.052E-05
3.9     3.869E-11     3.110E-11     3.372E-11     4.469E-11     3.584E-11     2.552E-11     1.294E-08     8.903E-07     3.970E-05     1.695E-04     1.516E-04     6.484E-06
4.0     1.254E-11     1.008E-11     1.093E-11     1.448E-11     1.162E-11     8.271E-12     5.953E-09     4.720E-07     2.486E-05     1.145E-04     1.046E-04     3.990E-06
4.1     4.038E-12     3.246E-12     3.519E-12     4.663E-12     3.741E-12     2.664E-12     2.731E-09     2.497E-07     1.554E-05     7.718E-05     7.209E-05     2.451E-06
4.2     1.292E-12     1.039E-12     1.127E-12     1.493E-12     1.197E-12     8.525E-13     1.250E-09     1.317E-07     9.702E-06     5.196E-05     4.960E-05     1.503E-06
4.3     4.111E-13     3.306E-13     3.584E-13     4.750E-13     3.809E-13     2.712E-13     5.706E-10     6.936E-08     6.048E-06     3.494E-05     3.408E-05     9.201E-07
4.4     1.301E-13     1.046E-13     1.134E-13     1.502E-13     1.205E-13     8.582E-14     2.599E-10     3.643E-08     3.764E-06     2.346E-05     2.337E-05     5.624E-07
4.5     4.086E-14     3.297E-14     3.564E-14     4.718E-14     3.786E-14     2.698E-14     1.181E-10     1.910E-08     2.340E-06     1.573E-05     1.601E-05     3.432E-07
4.6     1.277E-14     1.033E-14     1.110E-14     1.477E-14     1.177E-14     8.438E-15     5.353E-11     9.988E-09     1.452E-06     1.053E-05     1.095E-05     2.091E-07
4.7     3.997E-15     3.220E-15     3.442E-15     4.663E-15     3.664E-15     2.554E-15     2.421E-11     5.213E-09     9.003E-07     7.042E-06     7.479E-06     1.272E-07
4.8     0.000E+00     0.000E+00     0.000E+00     0.000E+00     0.000E+00     0.000E+00     1.093E-11     2.715E-09     5.574E-07     4.703E-06     5.101E-06     7.730E-08
4.9     0.000E+00     0.000E+00     0.000E+00     0.000E+00     0.000E+00     0.000E+00     4.921E-12     1.411E-09     3.446E-07     3.137E-06     3.475E-06     4.690E-08
5.0     0.000E+00     0.000E+00     0.000E+00     0.000E+00     0.000E+00     0.000E+00     2.212E-12     7.320E-10     2.128E-07     2.090E-06     2.363E-06     2.841E-08
5.1     0.000E+00     0.000E+00     0.000E+00     0.000E+00     0.000E+00     0.000E+00     9.918E-13     3.790E-10     1.312E-07     1.391E-06     1.606E-06     1.718E-08
5.2     0.000E+00     0.000E+00     0.000E+00     0.000E+00     0.000E+00     0.000E+00     4.439E-13     1.958E-10     8.082E-08     9.242E-07     1.089E-06     1.038E-08
5.3     0.000E+00     0.000E+00     0.000E+00     0.000E+00     0.000E+00     0.000E+00     1.983E-13     1.010E-10     4.972E-08     6.134E-07     7.381E-07     6.263E-09
5.4     0.000E+00     0.000E+00     0.000E+00     0.000E+00     0.000E+00     0.000E+00     8.837E-14     5.198E-11     3.055E-08     4.067E-07     4.995E-07     3.773E-09
5.5     0.000E+00     0.000E+00     0.000E+00     0.000E+00     0.000E+00     0.000E+00     3.941E-14     2.671E-11     1.875E-08     2.694E-07     3.376E-07     2.270E-09
5.6     0.000E+00     0.000E+00     0.000E+00     0.000E+00     0.000E+00     0.000E+00     1.743E-14     1.370E-11     1.149E-08     1.782E-07     2.279E-07     1.364E-09
5.7     0.000E+00     0.000E+00     0.000E+00     0.000E+00     0.000E+00     0.000E+00     7.772E-15     7.012E-12     7.038E-09     1.177E-07     1.537E-07     8.186E-10
5.8     0.000E+00     0.000E+00     0.000E+00     0.000E+00     0.000E+00     0.000E+00     3.442E-15     3.583E-12     4.305E-09     7.772E-08     1.035E-07     4.907E-10
5.9     0.000E+00     0.000E+00     0.000E+00     0.000E+00     0.000E+00     0.000E+00     0.000E+00     1.828E-12     2.630E-09     5.124E-08     6.963E-08     2.937E-10
6.0     0.000E+00     0.000E+00     0.000E+00     0.000E+00     0.000E+00     0.000E+00     0.000E+00     9.310E-13     1.605E-09     3.375E-08     4.679E-08     1.756E-10
6.1     0.000E+00     0.000E+00     0.000E+00     0.000E+00     0.000E+00     0.000E+00     0.000E+00     4.734E-13     9.786E-10     2.221E-08     3.140E-08     1.049E-10
6.2     0.000E+00     0.000E+00     0.000E+00     0.000E+00     0.000E+00     0.000E+00     0.000E+00     2.403E-13     5.960E-10     1.460E-08     2.105E-08     6.256E-11
6.3     0.000E+00     0.000E+00     0.000E+00     0.000E+00     0.000E+00     0.000E+00     0.000E+00     1.218E-13     3.626E-10     9.585E-09     1.410E-08     3.727E-11
6.4     0.000E+00     0.000E+00     0.000E+00     0.000E+00     0.000E+00     0.000E+00     0.000E+00     6.162E-14     2.204E-10     6.287E-09     9.433E-09     2.218E-11
6.5     0.000E+00     0.000E+00     0.000E+00     0.000E+00     0.000E+00     0.000E+00     0.000E+00     3.109E-14     1.338E-10     4.120E-09     6.304E-09     1.318E-11