*
* Afvoergolven van de IJssel bij Olst. 
*
* Aan de getallen in dit bestand mag geen officiële status toegekend worden! 
*
* Dit bestand is gemaakt door Matthijs Duits van 'HKV lijn in water' op 13 februari 2007.  
* De getallen zijn gebaseerd op waarden uit Bijlage H.1 en Bijlage H.2.5 van:
* 'Hydraulische Randvoorwaarden 2006 Vecht- en IJsseldelta' -
* 'Statistiek IJsselmeerpeil, afvoeren en stormverlopen voor Hydra-VIJ'
* RIZA-werkdocument 2006.036X, Lelystad, maart 2006. 
* (Auteur: C.P.M. Geerse)
* 
* De eerste kolom bevat tijdstippen in de afvoergolf in uren.
* De eerste rij bevat piekwaarden van de golven in m³/s
* De overige rijen en kolommen bevatten de afvoergolven in m³/s
* waarbij de kolommen de afvoergolven bevatten.
*
* De eerste regel van het bestand bestaat uit twee getallen:
* 1) het aantal tijdstappen in een afvoergolf
* 2) het aantal afvoerniveaus in een golf
     61    153
         200.0   225.0   250.0   275.0   300.0   325.0   350.0   375.0   400.0   425.0   450.0   475.0   500.0   525.0   550.0   575.0   600.0   625.0   650.0   675.0   700.0   725.0   750.0   775.0   800.0   825.0   850.0   875.0   900.0   925.0   950.0   975.0  1000.0  1025.0  1050.0  1075.0  1100.0  1125.0  1150.0  1175.0  1200.0  1225.0  1250.0  1275.0  1300.0  1325.0  1350.0  1375.0  1400.0  1425.0  1450.0  1475.0  1500.0  1525.0  1550.0  1575.0  1600.0  1625.0  1650.0  1675.0  1700.0  1725.0  1750.0  1775.0  1800.0  1825.0  1850.0  1875.0  1900.0  1925.0  1950.0  1975.0  2000.0  2025.0  2050.0  2075.0  2100.0  2125.0  2150.0  2175.0  2200.0  2225.0  2250.0  2275.0  2300.0  2325.0  2350.0  2375.0  2400.0  2425.0  2450.0  2475.0  2500.0  2525.0  2550.0  2575.0  2600.0  2625.0  2650.0  2675.0  2700.0  2725.0  2750.0  2775.0  2800.0  2825.0  2850.0  2875.0  2900.0  2925.0  2950.0  2975.0  3000.0  3025.0  3050.0  3075.0  3100.0  3125.0  3150.0  3175.0  3200.0  3225.0  3250.0  3275.0  3300.0  3325.0  3350.0  3375.0  3400.0  3425.0  3450.0  3475.0  3500.0  3525.0  3550.0  3575.0  3600.0  3625.0  3650.0  3675.0  3700.0  3725.0  3750.0  3775.0  3800.0  3825.0  3850.0  3875.0  3900.0  3925.0  3950.0  3975.0  4000.0
   0.0   200.0   200.0   200.0   200.0   200.0   200.0   200.0   200.0   200.0   200.0   200.0   200.0   200.0   200.0   200.0   200.0   200.0   200.0   200.0   200.0   200.0   200.0   200.0   200.0   200.0   200.0   200.0   200.0   200.0   200.0   200.0   200.0   200.0   200.0   200.0   200.0   200.0   200.0   200.0   200.0   200.0   200.0   200.0   200.0   200.0   200.0   200.0   200.0   200.0   200.0   200.0   200.0   200.0   200.0   200.0   200.0   200.0   200.0   200.0   200.0   200.0   200.0   200.0   200.0   200.0   200.0   200.0   200.0   200.0   200.0   200.0   200.0   200.0   200.0   200.0   200.0   200.0   200.0   200.0   200.0   200.0   200.0   200.0   200.0   200.0   200.0   200.0   200.0   200.0   200.0   200.0   200.0   200.0   200.0   200.0   200.0   200.0   200.0   200.0   200.0   200.0   200.0   200.0   200.0   200.0   200.0   200.0   200.0   200.0   200.0   200.0   200.0   200.0   200.0   200.0   200.0   200.0   200.0   200.0   200.0   200.0   200.0   200.0   200.0   200.0   200.0   200.0   200.0   200.0   200.0   200.0   200.0   200.0   200.0   200.0   200.0   200.0   200.0   200.0   200.0   200.0   200.0   200.0   200.0   200.0   200.0   200.0   200.0   200.0   200.0   200.0   200.0   200.0
  12.0   200.0   220.7   220.7   220.7   220.7   220.7   220.7   220.7   220.7   220.7   220.7   220.7   220.7   220.7   220.7   220.7   220.7   220.7   220.7   220.7   220.7   220.7   220.7   220.7   220.7   221.6   222.4   223.3   224.1   225.0   225.9   226.7   227.6   228.4   229.3   230.2   231.0   231.9   232.8   233.6   234.5   235.3   236.2   237.1   237.9   238.8   239.7   240.5   241.4   242.2   243.1   244.0   244.8   245.7   246.6   247.4   248.3   249.1   250.0   250.9   251.7   252.6   253.4   254.3   255.2   256.0   256.9   257.8   258.6   259.5   260.3   261.2   262.1   262.9   263.8   264.7   265.5   266.4   267.2   268.1   269.0   269.8   270.7   271.6   272.4   273.3   274.1   275.0   275.9   276.7   277.6   278.4   279.3   280.2   281.0   281.9   282.8   283.6   284.5   285.3   286.2   287.1   287.9   288.8   289.7   290.5   291.4   292.2   293.1   294.0   294.8   295.7   296.6   297.4   298.3   299.1   300.0   300.9   301.7   302.6   303.4   304.3   305.2   306.0   306.9   307.8   308.6   309.5   310.3   311.2   312.1   312.9   313.8   314.7   315.5   316.4   317.2   318.1   319.0   319.8   320.7   321.6   322.4   323.3   324.1   325.0   325.9   326.7   327.6   328.4   329.3   330.2   331.0
  24.0   200.0   225.0   241.4   241.4   241.4   241.4   241.4   241.4   241.4   241.4   241.4   241.4   241.4   241.4   241.4   241.4   241.4   241.4   241.4   241.4   241.4   241.4   241.4   241.4   241.4   243.1   244.8   246.6   248.3   250.0   251.7   253.4   255.2   256.9   258.6   260.3   262.1   263.8   265.5   267.2   269.0   270.7   272.4   274.1   275.9   277.6   279.3   281.0   282.8   284.5   286.2   287.9   289.7   291.4   293.1   294.8   296.6   298.3   300.0   301.7   303.4   305.2   306.9   308.6   310.3   312.1   313.8   315.5   317.2   319.0   320.7   322.4   324.1   325.9   327.6   329.3   331.0   332.8   334.5   336.2   337.9   339.7   341.4   343.1   344.8   346.6   348.3   350.0   351.7   353.4   355.2   356.9   358.6   360.3   362.1   363.8   365.5   367.2   369.0   370.7   372.4   374.1   375.9   377.6   379.3   381.0   382.8   384.5   386.2   387.9   389.7   391.4   393.1   394.8   396.6   398.3   400.0   401.7   403.4   405.2   406.9   408.6   410.3   412.1   413.8   415.5   417.2   419.0   420.7   422.4   424.1   425.9   427.6   429.3   431.0   432.8   434.5   436.2   437.9   439.7   441.4   443.1   444.8   446.6   448.3   450.0   451.7   453.4   455.2   456.9   458.6   460.3   462.1
  36.0   200.0   225.0   250.0   262.1   262.1   262.1   262.1   262.1   262.1   262.1   262.1   262.1   262.1   262.1   262.1   262.1   262.1   262.1   262.1   262.1   262.1   262.1   262.1   262.1   262.1   264.7   267.2   269.8   272.4   275.0   277.6   280.2   282.8   285.3   287.9   290.5   293.1   295.7   298.3   300.9   303.4   306.0   308.6   311.2   313.8   316.4   319.0   321.6   324.1   326.7   329.3   331.9   334.5   337.1   339.7   342.2   344.8   347.4   350.0   352.6   355.2   357.8   360.3   362.9   365.5   368.1   370.7   373.3   375.9   378.4   381.0   383.6   386.2   388.8   391.4   394.0   396.6   399.1   401.7   404.3   406.9   409.5   412.1   414.7   417.2   419.8   422.4   425.0   427.6   430.2   432.8   435.3   437.9   440.5   443.1   445.7   448.3   450.9   453.4   456.0   458.6   461.2   463.8   466.4   469.0   471.6   474.1   476.7   479.3   481.9   484.5   487.1   489.7   492.2   494.8   497.4   500.0   502.6   505.2   507.8   510.3   512.9   515.5   518.1   520.7   523.3   525.9   528.4   531.0   533.6   536.2   538.8   541.4   544.0   546.6   549.1   551.7   554.3   556.9   559.5   562.1   564.7   567.2   569.8   572.4   575.0   577.6   580.2   582.8   585.3   587.9   590.5   593.1
  48.0   200.0   225.0   250.0   275.0   282.8   282.8   282.8   282.8   282.8   282.8   282.8   282.8   282.8   282.8   282.8   282.8   282.8   282.8   282.8   282.8   282.8   282.8   282.8   282.8   282.8   286.2   289.7   293.1   296.6   300.0   303.4   306.9   310.3   313.8   317.2   320.7   324.1   327.6   331.0   334.5   337.9   341.4   344.8   348.3   351.7   355.2   358.6   362.1   365.5   369.0   372.4   375.9   379.3   382.8   386.2   389.7   393.1   396.6   400.0   403.4   406.9   410.3   413.8   417.2   420.7   424.1   427.6   431.0   434.5   437.9   441.4   444.8   448.3   451.7   455.2   458.6   462.1   465.5   469.0   472.4   475.9   479.3   482.8   486.2   489.7   493.1   496.6   500.0   503.4   506.9   510.3   513.8   517.2   520.7   524.1   527.6   531.0   534.5   537.9   541.4   544.8   548.3   551.7   555.2   558.6   562.1   565.5   569.0   572.4   575.9   579.3   582.8   586.2   589.7   593.1   596.6   600.0   603.4   606.9   610.3   613.8   617.2   620.7   624.1   627.6   631.0   634.5   637.9   641.4   644.8   648.3   651.7   655.2   658.6   662.1   665.5   669.0   672.4   675.9   679.3   682.8   686.2   689.7   693.1   696.6   700.0   703.4   706.9   710.3   713.8   717.2   720.7   724.1
  60.0   200.0   225.0   250.0   275.0   300.0   303.4   303.4   303.4   303.4   303.4   303.4   303.4   303.4   303.4   303.4   303.4   303.4   303.4   303.4   303.4   303.4   303.4   303.4   303.4   303.4   307.8   312.1   316.4   320.7   325.0   329.3   333.6   337.9   342.2   346.6   350.9   355.2   359.5   363.8   368.1   372.4   376.7   381.0   385.3   389.7   394.0   398.3   402.6   406.9   411.2   415.5   419.8   424.1   428.4   432.8   437.1   441.4   445.7   450.0   454.3   458.6   462.9   467.2   471.6   475.9   480.2   484.5   488.8   493.1   497.4   501.7   506.0   510.3   514.7   519.0   523.3   527.6   531.9   536.2   540.5   544.8   549.1   553.4   557.8   562.1   566.4   570.7   575.0   579.3   583.6   587.9   592.2   596.6   600.9   605.2   609.5   613.8   618.1   622.4   626.7   631.0   635.3   639.7   644.0   648.3   652.6   656.9   661.2   665.5   669.8   674.1   678.4   682.8   687.1   691.4   695.7   700.0   704.3   708.6   712.9   717.2   721.6   725.9   730.2   734.5   738.8   743.1   747.4   751.7   756.0   760.3   764.7   769.0   773.3   777.6   781.9   786.2   790.5   794.8   799.1   803.4   807.8   812.1   816.4   820.7   825.0   829.3   833.6   837.9   842.2   846.6   850.9   855.2
  72.0   200.0   225.0   250.0   275.0   300.0   324.1   324.1   324.1   324.1   324.1   324.1   324.1   324.1   324.1   324.1   324.1   324.1   324.1   324.1   324.1   324.1   324.1   324.1   324.1   324.1   329.3   334.5   339.7   344.8   350.0   355.2   360.3   365.5   370.7   375.9   381.0   386.2   391.4   396.6   401.7   406.9   412.1   417.2   422.4   427.6   432.8   437.9   443.1   448.3   453.4   458.6   463.8   469.0   474.1   479.3   484.5   489.7   494.8   500.0   505.2   510.3   515.5   520.7   525.9   531.0   536.2   541.4   546.6   551.7   556.9   562.1   567.2   572.4   577.6   582.8   587.9   593.1   598.3   603.4   608.6   613.8   619.0   624.1   629.3   634.5   639.7   644.8   650.0   655.2   660.3   665.5   670.7   675.9   681.0   686.2   691.4   696.6   701.7   706.9   712.1   717.2   722.4   727.6   732.8   737.9   743.1   748.3   753.4   758.6   763.8   769.0   774.1   779.3   784.5   789.7   794.8   800.0   805.2   810.3   815.5   820.7   825.9   831.0   836.2   841.4   846.6   851.7   856.9   862.1   867.2   872.4   877.6   882.8   887.9   893.1   898.3   903.4   908.6   913.8   919.0   924.1   929.3   934.5   939.7   944.8   950.0   955.2   960.3   965.5   970.7   975.9   981.0   986.2
  84.0   200.0   225.0   250.0   275.0   300.0   325.0   344.8   344.8   344.8   344.8   344.8   344.8   344.8   344.8   344.8   344.8   344.8   344.8   344.8   344.8   344.8   344.8   344.8   344.8   344.8   350.9   356.9   362.9   369.0   375.0   381.0   387.1   393.1   399.1   405.2   411.2   417.2   423.3   429.3   435.3   441.4   447.4   453.4   459.5   465.5   471.6   477.6   483.6   489.7   495.7   501.7   507.8   513.8   519.8   525.9   531.9   537.9   544.0   550.0   556.0   562.1   568.1   574.1   580.2   586.2   592.2   598.3   604.3   610.3   616.4   622.4   628.4   634.5   640.5   646.6   652.6   658.6   664.7   670.7   676.7   682.8   688.8   694.8   700.9   706.9   712.9   719.0   725.0   731.0   737.1   743.1   749.1   755.2   761.2   767.2   773.3   779.3   785.3   791.4   797.4   803.4   809.5   815.5   821.6   827.6   833.6   839.7   845.7   851.7   857.8   863.8   869.8   875.9   881.9   887.9   894.0   900.0   906.0   912.1   918.1   924.1   930.2   936.2   942.2   948.3   954.3   960.3   966.4   972.4   978.4   984.5   990.5   996.6  1002.6  1008.6  1014.7  1020.7  1026.7  1032.8  1038.8  1044.8  1050.9  1056.9  1062.9  1069.0  1075.0  1081.0  1087.1  1093.1  1099.1  1105.2  1111.2  1117.2
  96.0   200.0   225.0   250.0   275.0   300.0   325.0   350.0   365.5   365.5   365.5   365.5   365.5   365.5   365.5   365.5   365.5   365.5   365.5   365.5   365.5   365.5   365.5   365.5   365.5   365.5   372.4   379.3   386.2   393.1   400.0   406.9   413.8   420.7   427.6   434.5   441.4   448.3   455.2   462.1   469.0   475.9   482.8   489.7   496.6   503.4   510.3   517.2   524.1   531.0   537.9   544.8   551.7   558.6   565.5   572.4   579.3   586.2   593.1   600.0   606.9   613.8   620.7   627.6   634.5   641.4   648.3   655.2   662.1   669.0   675.9   682.8   689.7   696.6   703.4   710.3   717.2   724.1   731.0   737.9   744.8   751.7   758.6   765.5   772.4   779.3   786.2   793.1   800.0   806.9   813.8   820.7   827.6   834.5   841.4   848.3   855.2   862.1   869.0   875.9   882.8   889.7   896.6   903.4   910.3   917.2   924.1   931.0   937.9   944.8   951.7   958.6   965.5   972.4   979.3   986.2   993.1  1000.0  1006.9  1013.8  1020.7  1027.6  1034.5  1041.4  1048.3  1055.2  1062.1  1069.0  1075.9  1082.8  1089.7  1096.6  1103.4  1110.3  1117.2  1124.1  1131.0  1137.9  1144.8  1151.7  1158.6  1165.5  1172.4  1179.3  1186.2  1193.1  1200.0  1206.9  1213.8  1220.7  1227.6  1234.5  1241.4  1248.3
 108.0   200.0   225.0   250.0   275.0   300.0   325.0   350.0   375.0   386.2   386.2   386.2   386.2   386.2   386.2   386.2   386.2   386.2   386.2   386.2   386.2   386.2   386.2   386.2   386.2   386.2   394.0   401.7   409.5   417.2   425.0   432.8   440.5   448.3   456.0   463.8   471.6   479.3   487.1   494.8   502.6   510.3   518.1   525.9   533.6   541.4   549.1   556.9   564.7   572.4   580.2   587.9   595.7   603.4   611.2   619.0   626.7   634.5   642.2   650.0   657.8   665.5   673.3   681.0   688.8   696.6   704.3   712.1   719.8   727.6   735.3   743.1   750.9   758.6   766.4   774.1   781.9   789.7   797.4   805.2   812.9   820.7   828.4   836.2   844.0   851.7   859.5   867.2   875.0   882.8   890.5   898.3   906.0   913.8   921.6   929.3   937.1   944.8   952.6   960.3   968.1   975.9   983.6   991.4   999.1  1006.9  1014.7  1022.4  1030.2  1037.9  1045.7  1053.4  1061.2  1069.0  1076.7  1084.5  1092.2  1100.0  1107.8  1115.5  1123.3  1131.0  1138.8  1146.6  1154.3  1162.1  1169.8  1177.6  1185.3  1193.1  1200.9  1208.6  1216.4  1224.1  1231.9  1239.7  1247.4  1255.2  1262.9  1270.7  1278.4  1286.2  1294.0  1301.7  1309.5  1317.2  1325.0  1332.8  1340.5  1348.3  1356.0  1363.8  1371.6  1379.3
 120.0   200.0   225.0   250.0   275.0   300.0   325.0   350.0   375.0   400.0   406.9   406.9   406.9   406.9   406.9   406.9   406.9   406.9   406.9   406.9   406.9   406.9   406.9   406.9   406.9   406.9   415.5   424.1   432.8   441.4   450.0   458.6   467.2   475.9   484.5   493.1   501.7   510.3   519.0   527.6   536.2   544.8   553.4   562.1   570.7   579.3   587.9   596.6   605.2   613.8   622.4   631.0   639.7   648.3   656.9   665.5   674.1   682.8   691.4   700.0   708.6   717.2   725.9   734.5   743.1   751.7   760.3   769.0   777.6   786.2   794.8   803.4   812.1   820.7   829.3   837.9   846.6   855.2   863.8   872.4   881.0   889.7   898.3   906.9   915.5   924.1   932.8   941.4   950.0   958.6   967.2   975.9   984.5   993.1  1001.7  1010.3  1019.0  1027.6  1036.2  1044.8  1053.4  1062.1  1070.7  1079.3  1087.9  1096.6  1105.2  1113.8  1122.4  1131.0  1139.7  1148.3  1156.9  1165.5  1174.1  1182.8  1191.4  1200.0  1208.6  1217.2  1225.9  1234.5  1243.1  1251.7  1260.3  1269.0  1277.6  1286.2  1294.8  1303.4  1312.1  1320.7  1329.3  1337.9  1346.6  1355.2  1363.8  1372.4  1381.0  1389.7  1398.3  1406.9  1415.5  1424.1  1432.8  1441.4  1450.0  1458.6  1467.2  1475.9  1484.5  1493.1  1501.7  1510.3
 132.0   200.0   225.0   250.0   275.0   300.0   325.0   350.0   375.0   400.0   425.0   427.6   427.6   427.6   427.6   427.6   427.6   427.6   427.6   427.6   427.6   427.6   427.6   427.6   427.6   427.6   437.1   446.6   456.0   465.5   475.0   484.5   494.0   503.4   512.9   522.4   531.9   541.4   550.9   560.3   569.8   579.3   588.8   598.3   607.8   617.2   626.7   636.2   645.7   655.2   664.7   674.1   683.6   693.1   702.6   712.1   721.6   731.0   740.5   750.0   759.5   769.0   778.4   787.9   797.4   806.9   816.4   825.9   835.3   844.8   854.3   863.8   873.3   882.8   892.2   901.7   911.2   920.7   930.2   939.7   949.1   958.6   968.1   977.6   987.1   996.6  1006.0  1015.5  1025.0  1034.5  1044.0  1053.4  1062.9  1072.4  1081.9  1091.4  1100.9  1110.3  1119.8  1129.3  1138.8  1148.3  1157.8  1167.2  1176.7  1186.2  1195.7  1205.2  1214.7  1224.1  1233.6  1243.1  1252.6  1262.1  1271.6  1281.0  1290.5  1300.0  1309.5  1319.0  1328.4  1337.9  1347.4  1356.9  1366.4  1375.9  1385.3  1394.8  1404.3  1413.8  1423.3  1432.8  1442.2  1451.7  1461.2  1470.7  1480.2  1489.7  1499.1  1508.6  1518.1  1527.6  1537.1  1546.6  1556.0  1565.5  1575.0  1584.5  1594.0  1603.4  1612.9  1622.4  1631.9  1641.4
 144.0   200.0   225.0   250.0   275.0   300.0   325.0   350.0   375.0   400.0   425.0   448.3   448.3   448.3   448.3   448.3   448.3   448.3   448.3   448.3   448.3   448.3   448.3   448.3   448.3   448.3   458.6   469.0   479.3   489.7   500.0   510.3   520.7   531.0   541.4   551.7   562.1   572.4   582.8   593.1   603.4   613.8   624.1   634.5   644.8   655.2   665.5   675.9   686.2   696.6   706.9   717.2   727.6   737.9   748.3   758.6   769.0   779.3   789.7   800.0   810.3   820.7   831.0   841.4   851.7   862.1   872.4   882.8   893.1   903.4   913.8   924.1   934.5   944.8   955.2   965.5   975.9   986.2   996.6  1006.9  1017.2  1027.6  1037.9  1048.3  1058.6  1069.0  1079.3  1089.7  1100.0  1110.3  1120.7  1131.0  1141.4  1151.7  1162.1  1172.4  1182.8  1193.1  1203.4  1213.8  1224.1  1234.5  1244.8  1255.2  1265.5  1275.9  1286.2  1296.6  1306.9  1317.2  1327.6  1337.9  1348.3  1358.6  1369.0  1379.3  1389.7  1400.0  1410.3  1420.7  1431.0  1441.4  1451.7  1462.1  1472.4  1482.8  1493.1  1503.4  1513.8  1524.1  1534.5  1544.8  1555.2  1565.5  1575.9  1586.2  1596.6  1606.9  1617.2  1627.6  1637.9  1648.3  1658.6  1669.0  1679.3  1689.7  1700.0  1710.3  1720.7  1731.0  1741.4  1751.7  1762.1  1772.4
 156.0   200.0   225.0   250.0   275.0   300.0   325.0   350.0   375.0   400.0   425.0   450.0   469.0   469.0   469.0   469.0   469.0   469.0   469.0   469.0   469.0   469.0   469.0   469.0   469.0   469.0   480.2   491.4   502.6   513.8   525.0   536.2   547.4   558.6   569.8   581.0   592.2   603.4   614.7   625.9   637.1   648.3   659.5   670.7   681.9   693.1   704.3   715.5   726.7   737.9   749.1   760.3   771.6   782.8   794.0   805.2   816.4   827.6   838.8   850.0   861.2   872.4   883.6   894.8   906.0   917.2   928.4   939.7   950.9   962.1   973.3   984.5   995.7  1006.9  1018.1  1029.3  1040.5  1051.7  1062.9  1074.1  1085.3  1096.6  1107.8  1119.0  1130.2  1141.4  1152.6  1163.8  1175.0  1186.2  1197.4  1208.6  1219.8  1231.0  1242.2  1253.4  1264.7  1275.9  1287.1  1298.3  1309.5  1320.7  1331.9  1343.1  1354.3  1365.5  1376.7  1387.9  1399.1  1410.3  1421.6  1432.8  1444.0  1455.2  1466.4  1477.6  1488.8  1500.0  1511.2  1522.4  1533.6  1544.8  1556.0  1567.2  1578.4  1589.7  1600.9  1612.1  1623.3  1634.5  1645.7  1656.9  1668.1  1679.3  1690.5  1701.7  1712.9  1724.1  1735.3  1746.6  1757.8  1769.0  1780.2  1791.4  1802.6  1813.8  1825.0  1836.2  1847.4  1858.6  1869.8  1881.0  1892.2  1903.4
 168.0   200.0   225.0   250.0   275.0   300.0   325.0   350.0   375.0   400.0   425.0   450.0   475.0   489.7   489.7   489.7   489.7   489.7   489.7   489.7   489.7   489.7   489.7   489.7   489.7   489.7   501.7   513.8   525.9   537.9   550.0   562.1   574.1   586.2   598.3   610.3   622.4   634.5   646.6   658.6   670.7   682.8   694.8   706.9   719.0   731.0   743.1   755.2   767.2   779.3   791.4   803.4   815.5   827.6   839.7   851.7   863.8   875.9   887.9   900.0   912.1   924.1   936.2   948.3   960.3   972.4   984.5   996.6  1008.6  1020.7  1032.8  1044.8  1056.9  1069.0  1081.0  1093.1  1105.2  1117.2  1129.3  1141.4  1153.4  1165.5  1177.6  1189.7  1201.7  1213.8  1225.9  1237.9  1250.0  1262.1  1274.1  1286.2  1298.3  1310.3  1322.4  1334.5  1346.6  1358.6  1370.7  1382.8  1394.8  1406.9  1419.0  1431.0  1443.1  1455.2  1467.2  1479.3  1491.4  1503.4  1515.5  1527.6  1539.7  1551.7  1563.8  1575.9  1587.9  1600.0  1612.1  1624.1  1636.2  1648.3  1660.3  1672.4  1684.5  1696.6  1708.6  1720.7  1732.8  1744.8  1756.9  1769.0  1781.0  1793.1  1805.2  1817.2  1829.3  1841.4  1853.4  1865.5  1877.6  1889.7  1901.7  1913.8  1925.9  1937.9  1950.0  1962.1  1974.1  1986.2  1998.3  2010.3  2022.4  2034.5
 180.0   200.0   225.0   250.0   275.0   300.0   325.0   350.0   375.0   400.0   425.0   450.0   475.0   500.0   510.3   510.3   510.3   510.3   510.3   510.3   510.3   510.3   510.3   510.3   510.3   510.3   523.3   536.2   549.1   562.1   575.0   587.9   600.9   613.8   626.7   639.7   652.6   665.5   678.4   691.4   704.3   717.2   730.2   743.1   756.0   769.0   781.9   794.8   807.8   820.7   833.6   846.6   859.5   872.4   885.3   898.3   911.2   924.1   937.1   950.0   962.9   975.9   988.8  1001.7  1014.7  1027.6  1040.5  1053.4  1066.4  1079.3  1092.2  1105.2  1118.1  1131.0  1144.0  1156.9  1169.8  1182.8  1195.7  1208.6  1221.6  1234.5  1247.4  1260.3  1273.3  1286.2  1299.1  1312.1  1325.0  1337.9  1350.9  1363.8  1376.7  1389.7  1402.6  1415.5  1428.4  1441.4  1454.3  1467.2  1480.2  1493.1  1506.0  1519.0  1531.9  1544.8  1557.8  1570.7  1583.6  1596.6  1609.5  1622.4  1635.3  1648.3  1661.2  1674.1  1687.1  1700.0  1712.9  1725.9  1738.8  1751.7  1764.7  1777.6  1790.5  1803.4  1816.4  1829.3  1842.2  1855.2  1868.1  1881.0  1894.0  1906.9  1919.8  1932.8  1945.7  1958.6  1971.6  1984.5  1997.4  2010.3  2023.3  2036.2  2049.1  2062.1  2075.0  2087.9  2100.9  2113.8  2126.7  2139.7  2152.6  2165.5
 192.0   200.0   225.0   250.0   275.0   300.0   325.0   350.0   375.0   400.0   425.0   450.0   475.0   500.0   525.0   531.0   531.0   531.0   531.0   531.0   531.0   531.0   531.0   531.0   531.0   531.0   544.8   558.6   572.4   586.2   600.0   613.8   627.6   641.4   655.2   669.0   682.8   696.6   710.3   724.1   737.9   751.7   765.5   779.3   793.1   806.9   820.7   834.5   848.3   862.1   875.9   889.7   903.4   917.2   931.0   944.8   958.6   972.4   986.2  1000.0  1013.8  1027.6  1041.4  1055.2  1069.0  1082.8  1096.6  1110.3  1124.1  1137.9  1151.7  1165.5  1179.3  1193.1  1206.9  1220.7  1234.5  1248.3  1262.1  1275.9  1289.7  1303.4  1317.2  1331.0  1344.8  1358.6  1372.4  1386.2  1400.0  1413.8  1427.6  1441.4  1455.2  1469.0  1482.8  1496.6  1510.3  1524.1  1537.9  1551.7  1565.5  1579.3  1593.1  1606.9  1620.7  1634.5  1648.3  1662.1  1675.9  1689.7  1703.4  1717.2  1731.0  1744.8  1758.6  1772.4  1786.2  1800.0  1813.8  1827.6  1841.4  1855.2  1869.0  1882.8  1896.6  1910.3  1924.1  1937.9  1951.7  1965.5  1979.3  1993.1  2006.9  2020.7  2034.5  2048.3  2062.1  2075.9  2089.7  2103.4  2117.2  2131.0  2144.8  2158.6  2172.4  2186.2  2200.0  2213.8  2227.6  2241.4  2255.2  2269.0  2282.8  2296.6
 204.0   200.0   225.0   250.0   275.0   300.0   325.0   350.0   375.0   400.0   425.0   450.0   475.0   500.0   525.0   550.0   551.7   551.7   551.7   551.7   551.7   551.7   551.7   551.7   551.7   551.7   566.4   581.0   595.7   610.3   625.0   639.7   654.3   669.0   683.6   698.3   712.9   727.6   742.2   756.9   771.6   786.2   800.9   815.5   830.2   844.8   859.5   874.1   888.8   903.4   918.1   932.8   947.4   962.1   976.7   991.4  1006.0  1020.7  1035.3  1050.0  1064.7  1079.3  1094.0  1108.6  1123.3  1137.9  1152.6  1167.2  1181.9  1196.6  1211.2  1225.9  1240.5  1255.2  1269.8  1284.5  1299.1  1313.8  1328.4  1343.1  1357.8  1372.4  1387.1  1401.7  1416.4  1431.0  1445.7  1460.3  1475.0  1489.7  1504.3  1519.0  1533.6  1548.3  1562.9  1577.6  1592.2  1606.9  1621.6  1636.2  1650.9  1665.5  1680.2  1694.8  1709.5  1724.1  1738.8  1753.4  1768.1  1782.8  1797.4  1812.1  1826.7  1841.4  1856.0  1870.7  1885.3  1900.0  1914.7  1929.3  1944.0  1958.6  1973.3  1987.9  2002.6  2017.2  2031.9  2046.6  2061.2  2075.9  2090.5  2105.2  2119.8  2134.5  2149.1  2163.8  2178.4  2193.1  2207.8  2222.4  2237.1  2251.7  2266.4  2281.0  2295.7  2310.3  2325.0  2339.7  2354.3  2369.0  2383.6  2398.3  2412.9  2427.6
 216.0   200.0   225.0   250.0   275.0   300.0   325.0   350.0   375.0   400.0   425.0   450.0   475.0   500.0   525.0   550.0   572.4   572.4   572.4   572.4   572.4   572.4   572.4   572.4   572.4   572.4   587.9   603.4   619.0   634.5   650.0   665.5   681.0   696.6   712.1   727.6   743.1   758.6   774.1   789.7   805.2   820.7   836.2   851.7   867.2   882.8   898.3   913.8   929.3   944.8   960.3   975.9   991.4  1006.9  1022.4  1037.9  1053.4  1069.0  1084.5  1100.0  1115.5  1131.0  1146.6  1162.1  1177.6  1193.1  1208.6  1224.1  1239.7  1255.2  1270.7  1286.2  1301.7  1317.2  1332.8  1348.3  1363.8  1379.3  1394.8  1410.3  1425.9  1441.4  1456.9  1472.4  1487.9  1503.4  1519.0  1534.5  1550.0  1565.5  1581.0  1596.6  1612.1  1627.6  1643.1  1658.6  1674.1  1689.7  1705.2  1720.7  1736.2  1751.7  1767.2  1782.8  1798.3  1813.8  1829.3  1844.8  1860.3  1875.9  1891.4  1906.9  1922.4  1937.9  1953.4  1969.0  1984.5  2000.0  2015.5  2031.0  2046.6  2062.1  2077.6  2093.1  2108.6  2124.1  2139.7  2155.2  2170.7  2186.2  2201.7  2217.2  2232.8  2248.3  2263.8  2279.3  2294.8  2310.3  2325.9  2341.4  2356.9  2372.4  2387.9  2403.4  2419.0  2434.5  2450.0  2465.5  2481.0  2496.6  2512.1  2527.6  2543.1  2558.6
 228.0   200.0   225.0   250.0   275.0   300.0   325.0   350.0   375.0   400.0   425.0   450.0   475.0   500.0   525.0   550.0   575.0   593.1   593.1   593.1   593.1   593.1   593.1   593.1   593.1   593.1   609.5   625.9   642.2   658.6   675.0   691.4   707.8   724.1   740.5   756.9   773.3   789.7   806.0   822.4   838.8   855.2   871.6   887.9   904.3   920.7   937.1   953.4   969.8   986.2  1002.6  1019.0  1035.3  1051.7  1068.1  1084.5  1100.9  1117.2  1133.6  1150.0  1166.4  1182.8  1199.1  1215.5  1231.9  1248.3  1264.7  1281.0  1297.4  1313.8  1330.2  1346.6  1362.9  1379.3  1395.7  1412.1  1428.4  1444.8  1461.2  1477.6  1494.0  1510.3  1526.7  1543.1  1559.5  1575.9  1592.2  1608.6  1625.0  1641.4  1657.8  1674.1  1690.5  1706.9  1723.3  1739.7  1756.0  1772.4  1788.8  1805.2  1821.6  1837.9  1854.3  1870.7  1887.1  1903.4  1919.8  1936.2  1952.6  1969.0  1985.3  2001.7  2018.1  2034.5  2050.9  2067.2  2083.6  2100.0  2116.4  2132.8  2149.1  2165.5  2181.9  2198.3  2214.7  2231.0  2247.4  2263.8  2280.2  2296.6  2312.9  2329.3  2345.7  2362.1  2378.4  2394.8  2411.2  2427.6  2444.0  2460.3  2476.7  2493.1  2509.5  2525.9  2542.2  2558.6  2575.0  2591.4  2607.8  2624.1  2640.5  2656.9  2673.3  2689.7
 240.0   200.0   225.0   250.0   275.0   300.0   325.0   350.0   375.0   400.0   425.0   450.0   475.0   500.0   525.0   550.0   575.0   600.0   613.8   613.8   613.8   613.8   613.8   613.8   613.8   613.8   631.0   648.3   665.5   682.8   700.0   717.2   734.5   751.7   769.0   786.2   803.4   820.7   837.9   855.2   872.4   889.7   906.9   924.1   941.4   958.6   975.9   993.1  1010.3  1027.6  1044.8  1062.1  1079.3  1096.6  1113.8  1131.0  1148.3  1165.5  1182.8  1200.0  1217.2  1234.5  1251.7  1269.0  1286.2  1303.4  1320.7  1337.9  1355.2  1372.4  1389.7  1406.9  1424.1  1441.4  1458.6  1475.9  1493.1  1510.3  1527.6  1544.8  1562.1  1579.3  1596.6  1613.8  1631.0  1648.3  1665.5  1682.8  1700.0  1717.2  1734.5  1751.7  1769.0  1786.2  1803.4  1820.7  1837.9  1855.2  1872.4  1889.7  1906.9  1924.1  1941.4  1958.6  1975.9  1993.1  2010.3  2027.6  2044.8  2062.1  2079.3  2096.6  2113.8  2131.0  2148.3  2165.5  2182.8  2200.0  2217.2  2234.5  2251.7  2269.0  2286.2  2303.4  2320.7  2337.9  2355.2  2372.4  2389.7  2406.9  2424.1  2441.4  2458.6  2475.9  2493.1  2510.3  2527.6  2544.8  2562.1  2579.3  2596.6  2613.8  2631.0  2648.3  2665.5  2682.8  2700.0  2717.2  2734.5  2751.7  2769.0  2786.2  2803.4  2820.7
 252.0   200.0   225.0   250.0   275.0   300.0   325.0   350.0   375.0   400.0   425.0   450.0   475.0   500.0   525.0   550.0   575.0   600.0   625.0   634.5   634.5   634.5   634.5   634.5   634.5   634.5   652.6   670.7   688.8   706.9   725.0   743.1   761.2   779.3   797.4   815.5   833.6   851.7   869.8   887.9   906.0   924.1   942.2   960.3   978.4   996.6  1014.7  1032.8  1050.9  1069.0  1087.1  1105.2  1123.3  1141.4  1159.5  1177.6  1195.7  1213.8  1231.9  1250.0  1268.1  1286.2  1304.3  1322.4  1340.5  1358.6  1376.7  1394.8  1412.9  1431.0  1449.1  1467.2  1485.3  1503.4  1521.6  1539.7  1557.8  1575.9  1594.0  1612.1  1630.2  1648.3  1666.4  1684.5  1702.6  1720.7  1738.8  1756.9  1775.0  1793.1  1811.2  1829.3  1847.4  1865.5  1883.6  1901.7  1919.8  1937.9  1956.0  1974.1  1992.2  2010.3  2028.4  2046.6  2064.7  2082.8  2100.9  2119.0  2137.1  2155.2  2173.3  2191.4  2209.5  2227.6  2245.7  2263.8  2281.9  2300.0  2318.1  2336.2  2354.3  2372.4  2390.5  2408.6  2426.7  2444.8  2462.9  2481.0  2499.1  2517.2  2535.3  2553.4  2571.6  2589.7  2607.8  2625.9  2644.0  2662.1  2680.2  2698.3  2716.4  2734.5  2752.6  2770.7  2788.8  2806.9  2825.0  2843.1  2861.2  2879.3  2897.4  2915.5  2933.6  2951.7
 264.0   200.0   225.0   250.0   275.0   300.0   325.0   350.0   375.0   400.0   425.0   450.0   475.0   500.0   525.0   550.0   575.0   600.0   625.0   650.0   655.2   655.2   655.2   655.2   655.2   655.2   674.1   693.1   712.1   731.0   750.0   769.0   787.9   806.9   825.9   844.8   863.8   882.8   901.7   920.7   939.7   958.6   977.6   996.6  1015.5  1034.5  1053.4  1072.4  1091.4  1110.3  1129.3  1148.3  1167.2  1186.2  1205.2  1224.1  1243.1  1262.1  1281.0  1300.0  1319.0  1337.9  1356.9  1375.9  1394.8  1413.8  1432.8  1451.7  1470.7  1489.7  1508.6  1527.6  1546.6  1565.5  1584.5  1603.4  1622.4  1641.4  1660.3  1679.3  1698.3  1717.2  1736.2  1755.2  1774.1  1793.1  1812.1  1831.0  1850.0  1869.0  1887.9  1906.9  1925.9  1944.8  1963.8  1982.8  2001.7  2020.7  2039.7  2058.6  2077.6  2096.6  2115.5  2134.5  2153.4  2172.4  2191.4  2210.3  2229.3  2248.3  2267.2  2286.2  2305.2  2324.1  2343.1  2362.1  2381.0  2400.0  2419.0  2437.9  2456.9  2475.9  2494.8  2513.8  2532.8  2551.7  2570.7  2589.7  2608.6  2627.6  2646.6  2665.5  2684.5  2703.4  2722.4  2741.4  2760.3  2779.3  2798.3  2817.2  2836.2  2855.2  2874.1  2893.1  2912.1  2931.0  2950.0  2969.0  2987.9  3006.9  3025.9  3044.8  3063.8  3082.8
 276.0   200.0   225.0   250.0   275.0   300.0   325.0   350.0   375.0   400.0   425.0   450.0   475.0   500.0   525.0   550.0   575.0   600.0   625.0   650.0   675.0   675.9   675.9   675.9   675.9   675.9   695.7   715.5   735.3   755.2   775.0   794.8   814.7   834.5   854.3   874.1   894.0   913.8   933.6   953.4   973.3   993.1  1012.9  1032.8  1052.6  1072.4  1092.2  1112.1  1131.9  1151.7  1171.6  1191.4  1211.2  1231.0  1250.9  1270.7  1290.5  1310.3  1330.2  1350.0  1369.8  1389.7  1409.5  1429.3  1449.1  1469.0  1488.8  1508.6  1528.4  1548.3  1568.1  1587.9  1607.8  1627.6  1647.4  1667.2  1687.1  1706.9  1726.7  1746.6  1766.4  1786.2  1806.0  1825.9  1845.7  1865.5  1885.3  1905.2  1925.0  1944.8  1964.7  1984.5  2004.3  2024.1  2044.0  2063.8  2083.6  2103.4  2123.3  2143.1  2162.9  2182.8  2202.6  2222.4  2242.2  2262.1  2281.9  2301.7  2321.6  2341.4  2361.2  2381.0  2400.9  2420.7  2440.5  2460.3  2480.2  2500.0  2519.8  2539.7  2559.5  2579.3  2599.1  2619.0  2638.8  2658.6  2678.4  2698.3  2718.1  2737.9  2757.8  2777.6  2797.4  2817.2  2837.1  2856.9  2876.7  2896.6  2916.4  2936.2  2956.0  2975.9  2995.7  3015.5  3035.3  3055.2  3075.0  3094.8  3114.7  3134.5  3154.3  3174.1  3194.0  3213.8
 288.0   200.0   225.0   250.0   275.0   300.0   325.0   350.0   375.0   400.0   425.0   450.0   475.0   500.0   525.0   550.0   575.0   600.0   625.0   650.0   675.0   696.6   696.6   696.6   696.6   696.6   717.2   737.9   758.6   779.3   800.0   820.7   841.4   862.1   882.8   903.4   924.1   944.8   965.5   986.2  1006.9  1027.6  1048.3  1069.0  1089.7  1110.3  1131.0  1151.7  1172.4  1193.1  1213.8  1234.5  1255.2  1275.9  1296.6  1317.2  1337.9  1358.6  1379.3  1400.0  1420.7  1441.4  1462.1  1482.8  1503.4  1524.1  1544.8  1565.5  1586.2  1606.9  1627.6  1648.3  1669.0  1689.7  1710.3  1731.0  1751.7  1772.4  1793.1  1813.8  1834.5  1855.2  1875.9  1896.6  1917.2  1937.9  1958.6  1979.3  2000.0  2020.7  2041.4  2062.1  2082.8  2103.4  2124.1  2144.8  2165.5  2186.2  2206.9  2227.6  2248.3  2269.0  2289.7  2310.3  2331.0  2351.7  2372.4  2393.1  2413.8  2434.5  2455.2  2475.9  2496.6  2517.2  2537.9  2558.6  2579.3  2600.0  2620.7  2641.4  2662.1  2682.8  2703.4  2724.1  2744.8  2765.5  2786.2  2806.9  2827.6  2848.3  2869.0  2889.7  2910.3  2931.0  2951.7  2972.4  2993.1  3013.8  3034.5  3055.2  3075.9  3096.6  3117.2  3137.9  3158.6  3179.3  3200.0  3220.7  3241.4  3262.1  3282.8  3303.4  3324.1  3344.8
 300.0   200.0   225.0   250.0   275.0   300.0   325.0   350.0   375.0   400.0   425.0   450.0   475.0   500.0   525.0   550.0   575.0   600.0   625.0   650.0   675.0   700.0   717.2   717.2   717.2   717.2   738.8   760.3   781.9   803.4   825.0   846.6   868.1   889.7   911.2   932.8   954.3   975.9   997.4  1019.0  1040.5  1062.1  1083.6  1105.2  1126.7  1148.3  1169.8  1191.4  1212.9  1234.5  1256.0  1277.6  1299.1  1320.7  1342.2  1363.8  1385.3  1406.9  1428.4  1450.0  1471.6  1493.1  1514.7  1536.2  1557.8  1579.3  1600.9  1622.4  1644.0  1665.5  1687.1  1708.6  1730.2  1751.7  1773.3  1794.8  1816.4  1837.9  1859.5  1881.0  1902.6  1924.1  1945.7  1967.2  1988.8  2010.3  2031.9  2053.4  2075.0  2096.6  2118.1  2139.7  2161.2  2182.8  2204.3  2225.9  2247.4  2269.0  2290.5  2312.1  2333.6  2355.2  2376.7  2398.3  2419.8  2441.4  2462.9  2484.5  2506.0  2527.6  2549.1  2570.7  2592.2  2613.8  2635.3  2656.9  2678.4  2700.0  2721.6  2743.1  2764.7  2786.2  2807.8  2829.3  2850.9  2872.4  2894.0  2915.5  2937.1  2958.6  2980.2  3001.7  3023.3  3044.8  3066.4  3087.9  3109.5  3131.0  3152.6  3174.1  3195.7  3217.2  3238.8  3260.3  3281.9  3303.4  3325.0  3346.6  3368.1  3389.7  3411.2  3432.8  3454.3  3475.9
 312.0   200.0   225.0   250.0   275.0   300.0   325.0   350.0   375.0   400.0   425.0   450.0   475.0   500.0   525.0   550.0   575.0   600.0   625.0   650.0   675.0   700.0   725.0   737.9   737.9   737.9   760.3   782.8   805.2   827.6   850.0   872.4   894.8   917.2   939.7   962.1   984.5  1006.9  1029.3  1051.7  1074.1  1096.6  1119.0  1141.4  1163.8  1186.2  1208.6  1231.0  1253.4  1275.9  1298.3  1320.7  1343.1  1365.5  1387.9  1410.3  1432.8  1455.2  1477.6  1500.0  1522.4  1544.8  1567.2  1589.7  1612.1  1634.5  1656.9  1679.3  1701.7  1724.1  1746.6  1769.0  1791.4  1813.8  1836.2  1858.6  1881.0  1903.4  1925.9  1948.3  1970.7  1993.1  2015.5  2037.9  2060.3  2082.8  2105.2  2127.6  2150.0  2172.4  2194.8  2217.2  2239.7  2262.1  2284.5  2306.9  2329.3  2351.7  2374.1  2396.6  2419.0  2441.4  2463.8  2486.2  2508.6  2531.0  2553.4  2575.9  2598.3  2620.7  2643.1  2665.5  2687.9  2710.3  2732.8  2755.2  2777.6  2800.0  2822.4  2844.8  2867.2  2889.7  2912.1  2934.5  2956.9  2979.3  3001.7  3024.1  3046.6  3069.0  3091.4  3113.8  3136.2  3158.6  3181.0  3203.4  3225.9  3248.3  3270.7  3293.1  3315.5  3337.9  3360.3  3382.8  3405.2  3427.6  3450.0  3472.4  3494.8  3517.2  3539.7  3562.1  3584.5  3606.9
 324.0   200.0   225.0   250.0   275.0   300.0   325.0   350.0   375.0   400.0   425.0   450.0   475.0   500.0   525.0   550.0   575.0   600.0   625.0   650.0   675.0   700.0   725.0   750.0   758.6   758.6   781.9   805.2   828.4   851.7   875.0   898.3   921.6   944.8   968.1   991.4  1014.7  1037.9  1061.2  1084.5  1107.8  1131.0  1154.3  1177.6  1200.9  1224.1  1247.4  1270.7  1294.0  1317.2  1340.5  1363.8  1387.1  1410.3  1433.6  1456.9  1480.2  1503.4  1526.7  1550.0  1573.3  1596.6  1619.8  1643.1  1666.4  1689.7  1712.9  1736.2  1759.5  1782.8  1806.0  1829.3  1852.6  1875.9  1899.1  1922.4  1945.7  1969.0  1992.2  2015.5  2038.8  2062.1  2085.3  2108.6  2131.9  2155.2  2178.4  2201.7  2225.0  2248.3  2271.6  2294.8  2318.1  2341.4  2364.7  2387.9  2411.2  2434.5  2457.8  2481.0  2504.3  2527.6  2550.9  2574.1  2597.4  2620.7  2644.0  2667.2  2690.5  2713.8  2737.1  2760.3  2783.6  2806.9  2830.2  2853.4  2876.7  2900.0  2923.3  2946.6  2969.8  2993.1  3016.4  3039.7  3062.9  3086.2  3109.5  3132.8  3156.0  3179.3  3202.6  3225.9  3249.1  3272.4  3295.7  3319.0  3342.2  3365.5  3388.8  3412.1  3435.3  3458.6  3481.9  3505.2  3528.4  3551.7  3575.0  3598.3  3621.6  3644.8  3668.1  3691.4  3714.7  3737.9
 336.0   200.0   225.0   250.0   275.0   300.0   325.0   350.0   375.0   400.0   425.0   450.0   475.0   500.0   525.0   550.0   575.0   600.0   625.0   650.0   675.0   700.0   725.0   750.0   775.0   779.3   803.4   827.6   851.7   875.9   900.0   924.1   948.3   972.4   996.6  1020.7  1044.8  1069.0  1093.1  1117.2  1141.4  1165.5  1189.7  1213.8  1237.9  1262.1  1286.2  1310.3  1334.5  1358.6  1382.8  1406.9  1431.0  1455.2  1479.3  1503.4  1527.6  1551.7  1575.9  1600.0  1624.1  1648.3  1672.4  1696.6  1720.7  1744.8  1769.0  1793.1  1817.2  1841.4  1865.5  1889.7  1913.8  1937.9  1962.1  1986.2  2010.3  2034.5  2058.6  2082.8  2106.9  2131.0  2155.2  2179.3  2203.4  2227.6  2251.7  2275.9  2300.0  2324.1  2348.3  2372.4  2396.6  2420.7  2444.8  2469.0  2493.1  2517.2  2541.4  2565.5  2589.7  2613.8  2637.9  2662.1  2686.2  2710.3  2734.5  2758.6  2782.8  2806.9  2831.0  2855.2  2879.3  2903.4  2927.6  2951.7  2975.9  3000.0  3024.1  3048.3  3072.4  3096.6  3120.7  3144.8  3169.0  3193.1  3217.2  3241.4  3265.5  3289.7  3313.8  3337.9  3362.1  3386.2  3410.3  3434.5  3458.6  3482.8  3506.9  3531.0  3555.2  3579.3  3603.4  3627.6  3651.7  3675.9  3700.0  3724.1  3748.3  3772.4  3796.6  3820.7  3844.8  3869.0
 348.0   200.0   225.0   250.0   275.0   300.0   325.0   350.0   375.0   400.0   425.0   450.0   475.0   500.0   525.0   550.0   575.0   600.0   625.0   650.0   675.0   700.0   725.0   750.0   775.0   800.0   825.0   850.0   875.0   900.0   925.0   950.0   975.0  1000.0  1025.0  1050.0  1075.0  1100.0  1125.0  1150.0  1175.0  1200.0  1225.0  1250.0  1275.0  1300.0  1325.0  1350.0  1375.0  1400.0  1425.0  1450.0  1475.0  1500.0  1525.0  1550.0  1575.0  1600.0  1625.0  1650.0  1675.0  1700.0  1725.0  1750.0  1775.0  1800.0  1825.0  1850.0  1875.0  1900.0  1925.0  1950.0  1975.0  2000.0  2025.0  2050.0  2075.0  2100.0  2125.0  2150.0  2175.0  2200.0  2225.0  2250.0  2275.0  2300.0  2325.0  2350.0  2375.0  2400.0  2425.0  2450.0  2475.0  2500.0  2525.0  2550.0  2575.0  2600.0  2625.0  2650.0  2675.0  2700.0  2725.0  2750.0  2775.0  2800.0  2825.0  2850.0  2875.0  2900.0  2925.0  2950.0  2975.0  3000.0  3025.0  3050.0  3075.0  3100.0  3125.0  3150.0  3175.0  3200.0  3225.0  3250.0  3275.0  3300.0  3325.0  3350.0  3375.0  3400.0  3425.0  3450.0  3475.0  3500.0  3525.0  3550.0  3575.0  3600.0  3625.0  3650.0  3675.0  3700.0  3725.0  3750.0  3775.0  3800.0  3825.0  3850.0  3875.0  3900.0  3925.0  3950.0  3975.0  4000.0
 360.0   200.0   225.0   250.0   275.0   300.0   325.0   350.0   375.0   400.0   425.0   450.0   475.0   500.0   525.0   550.0   575.0   600.0   625.0   650.0   675.0   700.0   725.0   750.0   775.0   800.0   825.0   850.0   875.0   900.0   925.0   950.0   975.0  1000.0  1025.0  1050.0  1075.0  1100.0  1125.0  1150.0  1175.0  1200.0  1225.0  1250.0  1275.0  1300.0  1325.0  1350.0  1375.0  1400.0  1425.0  1450.0  1475.0  1500.0  1525.0  1550.0  1575.0  1600.0  1625.0  1650.0  1675.0  1700.0  1725.0  1750.0  1775.0  1800.0  1825.0  1850.0  1875.0  1900.0  1925.0  1950.0  1975.0  2000.0  2025.0  2050.0  2075.0  2100.0  2125.0  2150.0  2175.0  2200.0  2225.0  2250.0  2275.0  2300.0  2325.0  2350.0  2375.0  2400.0  2425.0  2450.0  2475.0  2500.0  2525.0  2550.0  2575.0  2600.0  2625.0  2650.0  2675.0  2700.0  2725.0  2750.0  2775.0  2800.0  2825.0  2850.0  2875.0  2900.0  2925.0  2950.0  2975.0  3000.0  3025.0  3050.0  3075.0  3100.0  3125.0  3150.0  3175.0  3200.0  3225.0  3250.0  3275.0  3300.0  3325.0  3350.0  3375.0  3400.0  3425.0  3450.0  3475.0  3500.0  3525.0  3550.0  3575.0  3600.0  3625.0  3650.0  3675.0  3700.0  3725.0  3750.0  3775.0  3800.0  3825.0  3850.0  3875.0  3900.0  3925.0  3950.0  3975.0  4000.0
 372.0   200.0   225.0   250.0   275.0   300.0   325.0   350.0   375.0   400.0   425.0   450.0   475.0   500.0   525.0   550.0   575.0   600.0   625.0   650.0   675.0   700.0   725.0   750.0   775.0   800.0   825.0   850.0   875.0   900.0   925.0   950.0   975.0  1000.0  1025.0  1050.0  1075.0  1100.0  1125.0  1150.0  1175.0  1200.0  1225.0  1250.0  1275.0  1300.0  1325.0  1350.0  1375.0  1400.0  1425.0  1450.0  1475.0  1500.0  1525.0  1550.0  1575.0  1600.0  1625.0  1650.0  1675.0  1700.0  1725.0  1750.0  1775.0  1800.0  1825.0  1850.0  1875.0  1900.0  1925.0  1950.0  1975.0  2000.0  2025.0  2050.0  2075.0  2100.0  2125.0  2150.0  2175.0  2200.0  2225.0  2250.0  2275.0  2300.0  2325.0  2350.0  2375.0  2400.0  2425.0  2450.0  2475.0  2500.0  2525.0  2550.0  2575.0  2600.0  2625.0  2650.0  2675.0  2700.0  2725.0  2750.0  2775.0  2800.0  2825.0  2850.0  2875.0  2900.0  2925.0  2950.0  2975.0  3000.0  3025.0  3050.0  3075.0  3100.0  3125.0  3150.0  3175.0  3200.0  3225.0  3250.0  3275.0  3300.0  3325.0  3350.0  3375.0  3400.0  3425.0  3450.0  3475.0  3500.0  3525.0  3550.0  3575.0  3600.0  3625.0  3650.0  3675.0  3700.0  3725.0  3750.0  3775.0  3800.0  3825.0  3850.0  3875.0  3900.0  3925.0  3950.0  3975.0  4000.0
 384.0   200.0   225.0   250.0   275.0   300.0   325.0   350.0   375.0   400.0   425.0   450.0   475.0   500.0   525.0   550.0   575.0   600.0   625.0   650.0   675.0   700.0   725.0   750.0   775.0   779.3   803.4   827.6   851.7   875.9   900.0   924.1   948.3   972.4   996.6  1020.7  1044.8  1069.0  1093.1  1117.2  1141.4  1165.5  1189.7  1213.8  1237.9  1262.1  1286.2  1310.3  1334.5  1358.6  1382.8  1406.9  1431.0  1455.2  1479.3  1503.4  1527.6  1551.7  1575.9  1600.0  1624.1  1648.3  1672.4  1696.6  1720.7  1744.8  1769.0  1793.1  1817.2  1841.4  1865.5  1889.7  1913.8  1937.9  1962.1  1986.2  2010.3  2034.5  2058.6  2082.8  2106.9  2131.0  2155.2  2179.3  2203.4  2227.6  2251.7  2275.9  2300.0  2324.1  2348.3  2372.4  2396.6  2420.7  2444.8  2469.0  2493.1  2517.2  2541.4  2565.5  2589.7  2613.8  2637.9  2662.1  2686.2  2710.3  2734.5  2758.6  2782.8  2806.9  2831.0  2855.2  2879.3  2903.4  2927.6  2951.7  2975.9  3000.0  3024.1  3048.3  3072.4  3096.6  3120.7  3144.8  3169.0  3193.1  3217.2  3241.4  3265.5  3289.7  3313.8  3337.9  3362.1  3386.2  3410.3  3434.5  3458.6  3482.8  3506.9  3531.0  3555.2  3579.3  3603.4  3627.6  3651.7  3675.9  3700.0  3724.1  3748.3  3772.4  3796.6  3820.7  3844.8  3869.0
 396.0   200.0   225.0   250.0   275.0   300.0   325.0   350.0   375.0   400.0   425.0   450.0   475.0   500.0   525.0   550.0   575.0   600.0   625.0   650.0   675.0   700.0   725.0   750.0   758.6   758.6   781.9   805.2   828.4   851.7   875.0   898.3   921.6   944.8   968.1   991.4  1014.7  1037.9  1061.2  1084.5  1107.8  1131.0  1154.3  1177.6  1200.9  1224.1  1247.4  1270.7  1294.0  1317.2  1340.5  1363.8  1387.1  1410.3  1433.6  1456.9  1480.2  1503.4  1526.7  1550.0  1573.3  1596.6  1619.8  1643.1  1666.4  1689.7  1712.9  1736.2  1759.5  1782.8  1806.0  1829.3  1852.6  1875.9  1899.1  1922.4  1945.7  1969.0  1992.2  2015.5  2038.8  2062.1  2085.3  2108.6  2131.9  2155.2  2178.4  2201.7  2225.0  2248.3  2271.6  2294.8  2318.1  2341.4  2364.7  2387.9  2411.2  2434.5  2457.8  2481.0  2504.3  2527.6  2550.9  2574.1  2597.4  2620.7  2644.0  2667.2  2690.5  2713.8  2737.1  2760.3  2783.6  2806.9  2830.2  2853.4  2876.7  2900.0  2923.3  2946.6  2969.8  2993.1  3016.4  3039.7  3062.9  3086.2  3109.5  3132.8  3156.0  3179.3  3202.6  3225.9  3249.1  3272.4  3295.7  3319.0  3342.2  3365.5  3388.8  3412.1  3435.3  3458.6  3481.9  3505.2  3528.4  3551.7  3575.0  3598.3  3621.6  3644.8  3668.1  3691.4  3714.7  3737.9
 408.0   200.0   225.0   250.0   275.0   300.0   325.0   350.0   375.0   400.0   425.0   450.0   475.0   500.0   525.0   550.0   575.0   600.0   625.0   650.0   675.0   700.0   725.0   737.9   737.9   737.9   760.3   782.8   805.2   827.6   850.0   872.4   894.8   917.2   939.7   962.1   984.5  1006.9  1029.3  1051.7  1074.1  1096.6  1119.0  1141.4  1163.8  1186.2  1208.6  1231.0  1253.4  1275.9  1298.3  1320.7  1343.1  1365.5  1387.9  1410.3  1432.8  1455.2  1477.6  1500.0  1522.4  1544.8  1567.2  1589.7  1612.1  1634.5  1656.9  1679.3  1701.7  1724.1  1746.6  1769.0  1791.4  1813.8  1836.2  1858.6  1881.0  1903.4  1925.9  1948.3  1970.7  1993.1  2015.5  2037.9  2060.3  2082.8  2105.2  2127.6  2150.0  2172.4  2194.8  2217.2  2239.7  2262.1  2284.5  2306.9  2329.3  2351.7  2374.1  2396.6  2419.0  2441.4  2463.8  2486.2  2508.6  2531.0  2553.4  2575.9  2598.3  2620.7  2643.1  2665.5  2687.9  2710.3  2732.8  2755.2  2777.6  2800.0  2822.4  2844.8  2867.2  2889.7  2912.1  2934.5  2956.9  2979.3  3001.7  3024.1  3046.6  3069.0  3091.4  3113.8  3136.2  3158.6  3181.0  3203.4  3225.9  3248.3  3270.7  3293.1  3315.5  3337.9  3360.3  3382.8  3405.2  3427.6  3450.0  3472.4  3494.8  3517.2  3539.7  3562.1  3584.5  3606.9
 420.0   200.0   225.0   250.0   275.0   300.0   325.0   350.0   375.0   400.0   425.0   450.0   475.0   500.0   525.0   550.0   575.0   600.0   625.0   650.0   675.0   700.0   717.2   717.2   717.2   717.2   738.8   760.3   781.9   803.4   825.0   846.6   868.1   889.7   911.2   932.8   954.3   975.9   997.4  1019.0  1040.5  1062.1  1083.6  1105.2  1126.7  1148.3  1169.8  1191.4  1212.9  1234.5  1256.0  1277.6  1299.1  1320.7  1342.2  1363.8  1385.3  1406.9  1428.4  1450.0  1471.6  1493.1  1514.7  1536.2  1557.8  1579.3  1600.9  1622.4  1644.0  1665.5  1687.1  1708.6  1730.2  1751.7  1773.3  1794.8  1816.4  1837.9  1859.5  1881.0  1902.6  1924.1  1945.7  1967.2  1988.8  2010.3  2031.9  2053.4  2075.0  2096.6  2118.1  2139.7  2161.2  2182.8  2204.3  2225.9  2247.4  2269.0  2290.5  2312.1  2333.6  2355.2  2376.7  2398.3  2419.8  2441.4  2462.9  2484.5  2506.0  2527.6  2549.1  2570.7  2592.2  2613.8  2635.3  2656.9  2678.4  2700.0  2721.6  2743.1  2764.7  2786.2  2807.8  2829.3  2850.9  2872.4  2894.0  2915.5  2937.1  2958.6  2980.2  3001.7  3023.3  3044.8  3066.4  3087.9  3109.5  3131.0  3152.6  3174.1  3195.7  3217.2  3238.8  3260.3  3281.9  3303.4  3325.0  3346.6  3368.1  3389.7  3411.2  3432.8  3454.3  3475.9
 432.0   200.0   225.0   250.0   275.0   300.0   325.0   350.0   375.0   400.0   425.0   450.0   475.0   500.0   525.0   550.0   575.0   600.0   625.0   650.0   675.0   696.6   696.6   696.6   696.6   696.6   717.2   737.9   758.6   779.3   800.0   820.7   841.4   862.1   882.8   903.4   924.1   944.8   965.5   986.2  1006.9  1027.6  1048.3  1069.0  1089.7  1110.3  1131.0  1151.7  1172.4  1193.1  1213.8  1234.5  1255.2  1275.9  1296.6  1317.2  1337.9  1358.6  1379.3  1400.0  1420.7  1441.4  1462.1  1482.8  1503.4  1524.1  1544.8  1565.5  1586.2  1606.9  1627.6  1648.3  1669.0  1689.7  1710.3  1731.0  1751.7  1772.4  1793.1  1813.8  1834.5  1855.2  1875.9  1896.6  1917.2  1937.9  1958.6  1979.3  2000.0  2020.7  2041.4  2062.1  2082.8  2103.4  2124.1  2144.8  2165.5  2186.2  2206.9  2227.6  2248.3  2269.0  2289.7  2310.3  2331.0  2351.7  2372.4  2393.1  2413.8  2434.5  2455.2  2475.9  2496.6  2517.2  2537.9  2558.6  2579.3  2600.0  2620.7  2641.4  2662.1  2682.8  2703.4  2724.1  2744.8  2765.5  2786.2  2806.9  2827.6  2848.3  2869.0  2889.7  2910.3  2931.0  2951.7  2972.4  2993.1  3013.8  3034.5  3055.2  3075.9  3096.6  3117.2  3137.9  3158.6  3179.3  3200.0  3220.7  3241.4  3262.1  3282.8  3303.4  3324.1  3344.8
 444.0   200.0   225.0   250.0   275.0   300.0   325.0   350.0   375.0   400.0   425.0   450.0   475.0   500.0   525.0   550.0   575.0   600.0   625.0   650.0   675.0   675.9   675.9   675.9   675.9   675.9   695.7   715.5   735.3   755.2   775.0   794.8   814.7   834.5   854.3   874.1   894.0   913.8   933.6   953.4   973.3   993.1  1012.9  1032.8  1052.6  1072.4  1092.2  1112.1  1131.9  1151.7  1171.6  1191.4  1211.2  1231.0  1250.9  1270.7  1290.5  1310.3  1330.2  1350.0  1369.8  1389.7  1409.5  1429.3  1449.1  1469.0  1488.8  1508.6  1528.4  1548.3  1568.1  1587.9  1607.8  1627.6  1647.4  1667.2  1687.1  1706.9  1726.7  1746.6  1766.4  1786.2  1806.0  1825.9  1845.7  1865.5  1885.3  1905.2  1925.0  1944.8  1964.7  1984.5  2004.3  2024.1  2044.0  2063.8  2083.6  2103.4  2123.3  2143.1  2162.9  2182.8  2202.6  2222.4  2242.2  2262.1  2281.9  2301.7  2321.6  2341.4  2361.2  2381.0  2400.9  2420.7  2440.5  2460.3  2480.2  2500.0  2519.8  2539.7  2559.5  2579.3  2599.1  2619.0  2638.8  2658.6  2678.4  2698.3  2718.1  2737.9  2757.8  2777.6  2797.4  2817.2  2837.1  2856.9  2876.7  2896.6  2916.4  2936.2  2956.0  2975.9  2995.7  3015.5  3035.3  3055.2  3075.0  3094.8  3114.7  3134.5  3154.3  3174.1  3194.0  3213.8
 456.0   200.0   225.0   250.0   275.0   300.0   325.0   350.0   375.0   400.0   425.0   450.0   475.0   500.0   525.0   550.0   575.0   600.0   625.0   650.0   655.2   655.2   655.2   655.2   655.2   655.2   674.1   693.1   712.1   731.0   750.0   769.0   787.9   806.9   825.9   844.8   863.8   882.8   901.7   920.7   939.7   958.6   977.6   996.6  1015.5  1034.5  1053.4  1072.4  1091.4  1110.3  1129.3  1148.3  1167.2  1186.2  1205.2  1224.1  1243.1  1262.1  1281.0  1300.0  1319.0  1337.9  1356.9  1375.9  1394.8  1413.8  1432.8  1451.7  1470.7  1489.7  1508.6  1527.6  1546.6  1565.5  1584.5  1603.4  1622.4  1641.4  1660.3  1679.3  1698.3  1717.2  1736.2  1755.2  1774.1  1793.1  1812.1  1831.0  1850.0  1869.0  1887.9  1906.9  1925.9  1944.8  1963.8  1982.8  2001.7  2020.7  2039.7  2058.6  2077.6  2096.6  2115.5  2134.5  2153.4  2172.4  2191.4  2210.3  2229.3  2248.3  2267.2  2286.2  2305.2  2324.1  2343.1  2362.1  2381.0  2400.0  2419.0  2437.9  2456.9  2475.9  2494.8  2513.8  2532.8  2551.7  2570.7  2589.7  2608.6  2627.6  2646.6  2665.5  2684.5  2703.4  2722.4  2741.4  2760.3  2779.3  2798.3  2817.2  2836.2  2855.2  2874.1  2893.1  2912.1  2931.0  2950.0  2969.0  2987.9  3006.9  3025.9  3044.8  3063.8  3082.8
 468.0   200.0   225.0   250.0   275.0   300.0   325.0   350.0   375.0   400.0   425.0   450.0   475.0   500.0   525.0   550.0   575.0   600.0   625.0   634.5   634.5   634.5   634.5   634.5   634.5   634.5   652.6   670.7   688.8   706.9   725.0   743.1   761.2   779.3   797.4   815.5   833.6   851.7   869.8   887.9   906.0   924.1   942.2   960.3   978.4   996.6  1014.7  1032.8  1050.9  1069.0  1087.1  1105.2  1123.3  1141.4  1159.5  1177.6  1195.7  1213.8  1231.9  1250.0  1268.1  1286.2  1304.3  1322.4  1340.5  1358.6  1376.7  1394.8  1412.9  1431.0  1449.1  1467.2  1485.3  1503.4  1521.6  1539.7  1557.8  1575.9  1594.0  1612.1  1630.2  1648.3  1666.4  1684.5  1702.6  1720.7  1738.8  1756.9  1775.0  1793.1  1811.2  1829.3  1847.4  1865.5  1883.6  1901.7  1919.8  1937.9  1956.0  1974.1  1992.2  2010.3  2028.4  2046.6  2064.7  2082.8  2100.9  2119.0  2137.1  2155.2  2173.3  2191.4  2209.5  2227.6  2245.7  2263.8  2281.9  2300.0  2318.1  2336.2  2354.3  2372.4  2390.5  2408.6  2426.7  2444.8  2462.9  2481.0  2499.1  2517.2  2535.3  2553.4  2571.6  2589.7  2607.8  2625.9  2644.0  2662.1  2680.2  2698.3  2716.4  2734.5  2752.6  2770.7  2788.8  2806.9  2825.0  2843.1  2861.2  2879.3  2897.4  2915.5  2933.6  2951.7
 480.0   200.0   225.0   250.0   275.0   300.0   325.0   350.0   375.0   400.0   425.0   450.0   475.0   500.0   525.0   550.0   575.0   600.0   613.8   613.8   613.8   613.8   613.8   613.8   613.8   613.8   631.0   648.3   665.5   682.8   700.0   717.2   734.5   751.7   769.0   786.2   803.4   820.7   837.9   855.2   872.4   889.7   906.9   924.1   941.4   958.6   975.9   993.1  1010.3  1027.6  1044.8  1062.1  1079.3  1096.6  1113.8  1131.0  1148.3  1165.5  1182.8  1200.0  1217.2  1234.5  1251.7  1269.0  1286.2  1303.4  1320.7  1337.9  1355.2  1372.4  1389.7  1406.9  1424.1  1441.4  1458.6  1475.9  1493.1  1510.3  1527.6  1544.8  1562.1  1579.3  1596.6  1613.8  1631.0  1648.3  1665.5  1682.8  1700.0  1717.2  1734.5  1751.7  1769.0  1786.2  1803.4  1820.7  1837.9  1855.2  1872.4  1889.7  1906.9  1924.1  1941.4  1958.6  1975.9  1993.1  2010.3  2027.6  2044.8  2062.1  2079.3  2096.6  2113.8  2131.0  2148.3  2165.5  2182.8  2200.0  2217.2  2234.5  2251.7  2269.0  2286.2  2303.4  2320.7  2337.9  2355.2  2372.4  2389.7  2406.9  2424.1  2441.4  2458.6  2475.9  2493.1  2510.3  2527.6  2544.8  2562.1  2579.3  2596.6  2613.8  2631.0  2648.3  2665.5  2682.8  2700.0  2717.2  2734.5  2751.7  2769.0  2786.2  2803.4  2820.7
 492.0   200.0   225.0   250.0   275.0   300.0   325.0   350.0   375.0   400.0   425.0   450.0   475.0   500.0   525.0   550.0   575.0   593.1   593.1   593.1   593.1   593.1   593.1   593.1   593.1   593.1   609.5   625.9   642.2   658.6   675.0   691.4   707.8   724.1   740.5   756.9   773.3   789.7   806.0   822.4   838.8   855.2   871.6   887.9   904.3   920.7   937.1   953.4   969.8   986.2  1002.6  1019.0  1035.3  1051.7  1068.1  1084.5  1100.9  1117.2  1133.6  1150.0  1166.4  1182.8  1199.1  1215.5  1231.9  1248.3  1264.7  1281.0  1297.4  1313.8  1330.2  1346.6  1362.9  1379.3  1395.7  1412.1  1428.4  1444.8  1461.2  1477.6  1494.0  1510.3  1526.7  1543.1  1559.5  1575.9  1592.2  1608.6  1625.0  1641.4  1657.8  1674.1  1690.5  1706.9  1723.3  1739.7  1756.0  1772.4  1788.8  1805.2  1821.6  1837.9  1854.3  1870.7  1887.1  1903.4  1919.8  1936.2  1952.6  1969.0  1985.3  2001.7  2018.1  2034.5  2050.9  2067.2  2083.6  2100.0  2116.4  2132.8  2149.1  2165.5  2181.9  2198.3  2214.7  2231.0  2247.4  2263.8  2280.2  2296.6  2312.9  2329.3  2345.7  2362.1  2378.4  2394.8  2411.2  2427.6  2444.0  2460.3  2476.7  2493.1  2509.5  2525.9  2542.2  2558.6  2575.0  2591.4  2607.8  2624.1  2640.5  2656.9  2673.3  2689.7
 504.0   200.0   225.0   250.0   275.0   300.0   325.0   350.0   375.0   400.0   425.0   450.0   475.0   500.0   525.0   550.0   572.4   572.4   572.4   572.4   572.4   572.4   572.4   572.4   572.4   572.4   587.9   603.4   619.0   634.5   650.0   665.5   681.0   696.6   712.1   727.6   743.1   758.6   774.1   789.7   805.2   820.7   836.2   851.7   867.2   882.8   898.3   913.8   929.3   944.8   960.3   975.9   991.4  1006.9  1022.4  1037.9  1053.4  1069.0  1084.5  1100.0  1115.5  1131.0  1146.6  1162.1  1177.6  1193.1  1208.6  1224.1  1239.7  1255.2  1270.7  1286.2  1301.7  1317.2  1332.8  1348.3  1363.8  1379.3  1394.8  1410.3  1425.9  1441.4  1456.9  1472.4  1487.9  1503.4  1519.0  1534.5  1550.0  1565.5  1581.0  1596.6  1612.1  1627.6  1643.1  1658.6  1674.1  1689.7  1705.2  1720.7  1736.2  1751.7  1767.2  1782.8  1798.3  1813.8  1829.3  1844.8  1860.3  1875.9  1891.4  1906.9  1922.4  1937.9  1953.4  1969.0  1984.5  2000.0  2015.5  2031.0  2046.6  2062.1  2077.6  2093.1  2108.6  2124.1  2139.7  2155.2  2170.7  2186.2  2201.7  2217.2  2232.8  2248.3  2263.8  2279.3  2294.8  2310.3  2325.9  2341.4  2356.9  2372.4  2387.9  2403.4  2419.0  2434.5  2450.0  2465.5  2481.0  2496.6  2512.1  2527.6  2543.1  2558.6
 516.0   200.0   225.0   250.0   275.0   300.0   325.0   350.0   375.0   400.0   425.0   450.0   475.0   500.0   525.0   550.0   551.7   551.7   551.7   551.7   551.7   551.7   551.7   551.7   551.7   551.7   566.4   581.0   595.7   610.3   625.0   639.7   654.3   669.0   683.6   698.3   712.9   727.6   742.2   756.9   771.6   786.2   800.9   815.5   830.2   844.8   859.5   874.1   888.8   903.4   918.1   932.8   947.4   962.1   976.7   991.4  1006.0  1020.7  1035.3  1050.0  1064.7  1079.3  1094.0  1108.6  1123.3  1137.9  1152.6  1167.2  1181.9  1196.6  1211.2  1225.9  1240.5  1255.2  1269.8  1284.5  1299.1  1313.8  1328.4  1343.1  1357.8  1372.4  1387.1  1401.7  1416.4  1431.0  1445.7  1460.3  1475.0  1489.7  1504.3  1519.0  1533.6  1548.3  1562.9  1577.6  1592.2  1606.9  1621.6  1636.2  1650.9  1665.5  1680.2  1694.8  1709.5  1724.1  1738.8  1753.4  1768.1  1782.8  1797.4  1812.1  1826.7  1841.4  1856.0  1870.7  1885.3  1900.0  1914.7  1929.3  1944.0  1958.6  1973.3  1987.9  2002.6  2017.2  2031.9  2046.6  2061.2  2075.9  2090.5  2105.2  2119.8  2134.5  2149.1  2163.8  2178.4  2193.1  2207.8  2222.4  2237.1  2251.7  2266.4  2281.0  2295.7  2310.3  2325.0  2339.7  2354.3  2369.0  2383.6  2398.3  2412.9  2427.6
 528.0   200.0   225.0   250.0   275.0   300.0   325.0   350.0   375.0   400.0   425.0   450.0   475.0   500.0   525.0   531.0   531.0   531.0   531.0   531.0   531.0   531.0   531.0   531.0   531.0   531.0   544.8   558.6   572.4   586.2   600.0   613.8   627.6   641.4   655.2   669.0   682.8   696.6   710.3   724.1   737.9   751.7   765.5   779.3   793.1   806.9   820.7   834.5   848.3   862.1   875.9   889.7   903.4   917.2   931.0   944.8   958.6   972.4   986.2  1000.0  1013.8  1027.6  1041.4  1055.2  1069.0  1082.8  1096.6  1110.3  1124.1  1137.9  1151.7  1165.5  1179.3  1193.1  1206.9  1220.7  1234.5  1248.3  1262.1  1275.9  1289.7  1303.4  1317.2  1331.0  1344.8  1358.6  1372.4  1386.2  1400.0  1413.8  1427.6  1441.4  1455.2  1469.0  1482.8  1496.6  1510.3  1524.1  1537.9  1551.7  1565.5  1579.3  1593.1  1606.9  1620.7  1634.5  1648.3  1662.1  1675.9  1689.7  1703.4  1717.2  1731.0  1744.8  1758.6  1772.4  1786.2  1800.0  1813.8  1827.6  1841.4  1855.2  1869.0  1882.8  1896.6  1910.3  1924.1  1937.9  1951.7  1965.5  1979.3  1993.1  2006.9  2020.7  2034.5  2048.3  2062.1  2075.9  2089.7  2103.4  2117.2  2131.0  2144.8  2158.6  2172.4  2186.2  2200.0  2213.8  2227.6  2241.4  2255.2  2269.0  2282.8  2296.6
 540.0   200.0   225.0   250.0   275.0   300.0   325.0   350.0   375.0   400.0   425.0   450.0   475.0   500.0   510.3   510.3   510.3   510.3   510.3   510.3   510.3   510.3   510.3   510.3   510.3   510.3   523.3   536.2   549.1   562.1   575.0   587.9   600.9   613.8   626.7   639.7   652.6   665.5   678.4   691.4   704.3   717.2   730.2   743.1   756.0   769.0   781.9   794.8   807.8   820.7   833.6   846.6   859.5   872.4   885.3   898.3   911.2   924.1   937.1   950.0   962.9   975.9   988.8  1001.7  1014.7  1027.6  1040.5  1053.4  1066.4  1079.3  1092.2  1105.2  1118.1  1131.0  1144.0  1156.9  1169.8  1182.8  1195.7  1208.6  1221.6  1234.5  1247.4  1260.3  1273.3  1286.2  1299.1  1312.1  1325.0  1337.9  1350.9  1363.8  1376.7  1389.7  1402.6  1415.5  1428.4  1441.4  1454.3  1467.2  1480.2  1493.1  1506.0  1519.0  1531.9  1544.8  1557.8  1570.7  1583.6  1596.6  1609.5  1622.4  1635.3  1648.3  1661.2  1674.1  1687.1  1700.0  1712.9  1725.9  1738.8  1751.7  1764.7  1777.6  1790.5  1803.4  1816.4  1829.3  1842.2  1855.2  1868.1  1881.0  1894.0  1906.9  1919.8  1932.8  1945.7  1958.6  1971.6  1984.5  1997.4  2010.3  2023.3  2036.2  2049.1  2062.1  2075.0  2087.9  2100.9  2113.8  2126.7  2139.7  2152.6  2165.5
 552.0   200.0   225.0   250.0   275.0   300.0   325.0   350.0   375.0   400.0   425.0   450.0   475.0   489.7   489.7   489.7   489.7   489.7   489.7   489.7   489.7   489.7   489.7   489.7   489.7   489.7   501.7   513.8   525.9   537.9   550.0   562.1   574.1   586.2   598.3   610.3   622.4   634.5   646.6   658.6   670.7   682.8   694.8   706.9   719.0   731.0   743.1   755.2   767.2   779.3   791.4   803.4   815.5   827.6   839.7   851.7   863.8   875.9   887.9   900.0   912.1   924.1   936.2   948.3   960.3   972.4   984.5   996.6  1008.6  1020.7  1032.8  1044.8  1056.9  1069.0  1081.0  1093.1  1105.2  1117.2  1129.3  1141.4  1153.4  1165.5  1177.6  1189.7  1201.7  1213.8  1225.9  1237.9  1250.0  1262.1  1274.1  1286.2  1298.3  1310.3  1322.4  1334.5  1346.6  1358.6  1370.7  1382.8  1394.8  1406.9  1419.0  1431.0  1443.1  1455.2  1467.2  1479.3  1491.4  1503.4  1515.5  1527.6  1539.7  1551.7  1563.8  1575.9  1587.9  1600.0  1612.1  1624.1  1636.2  1648.3  1660.3  1672.4  1684.5  1696.6  1708.6  1720.7  1732.8  1744.8  1756.9  1769.0  1781.0  1793.1  1805.2  1817.2  1829.3  1841.4  1853.4  1865.5  1877.6  1889.7  1901.7  1913.8  1925.9  1937.9  1950.0  1962.1  1974.1  1986.2  1998.3  2010.3  2022.4  2034.5
 564.0   200.0   225.0   250.0   275.0   300.0   325.0   350.0   375.0   400.0   425.0   450.0   469.0   469.0   469.0   469.0   469.0   469.0   469.0   469.0   469.0   469.0   469.0   469.0   469.0   469.0   480.2   491.4   502.6   513.8   525.0   536.2   547.4   558.6   569.8   581.0   592.2   603.4   614.7   625.9   637.1   648.3   659.5   670.7   681.9   693.1   704.3   715.5   726.7   737.9   749.1   760.3   771.6   782.8   794.0   805.2   816.4   827.6   838.8   850.0   861.2   872.4   883.6   894.8   906.0   917.2   928.4   939.7   950.9   962.1   973.3   984.5   995.7  1006.9  1018.1  1029.3  1040.5  1051.7  1062.9  1074.1  1085.3  1096.6  1107.8  1119.0  1130.2  1141.4  1152.6  1163.8  1175.0  1186.2  1197.4  1208.6  1219.8  1231.0  1242.2  1253.4  1264.7  1275.9  1287.1  1298.3  1309.5  1320.7  1331.9  1343.1  1354.3  1365.5  1376.7  1387.9  1399.1  1410.3  1421.6  1432.8  1444.0  1455.2  1466.4  1477.6  1488.8  1500.0  1511.2  1522.4  1533.6  1544.8  1556.0  1567.2  1578.4  1589.7  1600.9  1612.1  1623.3  1634.5  1645.7  1656.9  1668.1  1679.3  1690.5  1701.7  1712.9  1724.1  1735.3  1746.6  1757.8  1769.0  1780.2  1791.4  1802.6  1813.8  1825.0  1836.2  1847.4  1858.6  1869.8  1881.0  1892.2  1903.4
 576.0   200.0   225.0   250.0   275.0   300.0   325.0   350.0   375.0   400.0   425.0   448.3   448.3   448.3   448.3   448.3   448.3   448.3   448.3   448.3   448.3   448.3   448.3   448.3   448.3   448.3   458.6   469.0   479.3   489.7   500.0   510.3   520.7   531.0   541.4   551.7   562.1   572.4   582.8   593.1   603.4   613.8   624.1   634.5   644.8   655.2   665.5   675.9   686.2   696.6   706.9   717.2   727.6   737.9   748.3   758.6   769.0   779.3   789.7   800.0   810.3   820.7   831.0   841.4   851.7   862.1   872.4   882.8   893.1   903.4   913.8   924.1   934.5   944.8   955.2   965.5   975.9   986.2   996.6  1006.9  1017.2  1027.6  1037.9  1048.3  1058.6  1069.0  1079.3  1089.7  1100.0  1110.3  1120.7  1131.0  1141.4  1151.7  1162.1  1172.4  1182.8  1193.1  1203.4  1213.8  1224.1  1234.5  1244.8  1255.2  1265.5  1275.9  1286.2  1296.6  1306.9  1317.2  1327.6  1337.9  1348.3  1358.6  1369.0  1379.3  1389.7  1400.0  1410.3  1420.7  1431.0  1441.4  1451.7  1462.1  1472.4  1482.8  1493.1  1503.4  1513.8  1524.1  1534.5  1544.8  1555.2  1565.5  1575.9  1586.2  1596.6  1606.9  1617.2  1627.6  1637.9  1648.3  1658.6  1669.0  1679.3  1689.7  1700.0  1710.3  1720.7  1731.0  1741.4  1751.7  1762.1  1772.4
 588.0   200.0   225.0   250.0   275.0   300.0   325.0   350.0   375.0   400.0   425.0   427.6   427.6   427.6   427.6   427.6   427.6   427.6   427.6   427.6   427.6   427.6   427.6   427.6   427.6   427.6   437.1   446.6   456.0   465.5   475.0   484.5   494.0   503.4   512.9   522.4   531.9   541.4   550.9   560.3   569.8   579.3   588.8   598.3   607.8   617.2   626.7   636.2   645.7   655.2   664.7   674.1   683.6   693.1   702.6   712.1   721.6   731.0   740.5   750.0   759.5   769.0   778.4   787.9   797.4   806.9   816.4   825.9   835.3   844.8   854.3   863.8   873.3   882.8   892.2   901.7   911.2   920.7   930.2   939.7   949.1   958.6   968.1   977.6   987.1   996.6  1006.0  1015.5  1025.0  1034.5  1044.0  1053.4  1062.9  1072.4  1081.9  1091.4  1100.9  1110.3  1119.8  1129.3  1138.8  1148.3  1157.8  1167.2  1176.7  1186.2  1195.7  1205.2  1214.7  1224.1  1233.6  1243.1  1252.6  1262.1  1271.6  1281.0  1290.5  1300.0  1309.5  1319.0  1328.4  1337.9  1347.4  1356.9  1366.4  1375.9  1385.3  1394.8  1404.3  1413.8  1423.3  1432.8  1442.2  1451.7  1461.2  1470.7  1480.2  1489.7  1499.1  1508.6  1518.1  1527.6  1537.1  1546.6  1556.0  1565.5  1575.0  1584.5  1594.0  1603.4  1612.9  1622.4  1631.9  1641.4
 600.0   200.0   225.0   250.0   275.0   300.0   325.0   350.0   375.0   400.0   406.9   406.9   406.9   406.9   406.9   406.9   406.9   406.9   406.9   406.9   406.9   406.9   406.9   406.9   406.9   406.9   415.5   424.1   432.8   441.4   450.0   458.6   467.2   475.9   484.5   493.1   501.7   510.3   519.0   527.6   536.2   544.8   553.4   562.1   570.7   579.3   587.9   596.6   605.2   613.8   622.4   631.0   639.7   648.3   656.9   665.5   674.1   682.8   691.4   700.0   708.6   717.2   725.9   734.5   743.1   751.7   760.3   769.0   777.6   786.2   794.8   803.4   812.1   820.7   829.3   837.9   846.6   855.2   863.8   872.4   881.0   889.7   898.3   906.9   915.5   924.1   932.8   941.4   950.0   958.6   967.2   975.9   984.5   993.1  1001.7  1010.3  1019.0  1027.6  1036.2  1044.8  1053.4  1062.1  1070.7  1079.3  1087.9  1096.6  1105.2  1113.8  1122.4  1131.0  1139.7  1148.3  1156.9  1165.5  1174.1  1182.8  1191.4  1200.0  1208.6  1217.2  1225.9  1234.5  1243.1  1251.7  1260.3  1269.0  1277.6  1286.2  1294.8  1303.4  1312.1  1320.7  1329.3  1337.9  1346.6  1355.2  1363.8  1372.4  1381.0  1389.7  1398.3  1406.9  1415.5  1424.1  1432.8  1441.4  1450.0  1458.6  1467.2  1475.9  1484.5  1493.1  1501.7  1510.3
 612.0   200.0   225.0   250.0   275.0   300.0   325.0   350.0   375.0   386.2   386.2   386.2   386.2   386.2   386.2   386.2   386.2   386.2   386.2   386.2   386.2   386.2   386.2   386.2   386.2   386.2   394.0   401.7   409.5   417.2   425.0   432.8   440.5   448.3   456.0   463.8   471.6   479.3   487.1   494.8   502.6   510.3   518.1   525.9   533.6   541.4   549.1   556.9   564.7   572.4   580.2   587.9   595.7   603.4   611.2   619.0   626.7   634.5   642.2   650.0   657.8   665.5   673.3   681.0   688.8   696.6   704.3   712.1   719.8   727.6   735.3   743.1   750.9   758.6   766.4   774.1   781.9   789.7   797.4   805.2   812.9   820.7   828.4   836.2   844.0   851.7   859.5   867.2   875.0   882.8   890.5   898.3   906.0   913.8   921.6   929.3   937.1   944.8   952.6   960.3   968.1   975.9   983.6   991.4   999.1  1006.9  1014.7  1022.4  1030.2  1037.9  1045.7  1053.4  1061.2  1069.0  1076.7  1084.5  1092.2  1100.0  1107.8  1115.5  1123.3  1131.0  1138.8  1146.6  1154.3  1162.1  1169.8  1177.6  1185.3  1193.1  1200.9  1208.6  1216.4  1224.1  1231.9  1239.7  1247.4  1255.2  1262.9  1270.7  1278.4  1286.2  1294.0  1301.7  1309.5  1317.2  1325.0  1332.8  1340.5  1348.3  1356.0  1363.8  1371.6  1379.3
 624.0   200.0   225.0   250.0   275.0   300.0   325.0   350.0   365.5   365.5   365.5   365.5   365.5   365.5   365.5   365.5   365.5   365.5   365.5   365.5   365.5   365.5   365.5   365.5   365.5   365.5   372.4   379.3   386.2   393.1   400.0   406.9   413.8   420.7   427.6   434.5   441.4   448.3   455.2   462.1   469.0   475.9   482.8   489.7   496.6   503.4   510.3   517.2   524.1   531.0   537.9   544.8   551.7   558.6   565.5   572.4   579.3   586.2   593.1   600.0   606.9   613.8   620.7   627.6   634.5   641.4   648.3   655.2   662.1   669.0   675.9   682.8   689.7   696.6   703.4   710.3   717.2   724.1   731.0   737.9   744.8   751.7   758.6   765.5   772.4   779.3   786.2   793.1   800.0   806.9   813.8   820.7   827.6   834.5   841.4   848.3   855.2   862.1   869.0   875.9   882.8   889.7   896.6   903.4   910.3   917.2   924.1   931.0   937.9   944.8   951.7   958.6   965.5   972.4   979.3   986.2   993.1  1000.0  1006.9  1013.8  1020.7  1027.6  1034.5  1041.4  1048.3  1055.2  1062.1  1069.0  1075.9  1082.8  1089.7  1096.6  1103.4  1110.3  1117.2  1124.1  1131.0  1137.9  1144.8  1151.7  1158.6  1165.5  1172.4  1179.3  1186.2  1193.1  1200.0  1206.9  1213.8  1220.7  1227.6  1234.5  1241.4  1248.3
 636.0   200.0   225.0   250.0   275.0   300.0   325.0   344.8   344.8   344.8   344.8   344.8   344.8   344.8   344.8   344.8   344.8   344.8   344.8   344.8   344.8   344.8   344.8   344.8   344.8   344.8   350.9   356.9   362.9   369.0   375.0   381.0   387.1   393.1   399.1   405.2   411.2   417.2   423.3   429.3   435.3   441.4   447.4   453.4   459.5   465.5   471.6   477.6   483.6   489.7   495.7   501.7   507.8   513.8   519.8   525.9   531.9   537.9   544.0   550.0   556.0   562.1   568.1   574.1   580.2   586.2   592.2   598.3   604.3   610.3   616.4   622.4   628.4   634.5   640.5   646.6   652.6   658.6   664.7   670.7   676.7   682.8   688.8   694.8   700.9   706.9   712.9   719.0   725.0   731.0   737.1   743.1   749.1   755.2   761.2   767.2   773.3   779.3   785.3   791.4   797.4   803.4   809.5   815.5   821.6   827.6   833.6   839.7   845.7   851.7   857.8   863.8   869.8   875.9   881.9   887.9   894.0   900.0   906.0   912.1   918.1   924.1   930.2   936.2   942.2   948.3   954.3   960.3   966.4   972.4   978.4   984.5   990.5   996.6  1002.6  1008.6  1014.7  1020.7  1026.7  1032.8  1038.8  1044.8  1050.9  1056.9  1062.9  1069.0  1075.0  1081.0  1087.1  1093.1  1099.1  1105.2  1111.2  1117.2
 648.0   200.0   225.0   250.0   275.0   300.0   324.1   324.1   324.1   324.1   324.1   324.1   324.1   324.1   324.1   324.1   324.1   324.1   324.1   324.1   324.1   324.1   324.1   324.1   324.1   324.1   329.3   334.5   339.7   344.8   350.0   355.2   360.3   365.5   370.7   375.9   381.0   386.2   391.4   396.6   401.7   406.9   412.1   417.2   422.4   427.6   432.8   437.9   443.1   448.3   453.4   458.6   463.8   469.0   474.1   479.3   484.5   489.7   494.8   500.0   505.2   510.3   515.5   520.7   525.9   531.0   536.2   541.4   546.6   551.7   556.9   562.1   567.2   572.4   577.6   582.8   587.9   593.1   598.3   603.4   608.6   613.8   619.0   624.1   629.3   634.5   639.7   644.8   650.0   655.2   660.3   665.5   670.7   675.9   681.0   686.2   691.4   696.6   701.7   706.9   712.1   717.2   722.4   727.6   732.8   737.9   743.1   748.3   753.4   758.6   763.8   769.0   774.1   779.3   784.5   789.7   794.8   800.0   805.2   810.3   815.5   820.7   825.9   831.0   836.2   841.4   846.6   851.7   856.9   862.1   867.2   872.4   877.6   882.8   887.9   893.1   898.3   903.4   908.6   913.8   919.0   924.1   929.3   934.5   939.7   944.8   950.0   955.2   960.3   965.5   970.7   975.9   981.0   986.2
 660.0   200.0   225.0   250.0   275.0   300.0   303.4   303.4   303.4   303.4   303.4   303.4   303.4   303.4   303.4   303.4   303.4   303.4   303.4   303.4   303.4   303.4   303.4   303.4   303.4   303.4   307.8   312.1   316.4   320.7   325.0   329.3   333.6   337.9   342.2   346.6   350.9   355.2   359.5   363.8   368.1   372.4   376.7   381.0   385.3   389.7   394.0   398.3   402.6   406.9   411.2   415.5   419.8   424.1   428.4   432.8   437.1   441.4   445.7   450.0   454.3   458.6   462.9   467.2   471.6   475.9   480.2   484.5   488.8   493.1   497.4   501.7   506.0   510.3   514.7   519.0   523.3   527.6   531.9   536.2   540.5   544.8   549.1   553.4   557.8   562.1   566.4   570.7   575.0   579.3   583.6   587.9   592.2   596.6   600.9   605.2   609.5   613.8   618.1   622.4   626.7   631.0   635.3   639.7   644.0   648.3   652.6   656.9   661.2   665.5   669.8   674.1   678.4   682.8   687.1   691.4   695.7   700.0   704.3   708.6   712.9   717.2   721.6   725.9   730.2   734.5   738.8   743.1   747.4   751.7   756.0   760.3   764.7   769.0   773.3   777.6   781.9   786.2   790.5   794.8   799.1   803.4   807.8   812.1   816.4   820.7   825.0   829.3   833.6   837.9   842.2   846.6   850.9   855.2
 672.0   200.0   225.0   250.0   275.0   282.8   282.8   282.8   282.8   282.8   282.8   282.8   282.8   282.8   282.8   282.8   282.8   282.8   282.8   282.8   282.8   282.8   282.8   282.8   282.8   282.8   286.2   289.7   293.1   296.6   300.0   303.4   306.9   310.3   313.8   317.2   320.7   324.1   327.6   331.0   334.5   337.9   341.4   344.8   348.3   351.7   355.2   358.6   362.1   365.5   369.0   372.4   375.9   379.3   382.8   386.2   389.7   393.1   396.6   400.0   403.4   406.9   410.3   413.8   417.2   420.7   424.1   427.6   431.0   434.5   437.9   441.4   444.8   448.3   451.7   455.2   458.6   462.1   465.5   469.0   472.4   475.9   479.3   482.8   486.2   489.7   493.1   496.6   500.0   503.4   506.9   510.3   513.8   517.2   520.7   524.1   527.6   531.0   534.5   537.9   541.4   544.8   548.3   551.7   555.2   558.6   562.1   565.5   569.0   572.4   575.9   579.3   582.8   586.2   589.7   593.1   596.6   600.0   603.4   606.9   610.3   613.8   617.2   620.7   624.1   627.6   631.0   634.5   637.9   641.4   644.8   648.3   651.7   655.2   658.6   662.1   665.5   669.0   672.4   675.9   679.3   682.8   686.2   689.7   693.1   696.6   700.0   703.4   706.9   710.3   713.8   717.2   720.7   724.1
 684.0   200.0   225.0   250.0   262.1   262.1   262.1   262.1   262.1   262.1   262.1   262.1   262.1   262.1   262.1   262.1   262.1   262.1   262.1   262.1   262.1   262.1   262.1   262.1   262.1   262.1   264.7   267.2   269.8   272.4   275.0   277.6   280.2   282.8   285.3   287.9   290.5   293.1   295.7   298.3   300.9   303.4   306.0   308.6   311.2   313.8   316.4   319.0   321.6   324.1   326.7   329.3   331.9   334.5   337.1   339.7   342.2   344.8   347.4   350.0   352.6   355.2   357.8   360.3   362.9   365.5   368.1   370.7   373.3   375.9   378.4   381.0   383.6   386.2   388.8   391.4   394.0   396.6   399.1   401.7   404.3   406.9   409.5   412.1   414.7   417.2   419.8   422.4   425.0   427.6   430.2   432.8   435.3   437.9   440.5   443.1   445.7   448.3   450.9   453.4   456.0   458.6   461.2   463.8   466.4   469.0   471.6   474.1   476.7   479.3   481.9   484.5   487.1   489.7   492.2   494.8   497.4   500.0   502.6   505.2   507.8   510.3   512.9   515.5   518.1   520.7   523.3   525.9   528.4   531.0   533.6   536.2   538.8   541.4   544.0   546.6   549.1   551.7   554.3   556.9   559.5   562.1   564.7   567.2   569.8   572.4   575.0   577.6   580.2   582.8   585.3   587.9   590.5   593.1
 696.0   200.0   225.0   241.4   241.4   241.4   241.4   241.4   241.4   241.4   241.4   241.4   241.4   241.4   241.4   241.4   241.4   241.4   241.4   241.4   241.4   241.4   241.4   241.4   241.4   241.4   243.1   244.8   246.6   248.3   250.0   251.7   253.4   255.2   256.9   258.6   260.3   262.1   263.8   265.5   267.2   269.0   270.7   272.4   274.1   275.9   277.6   279.3   281.0   282.8   284.5   286.2   287.9   289.7   291.4   293.1   294.8   296.6   298.3   300.0   301.7   303.4   305.2   306.9   308.6   310.3   312.1   313.8   315.5   317.2   319.0   320.7   322.4   324.1   325.9   327.6   329.3   331.0   332.8   334.5   336.2   337.9   339.7   341.4   343.1   344.8   346.6   348.3   350.0   351.7   353.4   355.2   356.9   358.6   360.3   362.1   363.8   365.5   367.2   369.0   370.7   372.4   374.1   375.9   377.6   379.3   381.0   382.8   384.5   386.2   387.9   389.7   391.4   393.1   394.8   396.6   398.3   400.0   401.7   403.4   405.2   406.9   408.6   410.3   412.1   413.8   415.5   417.2   419.0   420.7   422.4   424.1   425.9   427.6   429.3   431.0   432.8   434.5   436.2   437.9   439.7   441.4   443.1   444.8   446.6   448.3   450.0   451.7   453.4   455.2   456.9   458.6   460.3   462.1
 708.0   200.0   220.7   220.7   220.7   220.7   220.7   220.7   220.7   220.7   220.7   220.7   220.7   220.7   220.7   220.7   220.7   220.7   220.7   220.7   220.7   220.7   220.7   220.7   220.7   220.7   221.6   222.4   223.3   224.1   225.0   225.9   226.7   227.6   228.4   229.3   230.2   231.0   231.9   232.8   233.6   234.5   235.3   236.2   237.1   237.9   238.8   239.7   240.5   241.4   242.2   243.1   244.0   244.8   245.7   246.6   247.4   248.3   249.1   250.0   250.9   251.7   252.6   253.4   254.3   255.2   256.0   256.9   257.8   258.6   259.5   260.3   261.2   262.1   262.9   263.8   264.7   265.5   266.4   267.2   268.1   269.0   269.8   270.7   271.6   272.4   273.3   274.1   275.0   275.9   276.7   277.6   278.4   279.3   280.2   281.0   281.9   282.8   283.6   284.5   285.3   286.2   287.1   287.9   288.8   289.7   290.5   291.4   292.2   293.1   294.0   294.8   295.7   296.6   297.4   298.3   299.1   300.0   300.9   301.7   302.6   303.4   304.3   305.2   306.0   306.9   307.8   308.6   309.5   310.3   311.2   312.1   312.9   313.8   314.7   315.5   316.4   317.2   318.1   319.0   319.8   320.7   321.6   322.4   323.3   324.1   325.0   325.9   326.7   327.6   328.4   329.3   330.2   331.0
 720.0   200.0   200.0   200.0   200.0   200.0   200.0   200.0   200.0   200.0   200.0   200.0   200.0   200.0   200.0   200.0   200.0   200.0   200.0   200.0   200.0   200.0   200.0   200.0   200.0   200.0   200.0   200.0   200.0   200.0   200.0   200.0   200.0   200.0   200.0   200.0   200.0   200.0   200.0   200.0   200.0   200.0   200.0   200.0   200.0   200.0   200.0   200.0   200.0   200.0   200.0   200.0   200.0   200.0   200.0   200.0   200.0   200.0   200.0   200.0   200.0   200.0   200.0   200.0   200.0   200.0   200.0   200.0   200.0   200.0   200.0   200.0   200.0   200.0   200.0   200.0   200.0   200.0   200.0   200.0   200.0   200.0   200.0   200.0   200.0   200.0   200.0   200.0   200.0   200.0   200.0   200.0   200.0   200.0   200.0   200.0   200.0   200.0   200.0   200.0   200.0   200.0   200.0   200.0   200.0   200.0   200.0   200.0   200.0   200.0   200.0   200.0   200.0   200.0   200.0   200.0   200.0   200.0   200.0   200.0   200.0   200.0   200.0   200.0   200.0   200.0   200.0   200.0   200.0   200.0   200.0   200.0   200.0   200.0   200.0   200.0   200.0   200.0   200.0   200.0   200.0   200.0   200.0   200.0   200.0   200.0   200.0   200.0   200.0   200.0   200.0   200.0   200.0   200.0
