* De conditionele overschrijdingskans van de zeewaterstand zonder statistische onzekerheid gegeven de windrichting
* voor een 12-uursperiode te Hansweert, gelegen op locatie: 
* 59050, 384960
* 
* Het waterstandsbereik waarvoor de overschrijdingskansen zijn gegeven is het hoogwater 1991 tot 8.00 m + NAP
* met een stapgrootte van 0.1 m. De laatste stapgrootte kan afwijken om op 8.00 m uit te komen. Hierbij wordt
* een stapgrootte van mimimaal 6 en maximaal 15 cm gekozen.
* 
* Betreft zichtjaar 1985 (het jaar waarvoor de basispeilen zijn afgeleid); 
* zeespiegelstijging sinds 1985 moet apart in rekening worden gebracht.
*
* Door: G.W.F. Rongen van HKV lijn in water
* Project: PR3280.20.03
*
* m (m+NAP) 30              60              90              120             150             180             210             240             270             300             330             360
  2.42      1.000e+00       1.000e+00       1.000e+00       1.000e+00       1.000e+00       1.000e+00       1.000e+00       1.000e+00       1.000e+00       1.000e+00       1.000e+00       1.000e+00       
  2.52      1.000e+00       1.000e+00       1.000e+00       1.000e+00       1.000e+00       1.000e+00       3.972e-01       5.994e-01       6.722e-01       6.451e-01       6.295e-01       4.794e-01       
  2.62      1.000e+00       1.000e+00       1.000e+00       1.000e+00       1.000e+00       1.000e+00       1.577e-01       3.593e-01       4.519e-01       4.161e-01       3.962e-01       2.298e-01       
  2.72      1.000e+00       1.000e+00       1.000e+00       1.000e+00       1.000e+00       1.000e+00       6.264e-02       2.154e-01       3.037e-01       2.684e-01       2.494e-01       1.102e-01       
  2.82      7.212e-01       4.724e-01       3.521e-01       4.969e-01       4.771e-01       2.600e-01       3.426e-02       1.324e-01       2.093e-01       1.984e-01       1.768e-01       6.887e-02       
  2.92      1.820e-01       1.192e-01       8.884e-02       1.254e-01       1.204e-01       6.560e-02       1.864e-02       8.109e-02       1.438e-01       1.464e-01       1.252e-01       4.295e-02       
  3.02      4.486e-02       2.939e-02       2.190e-02       3.091e-02       2.968e-02       1.617e-02       1.009e-02       4.951e-02       9.855e-02       1.078e-01       8.867e-02       2.672e-02       
  3.12      1.081e-02       7.080e-03       5.277e-03       7.447e-03       7.151e-03       3.897e-03       5.439e-03       3.012e-02       6.737e-02       7.929e-02       6.276e-02       1.659e-02       
  3.22      2.547e-03       1.668e-03       1.243e-03       1.754e-03       1.685e-03       9.179e-04       2.916e-03       1.827e-02       4.594e-02       5.822e-02       4.440e-02       1.027e-02       
  3.32      5.868e-04       3.843e-04       2.864e-04       4.042e-04       3.881e-04       2.115e-04       1.557e-03       1.105e-02       3.126e-02       4.268e-02       3.140e-02       6.346e-03       
  3.42      1.323e-04       8.664e-05       6.457e-05       9.113e-05       8.750e-05       4.768e-05       8.270e-04       6.660e-03       2.122e-02       3.125e-02       2.219e-02       3.912e-03       
  3.52      2.919e-05       1.912e-05       1.425e-05       2.011e-05       1.931e-05       1.052e-05       4.374e-04       4.003e-03       1.437e-02       2.284e-02       1.568e-02       2.407e-03       
  3.62      6.304e-06       4.129e-06       3.078e-06       4.343e-06       4.170e-06       2.273e-06       2.304e-04       2.399e-03       9.708e-03       1.667e-02       1.107e-02       1.478e-03       
  3.72      1.334e-06       8.736e-07       6.511e-07       9.189e-07       8.823e-07       4.807e-07       1.208e-04       1.433e-03       6.546e-03       1.215e-02       7.819e-03       9.054e-04       
  3.82      2.764e-07       1.810e-07       1.349e-07       1.904e-07       1.828e-07       9.963e-08       6.308e-05       8.543e-04       4.404e-03       8.845e-03       5.518e-03       5.536e-04       
  3.92      5.613e-08       3.676e-08       2.740e-08       3.867e-08       3.713e-08       2.023e-08       3.281e-05       5.077e-04       2.957e-03       6.430e-03       3.893e-03       3.379e-04       
  4.02      1.117e-08       7.317e-09       5.454e-09       7.696e-09       7.390e-09       4.027e-09       1.699e-05       3.009e-04       1.981e-03       4.668e-03       2.745e-03       2.058e-04       
  4.12      2.180e-09       1.428e-09       1.064e-09       1.502e-09       1.442e-09       7.858e-10       8.768e-06       1.779e-04       1.325e-03       3.385e-03       1.935e-03       1.251e-04       
  4.22      4.172e-10       2.732e-10       2.036e-10       2.874e-10       2.759e-10       1.504e-10       4.506e-06       1.049e-04       8.843e-04       2.451e-03       1.364e-03       7.594e-05       
  4.32      7.830e-11       5.128e-11       3.822e-11       5.394e-11       5.179e-11       2.822e-11       2.307e-06       6.171e-05       5.890e-04       1.773e-03       9.610e-04       4.601e-05       
  4.42      1.442e-11       9.444e-12       7.039e-12       9.933e-12       9.538e-12       5.197e-12       1.177e-06       3.621e-05       3.916e-04       1.281e-03       6.768e-04       2.783e-05       
  4.52      2.606e-12       1.707e-12       1.272e-12       1.795e-12       1.724e-12       9.392e-13       5.982e-07       2.119e-05       2.599e-04       9.241e-04       4.765e-04       1.680e-05       
  4.62      4.621e-13       3.027e-13       2.256e-13       3.184e-13       3.057e-13       1.666e-13       3.029e-07       1.238e-05       1.722e-04       6.660e-04       3.354e-04       1.013e-05       
  4.72      8.047e-14       5.271e-14       3.928e-14       5.544e-14       5.323e-14       2.901e-14       1.529e-07       7.210e-06       1.138e-04       4.795e-04       2.360e-04       6.093e-06       
  4.82      1.376e-14       9.012e-15       6.717e-15       9.479e-15       9.102e-15       4.960e-15       7.687e-08       4.191e-06       7.515e-05       3.448e-04       1.660e-04       3.660e-06       
  4.92      2.310e-15       1.513e-15       1.128e-15       1.592e-15       1.528e-15       8.328e-16       3.852e-08       2.431e-06       4.952e-05       2.477e-04       1.167e-04       2.196e-06       
  5.02      3.811e-16       2.496e-16       1.860e-16       2.626e-16       2.521e-16       1.374e-16       1.924e-08       1.406e-06       3.258e-05       1.777e-04       8.207e-05       1.315e-06       
  5.12      6.176e-17       4.045e-17       3.015e-17       4.255e-17       4.086e-17       2.226e-17       9.578e-09       8.121e-07       2.139e-05       1.274e-04       5.768e-05       7.863e-07       
  5.22      9.835e-18       6.442e-18       4.801e-18       6.776e-18       6.506e-18       3.545e-18       4.752e-09       4.679e-07       1.403e-05       9.120e-05       4.053e-05       4.694e-07       
  5.32      1.539e-18       1.008e-18       7.515e-19       1.061e-18       1.018e-18       5.549e-19       2.350e-09       2.690e-07       9.182e-06       6.523e-05       2.847e-05       2.799e-07       
  5.42      2.368e-19       1.551e-19       1.156e-19       1.632e-19       1.567e-19       8.537e-20       1.159e-09       1.543e-07       6.001e-06       4.661e-05       1.999e-05       1.666e-07       
  5.52      3.582e-20       2.346e-20       1.749e-20       2.468e-20       2.370e-20       1.291e-20       5.694e-10       8.837e-08       3.916e-06       3.328e-05       1.404e-05       9.904e-08       
  5.62      5.328e-21       3.490e-21       2.601e-21       3.670e-21       3.524e-21       1.920e-21       2.790e-10       5.050e-08       2.551e-06       2.373e-05       9.851e-06       5.879e-08       
  5.72      7.793e-22       5.104e-22       3.804e-22       5.369e-22       5.155e-22       2.809e-22       1.363e-10       2.880e-08       1.660e-06       1.691e-05       6.913e-06       3.485e-08       
  5.82      1.121e-22       7.343e-23       5.473e-23       7.724e-23       7.416e-23       4.041e-23       6.636e-11       1.639e-08       1.078e-06       1.204e-05       4.849e-06       2.063e-08       
  5.92      1.587e-23       1.039e-23       7.746e-24       1.093e-23       1.050e-23       5.720e-24       3.222e-11       9.310e-09       6.991e-07       8.559e-06       3.401e-06       1.220e-08       
  6.02      2.210e-24       1.447e-24       1.079e-24       1.522e-24       1.462e-24       7.964e-25       1.560e-11       5.278e-09       4.528e-07       6.081e-06       2.385e-06       7.200e-09       
  6.12      3.028e-25       1.983e-25       1.478e-25       2.086e-25       2.003e-25       1.091e-25       7.528e-12       2.987e-09       2.928e-07       4.316e-06       1.672e-06       4.245e-09       
  6.22      4.083e-26       2.674e-26       1.993e-26       2.813e-26       2.701e-26       1.472e-26       3.623e-12       1.687e-09       1.891e-07       3.061e-06       1.172e-06       2.500e-09       
  6.32      5.419e-27       3.549e-27       2.645e-27       3.733e-27       3.585e-27       1.953e-27       1.739e-12       9.512e-10       1.219e-07       2.169e-06       8.211e-07       1.470e-09       
  6.42      7.080e-28       4.638e-28       3.456e-28       4.878e-28       4.684e-28       2.552e-28       8.324e-13       5.353e-10       7.852e-08       1.536e-06       5.752e-07       8.634e-10       
  6.52      9.108e-29       5.966e-29       4.446e-29       6.275e-29       6.025e-29       3.283e-29       3.973e-13       3.007e-10       5.049e-08       1.086e-06       4.029e-07       5.065e-10       
  6.62      1.154e-29       7.556e-30       5.632e-30       7.948e-30       7.632e-30       4.159e-30       1.891e-13       1.686e-10       3.243e-08       7.676e-07       2.821e-07       2.968e-10       
  6.72      1.439e-30       9.425e-31       7.025e-31       9.914e-31       9.519e-31       5.187e-31       8.977e-14       9.440e-11       2.080e-08       5.421e-07       1.975e-07       1.737e-10       
  6.82      1.768e-31       1.158e-31       8.630e-32       1.218e-31       1.169e-31       6.372e-32       4.250e-14       5.275e-11       1.332e-08       3.825e-07       1.382e-07       1.015e-10       
  6.92      2.139e-32       1.401e-32       1.044e-32       1.474e-32       1.415e-32       7.711e-33       2.007e-14       2.943e-11       8.521e-09       2.696e-07       9.674e-08       5.925e-11       
  7.02      2.550e-33       1.670e-33       1.245e-33       1.757e-33       1.687e-33       9.192e-34       9.453e-15       1.639e-11       5.443e-09       1.899e-07       6.768e-08       3.455e-11       
  7.12      2.995e-34       1.961e-34       1.462e-34       2.063e-34       1.981e-34       1.079e-34       4.440e-15       9.112e-12       3.473e-09       1.337e-07       4.735e-08       2.012e-11       
  7.22      3.465e-35       2.270e-35       1.692e-35       2.387e-35       2.292e-35       1.249e-35       2.081e-15       5.058e-12       2.213e-09       9.401e-08       3.311e-08       1.171e-11       
  7.32      3.951e-36       2.588e-36       1.929e-36       2.722e-36       2.614e-36       1.424e-36       9.725e-16       2.803e-12       1.408e-09       6.607e-08       2.315e-08       6.804e-12       
  7.42      4.441e-37       2.908e-37       2.168e-37       3.059e-37       2.937e-37       1.601e-37       4.534e-16       1.551e-12       8.952e-10       4.639e-08       1.619e-08       3.949e-12       
  7.52      4.918e-38       3.221e-38       2.401e-38       3.388e-38       3.254e-38       1.773e-38       2.109e-16       8.567e-13       5.683e-10       3.255e-08       1.131e-08       2.290e-12       
  7.62      5.370e-39       3.517e-39       2.621e-39       3.700e-39       3.552e-39       1.936e-39       9.782e-17       4.725e-13       3.604e-10       2.282e-08       7.906e-09       1.326e-12       
  7.72      5.780e-40       3.786e-40       2.821e-40       3.982e-40       3.823e-40       2.083e-40       4.527e-17       2.602e-13       2.282e-10       1.599e-08       5.524e-09       7.674e-13       
  7.82      6.133e-41       4.017e-41       2.994e-41       4.225e-41       4.057e-41       2.211e-41       2.090e-17       1.431e-13       1.444e-10       1.119e-08       3.859e-09       4.435e-13       
  7.92      6.417e-42       4.203e-42       3.133e-42       4.421e-42       4.245e-42       2.313e-42       9.628e-18       7.853e-14       9.122e-11       7.832e-09       2.695e-09       2.561e-13       
  8.00      1.044e-42       6.838e-43       5.096e-43       7.192e-43       6.906e-43       3.763e-43       5.170e-18       4.855e-14       6.313e-11       5.882e-09       2.022e-09       1.649e-13       