* De conditionele overschrijdingskans van de zeewaterstand zonder statistische onzekerheid gegeven de windrichting
* voor een 12-uursperiode te Hansweert, gelegen op locatie: 
* 59050, 384960
* 
* Deze statistiek is afgeleid met dezelfde methode als gebruikt in 3280.20.03.
* De door Deltares op 10 november 2016 aangeleverde statistiek is gebruikt als bron.
*
* Het waterstandsbereik waarvoor de overschrijdingskansen zijn gegeven is het hoogwater 2017 tot 8.00 m + NAP
* met een stapgrootte van 0.1 m. De laatste stapgrootte kan afwijken om op 8.00 m uit te komen. Hierbij wordt
* een stapgrootte van minimaal 6 en maximaal 15 cm gekozen.
* 
* Door: G.W.F. Rongen van HKV lijn in water
* Project: PR3510.10
*
* m (m+NAP) 30              60              90              120             150             180             210             240             270             300             330             360
  2.50      1.000e+00       1.000e+00       1.000e+00       1.000e+00       1.000e+00       1.000e+00       1.000e+00       1.000e+00       1.000e+00       1.000e+00       1.000e+00       1.000e+00       
  2.60      1.000e+00       1.000e+00       1.000e+00       1.000e+00       1.000e+00       9.999e-01       3.956e-01       5.971e-01       6.696e-01       6.424e-01       6.265e-01       4.774e-01       
  2.70      1.000e+00       1.000e+00       1.000e+00       1.000e+00       1.000e+00       9.999e-01       1.565e-01       3.566e-01       4.483e-01       4.127e-01       3.926e-01       2.279e-01       
  2.80      1.000e+00       1.000e+00       1.000e+00       1.000e+00       1.000e+00       9.998e-01       6.192e-02       2.129e-01       3.002e-01       2.651e-01       2.460e-01       1.088e-01       
  2.90      7.148e-01       4.682e-01       3.490e-01       4.925e-01       4.729e-01       2.577e-01       3.384e-02       1.308e-01       2.067e-01       1.958e-01       1.743e-01       6.799e-02       
  3.00      1.800e-01       1.179e-01       8.787e-02       1.240e-01       1.191e-01       6.488e-02       1.840e-02       8.006e-02       1.419e-01       1.444e-01       1.235e-01       4.238e-02       
  3.10      4.430e-02       2.902e-02       2.163e-02       3.052e-02       2.931e-02       1.597e-02       9.959e-03       4.885e-02       9.723e-02       1.064e-01       8.742e-02       2.636e-02       
  3.20      1.066e-02       6.984e-03       5.205e-03       7.346e-03       7.054e-03       3.844e-03       5.363e-03       2.971e-02       6.644e-02       7.819e-02       6.186e-02       1.635e-02       
  3.30      2.510e-03       1.644e-03       1.225e-03       1.729e-03       1.661e-03       9.049e-04       2.875e-03       1.801e-02       4.530e-02       5.740e-02       4.376e-02       1.013e-02       
  3.40      5.783e-04       3.788e-04       2.823e-04       3.984e-04       3.826e-04       2.085e-04       1.534e-03       1.089e-02       3.081e-02       4.207e-02       3.094e-02       6.255e-03       
  3.50      1.304e-04       8.542e-05       6.366e-05       8.985e-05       8.627e-05       4.701e-05       8.150e-04       6.562e-03       2.090e-02       3.079e-02       2.187e-02       3.855e-03       
  3.60      2.880e-05       1.886e-05       1.406e-05       1.984e-05       1.905e-05       1.038e-05       4.311e-04       3.943e-03       1.415e-02       2.250e-02       1.545e-02       2.372e-03       
  3.70      6.228e-06       4.079e-06       3.040e-06       4.290e-06       4.120e-06       2.245e-06       2.270e-04       2.363e-03       9.561e-03       1.642e-02       1.091e-02       1.456e-03       
  3.80      1.320e-06       8.643e-07       6.441e-07       9.091e-07       8.729e-07       4.756e-07       1.191e-04       1.412e-03       6.446e-03       1.197e-02       7.704e-03       8.919e-04       
  3.90      2.740e-07       1.795e-07       1.338e-07       1.888e-07       1.812e-07       9.876e-08       6.219e-05       8.412e-04       4.336e-03       8.710e-03       5.437e-03       5.454e-04       
  4.00      5.577e-08       3.653e-08       2.723e-08       3.842e-08       3.689e-08       2.010e-08       3.235e-05       5.000e-04       2.911e-03       6.331e-03       3.836e-03       3.329e-04       
  4.10      1.113e-08       7.291e-09       5.434e-09       7.669e-09       7.363e-09       4.012e-09       1.676e-05       2.964e-04       1.951e-03       4.596e-03       2.705e-03       2.028e-04       
  4.20      2.179e-09       1.427e-09       1.064e-09       1.501e-09       1.441e-09       7.854e-10       8.653e-06       1.752e-04       1.304e-03       3.332e-03       1.907e-03       1.233e-04       
  4.30      4.184e-10       2.741e-10       2.043e-10       2.883e-10       2.768e-10       1.508e-10       4.449e-06       1.033e-04       8.706e-04       2.413e-03       1.344e-03       7.484e-05       
  4.40      7.884e-11       5.164e-11       3.849e-11       5.431e-11       5.215e-11       2.842e-11       2.279e-06       6.079e-05       5.799e-04       1.745e-03       9.468e-04       4.535e-05       
  4.50      1.458e-11       9.549e-12       7.117e-12       1.004e-11       9.644e-12       5.255e-12       1.163e-06       3.568e-05       3.856e-04       1.261e-03       6.668e-04       2.743e-05       
  4.60      2.647e-12       1.733e-12       1.292e-12       1.823e-12       1.751e-12       9.540e-13       5.917e-07       2.089e-05       2.559e-04       9.096e-04       4.695e-04       1.656e-05       
  4.70      4.717e-13       3.090e-13       2.303e-13       3.250e-13       3.120e-13       1.700e-13       2.999e-07       1.220e-05       1.696e-04       6.556e-04       3.305e-04       9.986e-06       
  4.80      8.257e-14       5.408e-14       4.031e-14       5.688e-14       5.462e-14       2.976e-14       1.514e-07       7.111e-06       1.121e-04       4.720e-04       2.325e-04       6.010e-06       
  4.90      1.420e-14       9.298e-15       6.930e-15       9.780e-15       9.390e-15       5.117e-15       7.622e-08       4.135e-06       7.404e-05       3.394e-04       1.636e-04       3.612e-06       
  5.00      2.398e-15       1.570e-15       1.170e-15       1.652e-15       1.586e-15       8.643e-16       3.823e-08       2.399e-06       4.880e-05       2.438e-04       1.150e-04       2.167e-06       
  5.10      3.979e-16       2.606e-16       1.943e-16       2.742e-16       2.632e-16       1.434e-16       1.911e-08       1.389e-06       3.211e-05       1.750e-04       8.087e-05       1.298e-06       
  5.20      6.491e-17       4.251e-17       3.169e-17       4.472e-17       4.294e-17       2.340e-17       9.524e-09       8.022e-07       2.109e-05       1.254e-04       5.684e-05       7.766e-07       
  5.30      1.041e-17       6.816e-18       5.080e-18       7.169e-18       6.884e-18       3.751e-18       4.730e-09       4.624e-07       1.383e-05       8.982e-05       3.994e-05       4.638e-07       
  5.40      1.640e-18       1.074e-18       8.007e-19       1.130e-18       1.085e-18       5.912e-19       2.342e-09       2.660e-07       9.058e-06       6.426e-05       2.805e-05       2.766e-07       
  5.50      2.542e-19       1.665e-19       1.241e-19       1.751e-19       1.682e-19       9.163e-20       1.156e-09       1.527e-07       5.922e-06       4.593e-05       1.970e-05       1.647e-07       
  5.60      3.874e-20       2.538e-20       1.891e-20       2.669e-20       2.563e-20       1.397e-20       5.688e-10       8.748e-08       3.866e-06       3.279e-05       1.383e-05       9.797e-08       
  5.70      5.808e-21       3.804e-21       2.835e-21       4.001e-21       3.842e-21       2.094e-21       2.790e-10       5.002e-08       2.519e-06       2.339e-05       9.709e-06       5.818e-08       
  5.80      8.565e-22       5.610e-22       4.181e-22       5.901e-22       5.666e-22       3.087e-22       1.364e-10       2.854e-08       1.640e-06       1.667e-05       6.813e-06       3.451e-08       
  5.90      1.243e-22       8.139e-23       6.066e-23       8.561e-23       8.221e-23       4.479e-23       6.653e-11       1.625e-08       1.065e-06       1.187e-05       4.780e-06       2.044e-08       
  6.00      1.774e-23       1.162e-23       8.661e-24       1.222e-23       1.174e-23       6.395e-24       3.235e-11       9.240e-09       6.913e-07       8.440e-06       3.353e-06       1.209e-08       
  6.10      2.493e-24       1.633e-24       1.217e-24       1.717e-24       1.649e-24       8.985e-25       1.568e-11       5.242e-09       4.479e-07       5.998e-06       2.351e-06       7.140e-09       
  6.20      3.447e-25       2.258e-25       1.683e-25       2.375e-25       2.280e-25       1.243e-25       7.580e-12       2.969e-09       2.898e-07       4.258e-06       1.648e-06       4.212e-09       
  6.30      4.693e-26       3.074e-26       2.291e-26       3.233e-26       3.104e-26       1.692e-26       3.654e-12       1.678e-09       1.872e-07       3.021e-06       1.155e-06       2.482e-09       
  6.40      6.290e-27       4.120e-27       3.071e-27       4.333e-27       4.161e-27       2.267e-27       1.756e-12       9.468e-10       1.208e-07       2.141e-06       8.096e-07       1.460e-09       
  6.50      8.301e-28       5.437e-28       4.052e-28       5.719e-28       5.491e-28       2.992e-28       8.419e-13       5.333e-10       7.783e-08       1.516e-06       5.672e-07       8.581e-10       
  6.60      1.079e-28       7.066e-29       5.266e-29       7.432e-29       7.136e-29       3.889e-29       4.025e-13       2.998e-10       5.008e-08       1.073e-06       3.973e-07       5.037e-10       
  6.70      1.381e-29       9.044e-30       6.741e-30       9.513e-30       9.134e-30       4.977e-30       1.919e-13       1.683e-10       3.218e-08       7.584e-07       2.782e-07       2.953e-10       
  6.80      1.741e-30       1.140e-30       8.499e-31       1.199e-30       1.152e-30       6.275e-31       9.125e-14       9.428e-11       2.065e-08       5.357e-07       1.948e-07       1.729e-10       
  6.90      2.162e-31       1.416e-31       1.056e-31       1.490e-31       1.430e-31       7.794e-32       4.327e-14       5.273e-11       1.323e-08       3.781e-07       1.364e-07       1.011e-10       
  7.00      2.646e-32       1.733e-32       1.292e-32       1.823e-32       1.750e-32       9.537e-33       2.047e-14       2.944e-11       8.470e-09       2.666e-07       9.543e-08       5.908e-11       
  7.10      3.190e-33       2.089e-33       1.557e-33       2.198e-33       2.110e-33       1.150e-33       9.658e-15       1.641e-11       5.414e-09       1.879e-07       6.677e-08       3.447e-11       
  7.20      3.790e-34       2.483e-34       1.850e-34       2.611e-34       2.507e-34       1.366e-34       4.545e-15       9.134e-12       3.457e-09       1.323e-07       4.671e-08       2.009e-11       
  7.30      4.438e-35       2.907e-35       2.167e-35       3.058e-35       2.936e-35       1.600e-35       2.133e-15       5.075e-12       2.204e-09       9.306e-08       3.267e-08       1.170e-11       
  7.40      5.122e-36       3.355e-36       2.501e-36       3.529e-36       3.388e-36       1.846e-36       9.990e-16       2.815e-12       1.404e-09       6.542e-08       2.285e-08       6.802e-12       
  7.50      5.828e-37       3.817e-37       2.845e-37       4.015e-37       3.855e-37       2.101e-37       4.666e-16       1.559e-12       8.928e-10       4.595e-08       1.597e-08       3.951e-12       
  7.60      6.536e-38       4.281e-38       3.191e-38       4.503e-38       4.324e-38       2.356e-38       2.174e-16       8.621e-13       5.672e-10       3.226e-08       1.117e-08       2.293e-12       
  7.70      7.227e-39       4.734e-39       3.528e-39       4.979e-39       4.781e-39       2.605e-39       1.011e-16       4.760e-13       3.599e-10       2.262e-08       7.804e-09       1.329e-12       
  7.80      7.880e-40       5.161e-40       3.847e-40       5.429e-40       5.213e-40       2.841e-40       4.687e-17       2.624e-13       2.281e-10       1.586e-08       5.453e-09       7.695e-13       
  7.90      8.473e-41       5.550e-41       4.136e-41       5.837e-41       5.605e-41       3.054e-41       2.168e-17       1.444e-13       1.444e-10       1.111e-08       3.810e-09       4.451e-13       
  8.00      8.984e-42       5.884e-42       4.386e-42       6.190e-42       5.943e-42       3.238e-42       1.001e-17       7.936e-14       9.130e-11       7.773e-09       2.661e-09       2.572e-13       