* De conditionele overschrijdingskans van de zeewaterstand met statistische onzekerheid gegeven de windrichting
* voor een 12-uursperiode te Hansweert, gelegen op locatie: 
* 59050, 384960
* 
* Het waterstandsbereik waarvoor de overschrijdingskansen zijn gegeven is het hoogwater 1991 tot 8.00 m + NAP
* met een stapgrootte van 0.1 m. De laatste stapgrootte kan afwijken om op 8.00 m uit te komen. Hierbij wordt
* een stapgrootte van mimimaal 6 en maximaal 15 cm gekozen.
* 
* Betreft zichtjaar 1985 (het jaar waarvoor de basispeilen zijn afgeleid); 
* zeespiegelstijging sinds 1985 moet apart in rekening worden gebracht.
*
* Door: G.W.F. Rongen van HKV lijn in water
* Project: PR3280.20.03
*
* m (m+NAP) 30              60              90              120             150             180             210             240             270             300             330             360
  2.42      1.000e+00       1.000e+00       1.000e+00       1.000e+00       1.000e+00       1.000e+00       1.000e+00       1.000e+00       1.000e+00       1.000e+00       1.000e+00       1.000e+00       
  2.52      1.000e+00       1.000e+00       1.000e+00       1.000e+00       1.000e+00       1.000e+00       3.896e-01       5.892e-01       6.623e-01       6.349e-01       6.192e-01       4.700e-01       
  2.62      1.000e+00       1.000e+00       1.000e+00       1.000e+00       1.000e+00       1.000e+00       1.547e-01       3.532e-01       4.452e-01       4.096e-01       3.898e-01       2.253e-01       
  2.72      9.998e-01       9.924e-01       9.594e-01       9.949e-01       9.929e-01       8.652e-01       6.343e-02       2.123e-01       3.001e-01       2.683e-01       2.486e-01       1.110e-01       
  2.82      6.889e-01       4.666e-01       3.485e-01       4.903e-01       4.711e-01       2.574e-01       3.362e-02       1.302e-01       2.063e-01       1.960e-01       1.744e-01       6.774e-02       
  2.92      1.803e-01       1.181e-01       8.803e-02       1.242e-01       1.193e-01       6.500e-02       1.830e-02       7.972e-02       1.417e-01       1.446e-01       1.235e-01       4.224e-02       
  3.02      4.450e-02       2.915e-02       2.172e-02       3.066e-02       2.944e-02       1.604e-02       9.905e-03       4.867e-02       9.713e-02       1.065e-01       8.748e-02       2.628e-02       
  3.12      1.073e-02       7.029e-03       5.239e-03       7.393e-03       7.099e-03       3.868e-03       5.337e-03       2.961e-02       6.640e-02       7.831e-02       6.191e-02       1.631e-02       
  3.22      2.530e-03       1.657e-03       1.235e-03       1.743e-03       1.674e-03       9.121e-04       2.861e-03       1.796e-02       4.528e-02       5.750e-02       4.380e-02       1.010e-02       
  3.32      5.836e-04       3.822e-04       2.849e-04       4.021e-04       3.861e-04       2.104e-04       1.527e-03       1.086e-02       3.080e-02       4.215e-02       3.097e-02       6.240e-03       
  3.42      1.317e-04       8.626e-05       6.429e-05       9.073e-05       8.711e-05       4.747e-05       8.113e-04       6.545e-03       2.091e-02       3.086e-02       2.189e-02       3.847e-03       
  3.52      2.909e-05       1.905e-05       1.420e-05       2.004e-05       1.924e-05       1.048e-05       4.291e-04       3.934e-03       1.416e-02       2.255e-02       1.547e-02       2.367e-03       
  3.62      6.289e-06       4.119e-06       3.070e-06       4.333e-06       4.160e-06       2.267e-06       2.260e-04       2.357e-03       9.566e-03       1.646e-02       1.092e-02       1.453e-03       
  3.72      1.332e-06       8.723e-07       6.501e-07       9.175e-07       8.810e-07       4.801e-07       1.185e-04       1.409e-03       6.449e-03       1.200e-02       7.713e-03       8.901e-04       
  3.82      2.763e-07       1.810e-07       1.349e-07       1.903e-07       1.828e-07       9.959e-08       6.188e-05       8.394e-04       4.339e-03       8.733e-03       5.443e-03       5.443e-04       
  3.92      5.616e-08       3.679e-08       2.742e-08       3.869e-08       3.715e-08       2.024e-08       3.218e-05       4.989e-04       2.913e-03       6.348e-03       3.840e-03       3.322e-04       
  4.02      1.119e-08       7.329e-09       5.463e-09       7.709e-09       7.402e-09       4.034e-09       1.667e-05       2.957e-04       1.952e-03       4.609e-03       2.708e-03       2.023e-04       
  4.12      2.186e-09       1.432e-09       1.067e-09       1.506e-09       1.446e-09       7.879e-10       8.600e-06       1.748e-04       1.305e-03       3.342e-03       1.909e-03       1.230e-04       
  4.22      4.187e-10       2.743e-10       2.044e-10       2.885e-10       2.770e-10       1.509e-10       4.420e-06       1.031e-04       8.710e-04       2.420e-03       1.346e-03       7.465e-05       
  4.32      7.757e-11       5.081e-11       3.787e-11       5.344e-11       5.132e-11       2.796e-11       2.242e-06       6.014e-05       5.764e-04       1.741e-03       9.425e-04       4.488e-05       
  4.42      1.497e-11       9.807e-12       7.309e-12       1.032e-11       9.904e-12       5.397e-12       1.149e-06       3.536e-05       3.834e-04       1.257e-03       6.637e-04       2.718e-05       
  4.52      2.908e-12       1.905e-12       1.419e-12       2.003e-12       1.924e-12       1.048e-12       5.894e-07       2.081e-05       2.551e-04       9.081e-04       4.681e-04       1.649e-05       
  4.62      5.637e-13       3.692e-13       2.752e-13       3.884e-13       3.729e-13       2.032e-13       3.022e-07       1.224e-05       1.696e-04       6.557e-04       3.302e-04       9.998e-06       
  4.72      1.091e-13       7.147e-14       5.327e-14       7.517e-14       7.218e-14       3.933e-14       1.548e-07       7.192e-06       1.126e-04       4.732e-04       2.331e-04       6.063e-06       
  4.82      2.109e-14       1.381e-14       1.030e-14       1.453e-14       1.395e-14       7.602e-15       7.921e-08       4.223e-06       7.474e-05       3.412e-04       1.645e-04       3.674e-06       
  4.92      4.065e-15       2.662e-15       1.984e-15       2.800e-15       2.689e-15       1.465e-15       4.037e-08       2.470e-06       4.941e-05       2.453e-04       1.158e-04       2.219e-06       
  5.02      7.854e-16       5.144e-16       3.834e-16       5.411e-16       5.195e-16       2.831e-16       2.057e-08       1.444e-06       3.264e-05       1.762e-04       8.155e-05       1.340e-06       
  5.12      1.570e-16       1.028e-16       7.665e-17       1.082e-16       1.039e-16       5.660e-17       1.059e-08       8.509e-07       2.167e-05       1.270e-04       5.770e-05       8.154e-07       
  5.22      3.250e-17       2.129e-17       1.586e-17       2.239e-17       2.150e-17       1.171e-17       5.490e-09       5.034e-07       1.442e-05       9.172e-05       4.094e-05       4.981e-07       
  5.32      6.823e-18       4.469e-18       3.331e-18       4.700e-18       4.513e-18       2.459e-18       2.852e-09       2.982e-07       9.599e-06       6.625e-05       2.907e-05       3.047e-07       
  5.42      1.446e-18       9.471e-19       7.059e-19       9.962e-19       9.565e-19       5.212e-19       1.484e-09       1.768e-07       6.390e-06       4.783e-05       2.065e-05       1.866e-07       
  5.52      3.091e-19       2.025e-19       1.509e-19       2.130e-19       2.045e-19       1.114e-19       7.730e-10       1.049e-07       4.251e-06       3.450e-05       1.467e-05       1.143e-07       
  5.62      6.663e-20       4.364e-20       3.253e-20       4.590e-20       4.408e-20       2.402e-20       4.033e-10       6.225e-08       2.827e-06       2.488e-05       1.043e-05       7.009e-08       
  5.72      1.449e-20       9.491e-21       7.073e-21       9.983e-21       9.585e-21       5.223e-21       2.114e-10       3.708e-08       1.885e-06       1.798e-05       7.428e-06       4.312e-08       
  5.82      3.195e-21       2.093e-21       1.560e-21       2.201e-21       2.113e-21       1.152e-21       1.118e-10       2.223e-08       1.263e-06       1.303e-05       5.315e-06       2.670e-08       
  5.92      7.220e-22       4.729e-22       3.525e-22       4.974e-22       4.776e-22       2.603e-22       5.973e-11       1.344e-08       8.502e-07       9.481e-06       3.819e-06       1.666e-08       
  6.02      1.691e-22       1.107e-22       8.254e-23       1.165e-22       1.118e-22       6.095e-23       3.222e-11       8.169e-09       5.744e-07       6.913e-06       2.753e-06       1.045e-08       
  6.12      4.103e-23       2.687e-23       2.003e-23       2.826e-23       2.714e-23       1.479e-23       1.749e-11       4.986e-09       3.890e-07       5.047e-06       1.988e-06       6.578e-09       
  6.22      1.022e-23       6.692e-24       4.987e-24       7.039e-24       6.758e-24       3.683e-24       9.532e-12       3.053e-09       2.638e-07       3.689e-06       1.438e-06       4.153e-09       
  6.32      2.587e-24       1.694e-24       1.263e-24       1.782e-24       1.711e-24       9.325e-25       5.217e-12       1.875e-09       1.793e-07       2.701e-06       1.043e-06       2.630e-09       
  6.42      6.630e-25       4.342e-25       3.236e-25       4.567e-25       4.386e-25       2.390e-25       2.868e-12       1.155e-09       1.222e-07       1.981e-06       7.580e-07       1.671e-09       
  6.52      1.717e-25       1.124e-25       8.380e-26       1.183e-25       1.136e-25       6.188e-26       1.585e-12       7.152e-10       8.358e-08       1.458e-06       5.528e-07       1.067e-09       
  6.62      4.490e-26       2.941e-26       2.192e-26       3.094e-26       2.970e-26       1.619e-26       8.823e-13       4.453e-10       5.740e-08       1.076e-06       4.047e-07       6.846e-10       
  6.72      1.187e-26       7.773e-27       5.793e-27       8.176e-27       7.851e-27       4.278e-27       4.949e-13       2.790e-10       3.960e-08       7.967e-07       2.975e-07       4.420e-10       
  6.82      3.174e-27       2.079e-27       1.549e-27       2.187e-27       2.099e-27       1.144e-27       2.800e-13       1.759e-10       2.744e-08       5.919e-07       2.194e-07       2.871e-10       
  6.92      8.610e-28       5.640e-28       4.203e-28       5.932e-28       5.696e-28       3.104e-28       1.597e-13       1.115e-10       1.909e-08       4.409e-07       1.624e-07       1.874e-10       
  7.02      2.378e-28       1.558e-28       1.161e-28       1.638e-28       1.573e-28       8.573e-29       9.170e-14       7.108e-11       1.332e-08       3.292e-07       1.205e-07       1.229e-10       
  7.12      6.711e-29       4.396e-29       3.276e-29       4.623e-29       4.439e-29       2.419e-29       5.298e-14       4.547e-11       9.315e-09       2.462e-07       8.959e-08       8.092e-11       
  7.22      1.938e-29       1.269e-29       9.461e-30       1.335e-29       1.282e-29       6.986e-30       3.075e-14       2.919e-11       6.531e-09       1.844e-07       6.676e-08       5.343e-11       
  7.32      5.725e-30       3.750e-30       2.795e-30       3.944e-30       3.787e-30       2.064e-30       1.793e-14       1.880e-11       4.589e-09       1.384e-07       4.984e-08       3.539e-11       
  7.42      1.724e-30       1.129e-30       8.418e-31       1.188e-30       1.141e-30       6.216e-31       1.049e-14       1.214e-11       3.230e-09       1.040e-07       3.728e-08       2.350e-11       
  7.52      5.277e-31       3.456e-31       2.576e-31       3.635e-31       3.491e-31       1.902e-31       6.158e-15       7.856e-12       2.278e-09       7.826e-08       2.793e-08       1.564e-11       
  7.62      1.635e-31       1.071e-31       7.979e-32       1.126e-31       1.081e-31       5.892e-32       3.627e-15       5.098e-12       1.609e-09       5.897e-08       2.096e-08       1.044e-11       
  7.72      5.113e-32       3.349e-32       2.496e-32       3.522e-32       3.382e-32       1.843e-32       2.143e-15       3.316e-12       1.139e-09       4.449e-08       1.575e-08       6.979e-12       
  7.82      1.612e-32       1.056e-32       7.871e-33       1.111e-32       1.067e-32       5.812e-33       1.270e-15       2.162e-12       8.072e-10       3.361e-08       1.186e-08       4.677e-12       
  7.92      5.123e-33       3.355e-33       2.501e-33       3.529e-33       3.389e-33       1.846e-33       7.544e-16       1.413e-12       5.731e-10       2.542e-08       8.941e-09       3.142e-12       
  8.00      2.057e-33       1.347e-33       1.004e-33       1.417e-33       1.361e-33       7.415e-34       4.985e-16       1.007e-12       4.362e-10       2.035e-08       7.141e-09       2.289e-12       