*
* Meerpeilgolven van het Grevelingenmeer
*
* De eerste kolom bevat tijdstippen in de meerpeilgolf in uren.
* De eerste rij bevat piekwaarden van de golven in m+NAP
* De overige rijen en kolommen bevatten de meerpeilgolven in m+NAP
* waarbij de kolommen de meerpeilgolven bevatten.
*
* De eerste regel van het bestand bestaat uit twee getallen:
* 1) het aantal tijdstappen in een meerpeilgolf
* 2) het aantal meerpeilniveaus in een golf
     21     64
        -0.230  -0.220  -0.210  -0.200  -0.190  -0.180  -0.170  -0.160  -0.150  -0.140  -0.130  -0.120  -0.110  -0.100  -0.090  -0.080  -0.070  -0.060  -0.050  -0.040  -0.030  -0.020  -0.010   0.000   0.010   0.020   0.030   0.040   0.050   0.060   0.070   0.080   0.090   0.100   0.110   0.120   0.130   0.140   0.150   0.160   0.170   0.180   0.190   0.200   0.210   0.220   0.230   0.240   0.250   0.260   0.270   0.280   0.290   0.300   0.310   0.320   0.330   0.340   0.350   0.360   0.370   0.380   0.390   0.400
   0.0 -0.2300 -0.2200 -0.2100 -0.2000 -0.2300 -0.2300 -0.2300 -0.2300 -0.2300 -0.2300 -0.2300 -0.2300 -0.2300 -0.2300 -0.2300 -0.2300 -0.2300 -0.2300 -0.2300 -0.2300 -0.2300 -0.2300 -0.2300 -0.2300 -0.2300 -0.2300 -0.2300 -0.2300 -0.2300 -0.2300 -0.2300 -0.2300 -0.2300 -0.2300 -0.2300 -0.2300 -0.2300 -0.2300 -0.2300 -0.2300 -0.2300 -0.2300 -0.2300 -0.2300 -0.2300 -0.2300 -0.2300 -0.2300 -0.2300 -0.2300 -0.2300 -0.2300 -0.2300 -0.2300 -0.2300 -0.2300 -0.2300 -0.2300 -0.2300 -0.2300 -0.2300 -0.2300 -0.2300 -0.2300
  12.0 -0.2300 -0.2200 -0.2100 -0.2000 -0.1900 -0.1976 -0.2041 -0.2073 -0.2092 -0.2105 -0.2115 -0.2122 -0.2127 -0.2131 -0.2135 -0.2138 -0.2127 -0.2116 -0.2105 -0.2095 -0.2084 -0.2073 -0.2062 -0.2051 -0.2041 -0.2030 -0.2019 -0.2008 -0.1997 -0.1986 -0.1976 -0.1965 -0.1954 -0.1943 -0.1932 -0.1922 -0.1911 -0.1900 -0.1889 -0.1878 -0.1868 -0.1857 -0.1846 -0.1835 -0.1824 -0.1814 -0.1803 -0.1792 -0.1781 -0.1770 -0.1759 -0.1749 -0.1738 -0.1727 -0.1716 -0.1705 -0.1695 -0.1684 -0.1673 -0.1662 -0.1651 -0.1641 -0.1630 -0.1619
  24.0 -0.2300 -0.2200 -0.2100 -0.2000 -0.1900 -0.1800 -0.1781 -0.1846 -0.1885 -0.1911 -0.1929 -0.1943 -0.1954 -0.1963 -0.1970 -0.1976 -0.1954 -0.1932 -0.1911 -0.1889 -0.1868 -0.1846 -0.1824 -0.1803 -0.1781 -0.1759 -0.1738 -0.1716 -0.1695 -0.1673 -0.1651 -0.1630 -0.1608 -0.1586 -0.1565 -0.1543 -0.1522 -0.1500 -0.1478 -0.1457 -0.1435 -0.1414 -0.1392 -0.1370 -0.1349 -0.1327 -0.1305 -0.1284 -0.1262 -0.1241 -0.1219 -0.1197 -0.1176 -0.1154 -0.1132 -0.1111 -0.1089 -0.1068 -0.1046 -0.1024 -0.1003 -0.0981 -0.0959 -0.0938
  36.0 -0.2300 -0.2200 -0.2100 -0.2000 -0.1900 -0.1800 -0.1700 -0.1619 -0.1677 -0.1716 -0.1744 -0.1765 -0.1781 -0.1794 -0.1805 -0.1814 -0.1781 -0.1749 -0.1716 -0.1684 -0.1651 -0.1619 -0.1586 -0.1554 -0.1522 -0.1489 -0.1457 -0.1424 -0.1392 -0.1359 -0.1327 -0.1295 -0.1262 -0.1230 -0.1197 -0.1165 -0.1132 -0.1100 -0.1068 -0.1035 -0.1003 -0.0970 -0.0938 -0.0905 -0.0873 -0.0841 -0.0808 -0.0776 -0.0743 -0.0711 -0.0678 -0.0646 -0.0614 -0.0581 -0.0549 -0.0516 -0.0484 -0.0451 -0.0419 -0.0386 -0.0354 -0.0322 -0.0289 -0.0257
  48.0 -0.2300 -0.2200 -0.2100 -0.2000 -0.1900 -0.1800 -0.1700 -0.1600 -0.1500 -0.1522 -0.1559 -0.1586 -0.1608 -0.1625 -0.1640 -0.1651 -0.1608 -0.1565 -0.1522 -0.1478 -0.1435 -0.1392 -0.1349 -0.1305 -0.1262 -0.1219 -0.1176 -0.1132 -0.1089 -0.1046 -0.1003 -0.0959 -0.0916 -0.0873 -0.0830 -0.0786 -0.0743 -0.0700 -0.0657 -0.0614 -0.0570 -0.0527 -0.0484 -0.0441 -0.0397 -0.0354 -0.0311 -0.0268 -0.0224 -0.0181 -0.0138 -0.0095 -0.0051 -0.0008  0.0035  0.0078  0.0122  0.0165  0.0208  0.0251  0.0295  0.0338  0.0381  0.0424
  60.0 -0.2300 -0.2200 -0.2100 -0.2000 -0.1900 -0.1800 -0.1700 -0.1600 -0.1500 -0.1400 -0.1373 -0.1408 -0.1435 -0.1457 -0.1474 -0.1489 -0.1435 -0.1381 -0.1327 -0.1273 -0.1219 -0.1165 -0.1111 -0.1057 -0.1003 -0.0949 -0.0895 -0.0841 -0.0786 -0.0732 -0.0678 -0.0624 -0.0570 -0.0516 -0.0462 -0.0408 -0.0354 -0.0300 -0.0246 -0.0192 -0.0138 -0.0084 -0.0030  0.0024  0.0078  0.0132  0.0186  0.0241  0.0295  0.0349  0.0403  0.0457  0.0511  0.0565  0.0619  0.0673  0.0727  0.0781  0.0835  0.0889  0.0943  0.0997  0.1051  0.1105
  72.0 -0.2300 -0.2200 -0.2100 -0.2000 -0.1900 -0.1800 -0.1700 -0.1600 -0.1500 -0.1400 -0.1300 -0.1230 -0.1262 -0.1288 -0.1309 -0.1327 -0.1262 -0.1197 -0.1132 -0.1068 -0.1003 -0.0938 -0.0873 -0.0808 -0.0743 -0.0678 -0.0614 -0.0549 -0.0484 -0.0419 -0.0354 -0.0289 -0.0224 -0.0159 -0.0095 -0.0030  0.0035  0.0100  0.0165  0.0230  0.0295  0.0359  0.0424  0.0489  0.0554  0.0619  0.0684  0.0749  0.0814  0.0878  0.0943  0.1008  0.1073  0.1138  0.1203  0.1268  0.1332  0.1397  0.1462  0.1527  0.1592  0.1657  0.1722  0.1786
  84.0 -0.2300 -0.2200 -0.2100 -0.2000 -0.1900 -0.1800 -0.1700 -0.1600 -0.1500 -0.1400 -0.1300 -0.1200 -0.1100 -0.1119 -0.1144 -0.1165 -0.1089 -0.1014 -0.0938 -0.0862 -0.0786 -0.0711 -0.0635 -0.0559 -0.0484 -0.0408 -0.0332 -0.0257 -0.0181 -0.0105 -0.0030  0.0046  0.0122  0.0197  0.0273  0.0349  0.0424  0.0500  0.0576  0.0651  0.0727  0.0803  0.0878  0.0954  0.1030  0.1105  0.1181  0.1257  0.1332  0.1408  0.1484  0.1559  0.1635  0.1711  0.1786  0.1862  0.1938  0.2014  0.2089  0.2165  0.2241  0.2316  0.2392  0.2468
  96.0 -0.2300 -0.2200 -0.2100 -0.2000 -0.1900 -0.1800 -0.1700 -0.1600 -0.1500 -0.1400 -0.1300 -0.1200 -0.1100 -0.1000 -0.0979 -0.1003 -0.0916 -0.0830 -0.0743 -0.0657 -0.0570 -0.0484 -0.0397 -0.0311 -0.0224 -0.0138 -0.0051  0.0035  0.0122  0.0208  0.0295  0.0381  0.0468  0.0554  0.0641  0.0727  0.0814  0.0900  0.0986  0.1073  0.1159  0.1246  0.1332  0.1419  0.1505  0.1592  0.1678  0.1765  0.1851  0.1938  0.2024  0.2111  0.2197  0.2284  0.2370  0.2457  0.2543  0.2630  0.2716  0.2803  0.2889  0.2976  0.3062  0.3149
 108.0 -0.2300 -0.2200 -0.2100 -0.2000 -0.1900 -0.1800 -0.1700 -0.1600 -0.1500 -0.1400 -0.1300 -0.1200 -0.1100 -0.1000 -0.0900 -0.0841 -0.0743 -0.0646 -0.0549 -0.0451 -0.0354 -0.0257 -0.0159 -0.0062  0.0035  0.0132  0.0230  0.0327  0.0424  0.0522  0.0619  0.0716  0.0814  0.0911  0.1008  0.1105  0.1203  0.1300  0.1397  0.1495  0.1592  0.1689  0.1786  0.1884  0.1981  0.2078  0.2176  0.2273  0.2370  0.2468  0.2565  0.2662  0.2759  0.2857  0.2954  0.3051  0.3149  0.3246  0.3343  0.3441  0.3538  0.3635  0.3732  0.3830
 120.0 -0.2300 -0.2200 -0.2100 -0.2000 -0.1900 -0.1800 -0.1700 -0.1600 -0.1500 -0.1400 -0.1300 -0.1200 -0.1100 -0.1000 -0.0900 -0.0800 -0.0700 -0.0600 -0.0500 -0.0400 -0.0300 -0.0200 -0.0100  0.0000  0.0100  0.0200  0.0300  0.0400  0.0500  0.0600  0.0700  0.0800  0.0900  0.1000  0.1100  0.1200  0.1300  0.1400  0.1500  0.1600  0.1700  0.1800  0.1900  0.2000  0.2100  0.2200  0.2300  0.2400  0.2500  0.2600  0.2700  0.2800  0.2900  0.3000  0.3100  0.3200  0.3300  0.3400  0.3500  0.3600  0.3700  0.3800  0.3900  0.4000
 132.0 -0.2300 -0.2200 -0.2100 -0.2000 -0.1900 -0.1800 -0.1700 -0.1600 -0.1500 -0.1400 -0.1300 -0.1200 -0.1100 -0.1000 -0.0900 -0.0841 -0.0743 -0.0646 -0.0549 -0.0451 -0.0354 -0.0257 -0.0159 -0.0062  0.0035  0.0132  0.0230  0.0327  0.0424  0.0522  0.0619  0.0716  0.0814  0.0911  0.1008  0.1105  0.1203  0.1300  0.1397  0.1495  0.1592  0.1689  0.1786  0.1884  0.1981  0.2078  0.2176  0.2273  0.2370  0.2468  0.2565  0.2662  0.2759  0.2857  0.2954  0.3051  0.3149  0.3246  0.3343  0.3441  0.3538  0.3635  0.3732  0.3830
 144.0 -0.2300 -0.2200 -0.2100 -0.2000 -0.1900 -0.1800 -0.1700 -0.1600 -0.1500 -0.1400 -0.1300 -0.1200 -0.1100 -0.1000 -0.0979 -0.1003 -0.0916 -0.0830 -0.0743 -0.0657 -0.0570 -0.0484 -0.0397 -0.0311 -0.0224 -0.0138 -0.0051  0.0035  0.0122  0.0208  0.0295  0.0381  0.0468  0.0554  0.0641  0.0727  0.0814  0.0900  0.0986  0.1073  0.1159  0.1246  0.1332  0.1419  0.1505  0.1592  0.1678  0.1765  0.1851  0.1938  0.2024  0.2111  0.2197  0.2284  0.2370  0.2457  0.2543  0.2630  0.2716  0.2803  0.2889  0.2976  0.3062  0.3149
 156.0 -0.2300 -0.2200 -0.2100 -0.2000 -0.1900 -0.1800 -0.1700 -0.1600 -0.1500 -0.1400 -0.1300 -0.1200 -0.1100 -0.1119 -0.1144 -0.1165 -0.1089 -0.1014 -0.0938 -0.0862 -0.0786 -0.0711 -0.0635 -0.0559 -0.0484 -0.0408 -0.0332 -0.0257 -0.0181 -0.0105 -0.0030  0.0046  0.0122  0.0197  0.0273  0.0349  0.0424  0.0500  0.0576  0.0651  0.0727  0.0803  0.0878  0.0954  0.1030  0.1105  0.1181  0.1257  0.1332  0.1408  0.1484  0.1559  0.1635  0.1711  0.1786  0.1862  0.1938  0.2014  0.2089  0.2165  0.2241  0.2316  0.2392  0.2468
 168.0 -0.2300 -0.2200 -0.2100 -0.2000 -0.1900 -0.1800 -0.1700 -0.1600 -0.1500 -0.1400 -0.1300 -0.1230 -0.1262 -0.1288 -0.1309 -0.1327 -0.1262 -0.1197 -0.1132 -0.1068 -0.1003 -0.0938 -0.0873 -0.0808 -0.0743 -0.0678 -0.0614 -0.0549 -0.0484 -0.0419 -0.0354 -0.0289 -0.0224 -0.0159 -0.0095 -0.0030  0.0035  0.0100  0.0165  0.0230  0.0295  0.0359  0.0424  0.0489  0.0554  0.0619  0.0684  0.0749  0.0814  0.0878  0.0943  0.1008  0.1073  0.1138  0.1203  0.1268  0.1332  0.1397  0.1462  0.1527  0.1592  0.1657  0.1722  0.1786
 180.0 -0.2300 -0.2200 -0.2100 -0.2000 -0.1900 -0.1800 -0.1700 -0.1600 -0.1500 -0.1400 -0.1373 -0.1408 -0.1435 -0.1457 -0.1474 -0.1489 -0.1435 -0.1381 -0.1327 -0.1273 -0.1219 -0.1165 -0.1111 -0.1057 -0.1003 -0.0949 -0.0895 -0.0841 -0.0786 -0.0732 -0.0678 -0.0624 -0.0570 -0.0516 -0.0462 -0.0408 -0.0354 -0.0300 -0.0246 -0.0192 -0.0138 -0.0084 -0.0030  0.0024  0.0078  0.0132  0.0186  0.0241  0.0295  0.0349  0.0403  0.0457  0.0511  0.0565  0.0619  0.0673  0.0727  0.0781  0.0835  0.0889  0.0943  0.0997  0.1051  0.1105
 192.0 -0.2300 -0.2200 -0.2100 -0.2000 -0.1900 -0.1800 -0.1700 -0.1600 -0.1500 -0.1522 -0.1559 -0.1586 -0.1608 -0.1625 -0.1640 -0.1651 -0.1608 -0.1565 -0.1522 -0.1478 -0.1435 -0.1392 -0.1349 -0.1305 -0.1262 -0.1219 -0.1176 -0.1132 -0.1089 -0.1046 -0.1003 -0.0959 -0.0916 -0.0873 -0.0830 -0.0786 -0.0743 -0.0700 -0.0657 -0.0614 -0.0570 -0.0527 -0.0484 -0.0441 -0.0397 -0.0354 -0.0311 -0.0268 -0.0224 -0.0181 -0.0138 -0.0095 -0.0051 -0.0008  0.0035  0.0078  0.0122  0.0165  0.0208  0.0251  0.0295  0.0338  0.0381  0.0424
 204.0 -0.2300 -0.2200 -0.2100 -0.2000 -0.1900 -0.1800 -0.1700 -0.1619 -0.1677 -0.1716 -0.1744 -0.1765 -0.1781 -0.1794 -0.1805 -0.1814 -0.1781 -0.1749 -0.1716 -0.1684 -0.1651 -0.1619 -0.1586 -0.1554 -0.1522 -0.1489 -0.1457 -0.1424 -0.1392 -0.1359 -0.1327 -0.1295 -0.1262 -0.1230 -0.1197 -0.1165 -0.1132 -0.1100 -0.1068 -0.1035 -0.1003 -0.0970 -0.0938 -0.0905 -0.0873 -0.0841 -0.0808 -0.0776 -0.0743 -0.0711 -0.0678 -0.0646 -0.0614 -0.0581 -0.0549 -0.0516 -0.0484 -0.0451 -0.0419 -0.0386 -0.0354 -0.0322 -0.0289 -0.0257
 216.0 -0.2300 -0.2200 -0.2100 -0.2000 -0.1900 -0.1800 -0.1781 -0.1846 -0.1885 -0.1911 -0.1929 -0.1943 -0.1954 -0.1963 -0.1970 -0.1976 -0.1954 -0.1932 -0.1911 -0.1889 -0.1868 -0.1846 -0.1824 -0.1803 -0.1781 -0.1759 -0.1738 -0.1716 -0.1695 -0.1673 -0.1651 -0.1630 -0.1608 -0.1586 -0.1565 -0.1543 -0.1522 -0.1500 -0.1478 -0.1457 -0.1435 -0.1414 -0.1392 -0.1370 -0.1349 -0.1327 -0.1305 -0.1284 -0.1262 -0.1241 -0.1219 -0.1197 -0.1176 -0.1154 -0.1132 -0.1111 -0.1089 -0.1068 -0.1046 -0.1024 -0.1003 -0.0981 -0.0959 -0.0938
 228.0 -0.2300 -0.2200 -0.2100 -0.2000 -0.1900 -0.1976 -0.2041 -0.2073 -0.2092 -0.2105 -0.2115 -0.2122 -0.2127 -0.2131 -0.2135 -0.2138 -0.2127 -0.2116 -0.2105 -0.2095 -0.2084 -0.2073 -0.2062 -0.2051 -0.2041 -0.2030 -0.2019 -0.2008 -0.1997 -0.1986 -0.1976 -0.1965 -0.1954 -0.1943 -0.1932 -0.1922 -0.1911 -0.1900 -0.1889 -0.1878 -0.1868 -0.1857 -0.1846 -0.1835 -0.1824 -0.1814 -0.1803 -0.1792 -0.1781 -0.1770 -0.1759 -0.1749 -0.1738 -0.1727 -0.1716 -0.1705 -0.1695 -0.1684 -0.1673 -0.1662 -0.1651 -0.1641 -0.1630 -0.1619
 240.0 -0.2300 -0.2200 -0.2100 -0.2000 -0.2300 -0.2300 -0.2300 -0.2300 -0.2300 -0.2300 -0.2300 -0.2300 -0.2300 -0.2300 -0.2300 -0.2300 -0.2300 -0.2300 -0.2300 -0.2300 -0.2300 -0.2300 -0.2300 -0.2300 -0.2300 -0.2300 -0.2300 -0.2300 -0.2300 -0.2300 -0.2300 -0.2300 -0.2300 -0.2300 -0.2300 -0.2300 -0.2300 -0.2300 -0.2300 -0.2300 -0.2300 -0.2300 -0.2300 -0.2300 -0.2300 -0.2300 -0.2300 -0.2300 -0.2300 -0.2300 -0.2300 -0.2300 -0.2300 -0.2300 -0.2300 -0.2300 -0.2300 -0.2300 -0.2300 -0.2300 -0.2300 -0.2300 -0.2300 -0.2300