* De conditionele overschrijdingskans van de zeewaterstand zonder statistische onzekerheid gegeven de windrichting
* voor een 12-uursperiode te Den Helder, gelegen op locatie: 
* 111850, 553230
* 
* Deze statistiek is afgeleid met dezelfde methode als gebruikt in 3280.20.03.
* De door Deltares op 10 november 2016 aangeleverde statistiek is gebruikt als bron.
*
* Het waterstandsbereik waarvoor de overschrijdingskansen zijn gegeven is het hoogwater 2017 tot 8.00 m + NAP
* met een stapgrootte van 0.1 m. De laatste stapgrootte kan afwijken om op 8.00 m uit te komen. Hierbij wordt
* een stapgrootte van minimaal 6 en maximaal 15 cm gekozen.
* 
* Door: G.W.F. Rongen van HKV lijn in water
* Project: PR3510.10
*
* m (m+NAP) 30              60              90              120             150             180             210             240             270             300             330             360
  0.65      1.000e+00       1.000e+00       1.000e+00       1.000e+00       1.000e+00       1.000e+00       1.000e+00       1.000e+00       1.000e+00       1.000e+00       1.000e+00       1.000e+00       
  0.75      1.000e+00       1.000e+00       1.000e+00       1.000e+00       1.000e+00       1.000e+00       5.946e-01       5.240e-01       5.692e-01       5.122e-01       3.915e-01       2.739e-01       
  0.85      1.000e+00       1.000e+00       1.000e+00       1.000e+00       1.000e+00       1.000e+00       3.535e-01       2.745e-01       3.240e-01       2.623e-01       1.533e-01       7.504e-02       
  0.95      1.000e+00       1.000e+00       1.000e+00       1.000e+00       1.000e+00       1.000e+00       2.102e-01       1.438e-01       1.845e-01       1.344e-01       6.001e-02       2.055e-02       
  1.05      1.000e+00       1.000e+00       1.000e+00       1.000e+00       1.000e+00       1.000e+00       8.952e-02       9.646e-02       1.509e-01       1.162e-01       5.287e-02       1.607e-02       
  1.15      1.000e+00       1.000e+00       1.000e+00       1.000e+00       1.000e+00       1.000e+00       3.642e-02       6.371e-02       1.219e-01       9.928e-02       4.609e-02       1.242e-02       
  1.25      1.000e+00       1.000e+00       1.000e+00       1.000e+00       1.000e+00       1.000e+00       1.419e-02       4.147e-02       9.725e-02       8.388e-02       3.976e-02       9.491e-03       
  1.35      1.000e+00       1.000e+00       1.000e+00       1.000e+00       1.000e+00       1.000e+00       5.299e-03       2.663e-02       7.664e-02       7.008e-02       3.396e-02       7.176e-03       
  1.45      1.363e-01       8.925e-02       6.652e-02       9.388e-02       9.014e-02       4.912e-02       1.900e-03       1.688e-02       5.968e-02       5.790e-02       2.871e-02       5.372e-03       
  1.55      1.781e-03       1.166e-03       8.693e-04       1.227e-03       1.178e-03       6.419e-04       6.554e-04       1.056e-02       4.594e-02       4.732e-02       2.403e-02       3.981e-03       
  1.65      1.456e-05       9.538e-06       7.108e-06       1.003e-05       9.633e-06       5.249e-06       2.176e-04       6.532e-03       3.497e-02       3.826e-02       1.991e-02       2.923e-03       
  1.75      7.323e-08       4.797e-08       3.575e-08       5.045e-08       4.844e-08       2.640e-08       6.962e-05       3.992e-03       2.633e-02       3.061e-02       1.634e-02       2.126e-03       
  1.85      2.227e-10       1.459e-10       1.087e-10       1.534e-10       1.473e-10       8.027e-11       2.149e-05       2.413e-03       1.961e-02       2.423e-02       1.329e-02       1.533e-03       
  1.95      4.027e-13       2.637e-13       1.966e-13       2.774e-13       2.664e-13       1.451e-13       6.405e-06       1.443e-03       1.445e-02       1.899e-02       1.070e-02       1.096e-03       
  2.05      4.261e-16       2.791e-16       2.080e-16       2.935e-16       2.818e-16       1.536e-16       1.845e-06       8.540e-04       1.054e-02       1.472e-02       8.531e-03       7.768e-04       
  2.15      2.596e-19       1.701e-19       1.267e-19       1.789e-19       1.718e-19       9.359e-20       5.139e-07       5.003e-04       7.605e-03       1.130e-02       6.740e-03       5.461e-04       
  2.25      8.972e-23       5.876e-23       4.380e-23       6.181e-23       5.935e-23       3.234e-23       1.386e-07       2.902e-04       5.434e-03       8.589e-03       5.276e-03       3.809e-04       
  2.35      1.731e-26       1.134e-26       8.452e-27       1.193e-26       1.145e-26       6.241e-27       3.619e-08       1.667e-04       3.845e-03       6.462e-03       4.092e-03       2.636e-04       
  2.45      1.838e-30       1.204e-30       8.974e-31       1.267e-30       1.216e-30       6.626e-31       9.157e-09       9.491e-05       2.694e-03       4.814e-03       3.144e-03       1.810e-04       
  2.55      1.058e-34       6.932e-35       5.166e-35       7.291e-35       7.001e-35       3.815e-35       2.247e-09       5.354e-05       1.870e-03       3.551e-03       2.394e-03       1.234e-04       
  2.65      3.256e-39       2.132e-39       1.589e-39       2.243e-39       2.154e-39       1.174e-39       5.351e-10       2.993e-05       1.285e-03       2.594e-03       1.807e-03       8.350e-05       
  2.75      5.277e-44       3.456e-44       2.576e-44       3.636e-44       3.491e-44       1.902e-44       1.237e-10       1.659e-05       8.754e-04       1.877e-03       1.351e-03       5.610e-05       
  2.85      4.444e-49       2.911e-49       2.169e-49       3.062e-49       2.940e-49       1.602e-49       2.777e-11       9.119e-06       5.908e-04       1.345e-03       1.002e-03       3.743e-05       
  2.95      1.918e-54       1.256e-54       9.363e-55       1.321e-54       1.269e-54       6.913e-55       6.058e-12       4.971e-06       3.950e-04       9.547e-04       7.358e-04       2.480e-05       
  3.05      4.185e-60       2.741e-60       2.043e-60       2.883e-60       2.768e-60       1.508e-60       1.285e-12       2.688e-06       2.618e-04       6.713e-04       5.358e-04       1.632e-05       
  3.15      4.555e-66       2.983e-66       2.224e-66       3.138e-66       3.013e-66       1.642e-66       2.650e-13       1.442e-06       1.720e-04       4.676e-04       3.868e-04       1.067e-05       
  3.25      2.441e-72       1.599e-72       1.192e-72       1.682e-72       1.615e-72       8.798e-73       5.319e-14       7.673e-07       1.120e-04       3.227e-04       2.768e-04       6.928e-06       
  3.35      6.356e-79       4.163e-79       3.103e-79       4.379e-79       4.205e-79       2.291e-79       1.039e-14       4.053e-07       7.226e-05       2.206e-04       1.963e-04       4.470e-06       
  3.45      7.942e-86       5.202e-86       3.877e-86       5.471e-86       5.253e-86       2.863e-86       1.977e-15       2.125e-07       4.624e-05       1.495e-04       1.381e-04       2.866e-06       
  3.55      4.700e-93       3.079e-93       2.295e-93       3.238e-93       3.109e-93       1.694e-93       3.663e-16       1.106e-07       2.934e-05       1.003e-04       9.627e-05       1.827e-06       
  3.65      1.302e-100      8.525e-101      6.354e-101      8.967e-101      8.610e-101      4.691e-101      6.613e-17       5.713e-08       1.846e-05       6.674e-05       6.655e-05       1.157e-06       
  3.75      1.665e-108      1.091e-108      8.129e-109      1.147e-108      1.102e-108      6.003e-109      1.164e-17       2.931e-08       1.152e-05       4.399e-05       4.562e-05       7.281e-07       
  3.85      9.725e-117      6.370e-117      4.748e-117      6.700e-117      6.433e-117      3.506e-117      1.997e-18       1.493e-08       7.127e-06       2.874e-05       3.101e-05       4.556e-07       
  3.95      2.561e-125      1.678e-125      1.250e-125      1.765e-125      1.694e-125      9.233e-126      3.343e-19       7.553e-09       4.374e-06       1.861e-05       2.090e-05       2.834e-07       
  4.05      3.006e-134      1.969e-134      1.468e-134      2.071e-134      1.989e-134      1.084e-134      5.458e-20       3.795e-09       2.663e-06       1.194e-05       1.396e-05       1.753e-07       
  4.15      1.554e-143      1.018e-143      7.584e-144      1.070e-143      1.028e-143      5.600e-144      8.698e-21       1.894e-09       1.608e-06       7.594e-06       9.255e-06       1.078e-07       
  4.25      3.495e-153      2.289e-153      1.706e-153      2.408e-153      2.312e-153      1.260e-153      1.353e-21       9.394e-10       9.635e-07       4.788e-06       6.083e-06       6.589e-08       
  4.35      3.382e-163      2.215e-163      1.651e-163      2.330e-163      2.237e-163      1.219e-163      2.055e-22       4.628e-10       5.727e-07       2.992e-06       3.965e-06       4.006e-08       
  4.45      1.392e-173      9.117e-174      6.795e-174      9.590e-174      9.208e-174      5.017e-174      3.049e-23       2.266e-10       3.377e-07       1.853e-06       2.563e-06       2.422e-08       
  4.55      2.409e-184      1.578e-184      1.176e-184      1.660e-184      1.594e-184      8.684e-185      4.419e-24       1.102e-10       1.976e-07       1.138e-06       1.643e-06       1.456e-08       
  4.65      1.734e-195      1.135e-195      8.463e-196      1.194e-195      1.147e-195      6.249e-196      6.258e-25       5.329e-11       1.147e-07       6.929e-07       1.045e-06       8.711e-09       
  4.75      5.129e-207      3.360e-207      2.504e-207      3.534e-207      3.393e-207      1.849e-207      8.662e-26       2.560e-11       6.612e-08       4.182e-07       6.591e-07       5.182e-09       
  4.85      6.171e-219      4.042e-219      3.013e-219      4.252e-219      4.082e-219      2.225e-219      1.172e-26       1.223e-11       3.781e-08       2.503e-07       4.124e-07       3.067e-09       
  4.95      2.987e-231      1.956e-231      1.458e-231      2.058e-231      1.976e-231      1.077e-231      1.551e-27       5.806e-12       2.146e-08       1.485e-07       2.559e-07       1.805e-09       
  5.05      5.751e-244      3.767e-244      2.807e-244      3.962e-244      3.804e-244      2.073e-244      2.007e-28       2.740e-12       1.209e-08       8.735e-08       1.575e-07       1.057e-09       
  5.15      4.358e-257      2.855e-257      2.128e-257      3.003e-257      2.883e-257      1.571e-257      2.540e-29       1.286e-12       6.758e-09       5.095e-08       9.619e-08       6.160e-10       
  5.25      1.286e-270      8.425e-271      6.279e-271      8.861e-271      8.509e-271      4.636e-271      3.146e-30       5.997e-13       3.751e-09       2.947e-08       5.827e-08       3.571e-10       
  5.35      1.463e-284      9.580e-285      7.140e-285      1.008e-284      9.676e-285      5.272e-285      3.813e-31       2.782e-13       2.066e-09       1.690e-08       3.502e-08       2.060e-10       
  5.45      6.342e-299      4.154e-299      3.096e-299      4.369e-299      4.195e-299      2.286e-299      4.523e-32       1.283e-13       1.130e-09       9.613e-09       2.087e-08       1.182e-10       
  5.55      0.000e+00       0.000e+00       0.000e+00       0.000e+00       0.000e+00       0.000e+00       5.252e-33       5.886e-14       6.137e-10       5.422e-09       1.235e-08       6.752e-11       
  5.65      0.000e+00       0.000e+00       0.000e+00       0.000e+00       0.000e+00       0.000e+00       5.972e-34       2.685e-14       3.308e-10       3.032e-09       7.244e-09       3.838e-11       
  5.75      0.000e+00       0.000e+00       0.000e+00       0.000e+00       0.000e+00       0.000e+00       6.650e-35       1.218e-14       1.771e-10       1.682e-09       4.217e-09       2.171e-11       
  5.85      0.000e+00       0.000e+00       0.000e+00       0.000e+00       0.000e+00       0.000e+00       7.253e-36       5.497e-15       9.409e-11       9.254e-10       2.435e-09       1.222e-11       
  5.95      0.000e+00       0.000e+00       0.000e+00       0.000e+00       0.000e+00       0.000e+00       7.749e-37       2.468e-15       4.965e-11       5.049e-10       1.396e-09       6.845e-12       
  6.05      0.000e+00       0.000e+00       0.000e+00       0.000e+00       0.000e+00       0.000e+00       8.112e-38       1.102e-15       2.602e-11       2.732e-10       7.935e-10       3.817e-12       
  6.15      0.000e+00       0.000e+00       0.000e+00       0.000e+00       0.000e+00       0.000e+00       8.322e-39       4.894e-16       1.354e-11       1.467e-10       4.477e-10       2.119e-12       
  6.25      0.000e+00       0.000e+00       0.000e+00       0.000e+00       0.000e+00       0.000e+00       8.367e-40       2.162e-16       6.995e-12       7.808e-11       2.506e-10       1.170e-12       
  6.35      0.000e+00       0.000e+00       0.000e+00       0.000e+00       0.000e+00       0.000e+00       8.246e-41       9.507e-17       3.590e-12       4.123e-11       1.392e-10       6.437e-13       
  6.45      0.000e+00       0.000e+00       0.000e+00       0.000e+00       0.000e+00       0.000e+00       7.967e-42       4.158e-17       1.829e-12       2.160e-11       7.671e-11       3.524e-13       
  6.55      0.000e+00       0.000e+00       0.000e+00       0.000e+00       0.000e+00       0.000e+00       7.547e-43       1.810e-17       9.260e-13       1.122e-11       4.195e-11       1.921e-13       
  6.65      0.000e+00       0.000e+00       0.000e+00       0.000e+00       0.000e+00       0.000e+00       7.012e-44       7.837e-18       4.655e-13       5.784e-12       2.277e-11       1.042e-13       
  6.75      0.000e+00       0.000e+00       0.000e+00       0.000e+00       0.000e+00       0.000e+00       6.389e-45       3.377e-18       2.325e-13       2.957e-12       1.226e-11       5.628e-14       
  6.85      0.000e+00       0.000e+00       0.000e+00       0.000e+00       0.000e+00       0.000e+00       5.710e-46       1.448e-18       1.153e-13       1.500e-12       6.553e-12       3.027e-14       
  6.95      0.000e+00       0.000e+00       0.000e+00       0.000e+00       0.000e+00       0.000e+00       5.007e-47       6.180e-19       5.681e-14       7.547e-13       3.476e-12       1.621e-14       
  7.05      0.000e+00       0.000e+00       0.000e+00       0.000e+00       0.000e+00       0.000e+00       4.308e-48       2.625e-19       2.780e-14       3.767e-13       1.829e-12       8.640e-15       
  7.15      0.000e+00       0.000e+00       0.000e+00       0.000e+00       0.000e+00       0.000e+00       3.637e-49       1.109e-19       1.352e-14       1.866e-13       9.555e-13       4.587e-15       
  7.25      0.000e+00       0.000e+00       0.000e+00       0.000e+00       0.000e+00       0.000e+00       3.013e-50       4.667e-20       6.529e-15       9.167e-14       4.953e-13       2.424e-15       
  7.35      0.000e+00       0.000e+00       0.000e+00       0.000e+00       0.000e+00       0.000e+00       2.450e-51       1.954e-20       3.133e-15       4.469e-14       2.548e-13       1.276e-15       
  7.45      0.000e+00       0.000e+00       0.000e+00       0.000e+00       0.000e+00       0.000e+00       1.956e-52       8.146e-21       1.494e-15       2.161e-14       1.301e-13       6.688e-16       
  7.55      0.000e+00       0.000e+00       0.000e+00       0.000e+00       0.000e+00       0.000e+00       1.533e-53       3.380e-21       7.074e-16       1.037e-14       6.594e-14       3.491e-16       
  7.65      0.000e+00       0.000e+00       0.000e+00       0.000e+00       0.000e+00       0.000e+00       1.180e-54       1.396e-21       3.329e-16       4.938e-15       3.317e-14       1.814e-16       
  7.75      0.000e+00       0.000e+00       0.000e+00       0.000e+00       0.000e+00       0.000e+00       8.914e-56       5.739e-22       1.556e-16       2.333e-15       1.656e-14       9.392e-17       
  7.85      0.000e+00       0.000e+00       0.000e+00       0.000e+00       0.000e+00       0.000e+00       6.615e-57       2.349e-22       7.230e-17       1.093e-15       8.204e-15       4.842e-17       
  8.00      0.000e+00       0.000e+00       0.000e+00       0.000e+00       0.000e+00       0.000e+00       1.293e-58       6.099e-23       2.262e-17       3.459e-16       2.821e-15       1.778e-17       