* De conditionele overschrijdingskans van de zeewaterstand gegeven de windrichting
* voor een 12-uursperiode te Den Helder, gelegen op locatie: 
* 111850, 553230 
*
* De getallen zijn afkomstig uit het spreadsheet Afleiding_zeewaterstandstatistiek.xls,               
* tabblad OvKans_Zeewaterstand.
* Speadsheet gemaakt door Matthijs Duits van HKV lijn in water op 29 april 2013
*
* De parameters voor de Weibullverdelingen (geldig voor een winterhalfjaar), die de basis vormen van 
* onderstaande conditionele overschrijdingskansen, zijn ontleend aan:
* Hydra-K, versie 3.6.5. Bestand: hld.e30
*
* Onderstaand is m de zeewaterstand en r de windrichting
*
*m \ r   30            60            90            120           150           180           210           240           270           300           330           360
0.64     1.000E+00     1.000E+00     1.000E+00     1.000E+00     1.000E+00     1.000E+00     1.000E+00     1.000E+00     1.000E+00     1.000E+00     1.000E+00     1.000E+00
0.74     1.000E+00     1.000E+00     1.000E+00     1.000E+00     1.000E+00     1.000E+00     6.540E-01     5.537E-01     5.682E-01     5.070E-01     3.533E-01     2.385E-01
0.84     1.000E+00     1.000E+00     1.000E+00     1.000E+00     1.000E+00     1.000E+00     4.277E-01     3.065E-01     3.228E-01     2.571E-01     1.248E-01     5.688E-02
0.94     1.000E+00     1.000E+00     1.000E+00     1.000E+00     1.000E+00     1.000E+00     2.797E-01     1.697E-01     1.834E-01     1.303E-01     4.409E-02     1.357E-02
1.04     1.000E+00     1.000E+00     1.000E+00     1.000E+00     1.000E+00     1.000E+00     1.191E-01     1.138E-01     1.501E-01     1.127E-01     3.884E-02     1.061E-02
1.14     1.000E+00     1.000E+00     1.000E+00     1.000E+00     1.000E+00     1.000E+00     4.847E-02     7.517E-02     1.212E-01     9.631E-02     3.386E-02     8.196E-03
1.24     1.000E+00     1.000E+00     1.000E+00     1.000E+00     1.000E+00     1.000E+00     1.888E-02     4.894E-02     9.671E-02     8.137E-02     2.921E-02     6.264E-03
1.34     1.000E+00     1.000E+00     1.000E+00     1.000E+00     1.000E+00     1.000E+00     7.051E-03     3.142E-02     7.621E-02     6.798E-02     2.495E-02     4.736E-03
1.44     8.916E-02     7.169E-02     7.777E-02     1.030E-01     8.263E-02     5.886E-02     2.529E-03     1.991E-02     5.935E-02     5.617E-02     2.109E-02     3.545E-03
1.54     1.165E-03     9.368E-04     1.016E-03     1.346E-03     1.080E-03     7.691E-04     8.722E-04     1.246E-02     4.569E-02     4.591E-02     1.765E-02     2.628E-03
1.64     9.528E-06     7.661E-06     8.310E-06     1.101E-05     8.830E-06     6.290E-06     2.896E-04     7.707E-03     3.478E-02     3.712E-02     1.463E-02     1.929E-03
1.74     4.792E-08     3.853E-08     4.179E-08     5.535E-08     4.441E-08     3.163E-08     9.265E-05     4.711E-03     2.618E-02     2.970E-02     1.201E-02     1.403E-03
1.84     1.457E-10     1.171E-10     1.271E-10     1.683E-10     1.350E-10     9.618E-11     2.860E-05     2.848E-03     1.950E-02     2.351E-02     9.760E-03     1.012E-03
1.94     2.635E-13     2.118E-13     2.298E-13     3.043E-13     2.442E-13     1.739E-13     8.524E-06     1.703E-03     1.437E-02     1.842E-02     7.858E-03     7.233E-04
2.04     2.788E-16     2.241E-16     2.432E-16     3.220E-16     2.584E-16     1.840E-16     2.455E-06     1.008E-03     1.048E-02     1.428E-02     6.267E-03     5.127E-04
2.14     1.699E-19     1.366E-19     1.482E-19     1.962E-19     1.575E-19     1.121E-19     6.839E-07     5.903E-04     7.562E-03     1.096E-02     4.952E-03     3.604E-04
2.24     5.870E-23     4.720E-23     5.120E-23     6.781E-23     5.441E-23     3.875E-23     1.844E-07     3.424E-04     5.404E-03     8.332E-03     3.876E-03     2.514E-04
2.34     1.133E-26     9.109E-27     9.881E-27     1.309E-26     1.050E-26     7.478E-27     4.815E-08     1.967E-04     3.824E-03     6.269E-03     3.006E-03     1.740E-04
2.44     1.203E-30     9.671E-31     1.049E-30     1.389E-30     1.115E-30     7.940E-31     1.219E-08     1.120E-04     2.679E-03     4.670E-03     2.310E-03     1.195E-04
2.54     6.924E-35     5.567E-35     6.040E-35     7.998E-35     6.418E-35     4.571E-35     2.991E-09     6.317E-05     1.859E-03     3.445E-03     1.759E-03     8.144E-05
2.64     2.130E-39     1.713E-39     1.858E-39     2.461E-39     1.974E-39     1.406E-39     7.121E-10     3.532E-05     1.278E-03     2.517E-03     1.327E-03     5.511E-05
2.74     3.453E-44     2.776E-44     3.012E-44     3.988E-44     3.200E-44     2.279E-44     1.646E-10     1.958E-05     8.706E-04     1.821E-03     9.927E-04     3.702E-05
2.84     2.908E-49     2.338E-49     2.536E-49     3.359E-49     2.695E-49     1.919E-49     3.695E-11     1.076E-05     5.875E-04     1.305E-03     7.358E-04     2.470E-05
2.94     1.255E-54     1.009E-54     1.095E-54     1.450E-54     1.163E-54     8.284E-55     8.062E-12     5.865E-06     3.928E-04     9.262E-04     5.406E-04     1.637E-05
3.04     2.738E-60     2.202E-60     2.388E-60     3.163E-60     2.538E-60     1.807E-60     1.710E-12     3.171E-06     2.603E-04     6.512E-04     3.936E-04     1.077E-05
3.14     2.980E-66     2.396E-66     2.599E-66     3.443E-66     2.762E-66     1.967E-66     3.527E-13     1.701E-06     1.710E-04     4.536E-04     2.841E-04     7.040E-06
3.24     1.597E-72     1.284E-72     1.393E-72     1.845E-72     1.480E-72     1.054E-72     7.078E-14     9.054E-07     1.113E-04     3.130E-04     2.033E-04     4.572E-06
3.34     4.159E-79     3.344E-79     3.628E-79     4.804E-79     3.855E-79     2.745E-79     1.383E-14     4.782E-07     7.186E-05     2.140E-04     1.442E-04     2.950E-06
3.44     5.196E-86     4.178E-86     4.532E-86     6.002E-86     4.816E-86     3.430E-86     2.630E-15     2.507E-07     4.599E-05     1.450E-04     1.014E-04     1.892E-06
3.54     3.076E-93     2.473E-93     2.683E-93     3.553E-93     2.850E-93     2.030E-93     4.874E-16     1.305E-07     2.918E-05     9.733E-05     7.072E-05     1.205E-06
3.64     8.516E-101    6.847E-101    7.428E-101    9.837E-101    7.893E-101    5.622E-101    8.800E-17     6.741E-08     1.836E-05     6.474E-05     4.889E-05     7.634E-07
3.74     1.090E-108    8.761E-109    9.504E-109    1.259E-108    1.010E-108    7.193E-109    1.549E-17     3.458E-08     1.145E-05     4.268E-05     3.351E-05     4.805E-07
3.84     6.363E-117    5.116E-117    5.550E-117    7.351E-117    5.898E-117    4.201E-117    2.658E-18     1.762E-08     7.088E-06     2.788E-05     2.278E-05     3.007E-07
3.94     1.676E-125    1.348E-125    1.462E-125    1.936E-125    1.553E-125    1.106E-125    4.448E-19     8.912E-09     4.350E-06     1.805E-05     1.535E-05     1.870E-07
4.04     1.967E-134    1.582E-134    1.716E-134    2.272E-134    1.823E-134    1.298E-134    7.263E-20     4.478E-09     2.648E-06     1.158E-05     1.026E-05     1.157E-07
4.14     1.017E-143    8.174E-144    8.867E-144    1.174E-143    9.422E-144    6.711E-144    1.157E-20     2.235E-09     1.599E-06     7.367E-06     6.799E-06     7.112E-08
4.24     2.287E-153    1.839E-153    1.994E-153    2.641E-153    2.119E-153    1.509E-153    1.801E-21     1.108E-09     9.581E-07     4.645E-06     4.469E-06     4.348E-08
4.34     2.213E-163    1.779E-163    1.930E-163    2.556E-163    2.051E-163    1.461E-163    2.735E-22     5.461E-10     5.695E-07     2.902E-06     2.913E-06     2.644E-08
4.44     9.108E-174    7.323E-174    7.944E-174    1.052E-173    8.441E-174    6.012E-174    4.057E-23     2.674E-10     3.358E-07     1.798E-06     1.883E-06     1.599E-08
4.54     1.576E-184    1.267E-184    1.375E-184    1.821E-184    1.461E-184    1.041E-184    5.880E-24     1.301E-10     1.965E-07     1.104E-06     1.207E-06     9.612E-09
4.64     1.134E-195    9.120E-196    9.893E-196    1.310E-195    1.051E-195    7.488E-196    8.328E-25     6.288E-11     1.141E-07     6.722E-07     7.677E-07     5.749E-09
4.74     3.356E-207    2.698E-207    2.927E-207    3.877E-207    3.110E-207    2.215E-207    1.153E-25     3.021E-11     6.575E-08     4.057E-07     4.842E-07     3.420E-09
4.84     4.038E-219    3.247E-219    3.522E-219    4.664E-219    3.742E-219    2.666E-219    1.560E-26     1.443E-11     3.760E-08     2.428E-07     3.029E-07     2.024E-09
4.94     1.954E-231    1.571E-231    1.704E-231    2.257E-231    1.811E-231    1.290E-231    2.064E-27     6.850E-12     2.134E-08     1.440E-07     1.880E-07     1.191E-09
5.04     3.763E-244    3.025E-244    3.282E-244    4.346E-244    3.487E-244    2.484E-244    2.670E-28     3.233E-12     1.202E-08     8.474E-08     1.157E-07     6.978E-10
5.14     2.852E-257    2.293E-257    2.487E-257    3.294E-257    2.643E-257    1.882E-257    3.380E-29     1.517E-12     6.721E-09     4.943E-08     7.067E-08     4.066E-10
5.24     8.416E-271    6.767E-271    7.341E-271    9.721E-271    7.800E-271    5.556E-271    4.186E-30     7.077E-13     3.730E-09     2.859E-08     4.281E-08     2.357E-10
5.34     9.570E-285    7.695E-285    8.348E-285    1.106E-284    8.870E-285    6.318E-285    5.074E-31     3.283E-13     2.055E-09     1.640E-08     2.572E-08     1.359E-10
5.44     4.150E-299    3.336E-299    3.619E-299    4.793E-299    3.846E-299    2.739E-299    6.019E-32     1.514E-13     1.124E-09     9.325E-09     1.533E-08     7.802E-11
5.54     0.000E+00     0.000E+00     0.000E+00     0.000E+00     0.000E+00     0.000E+00     6.990E-33     6.945E-14     6.102E-10     5.260E-09     9.069E-09     4.456E-11
5.64     0.000E+00     0.000E+00     0.000E+00     0.000E+00     0.000E+00     0.000E+00     7.947E-34     3.168E-14     3.290E-10     2.942E-09     5.321E-09     2.533E-11
5.74     0.000E+00     0.000E+00     0.000E+00     0.000E+00     0.000E+00     0.000E+00     8.850E-35     1.437E-14     1.761E-10     1.632E-09     3.098E-09     1.433E-11
5.84     0.000E+00     0.000E+00     0.000E+00     0.000E+00     0.000E+00     0.000E+00     9.652E-36     6.487E-15     9.357E-11     8.977E-10     1.789E-09     8.064E-12
5.94     0.000E+00     0.000E+00     0.000E+00     0.000E+00     0.000E+00     0.000E+00     1.031E-36     2.912E-15     4.937E-11     4.898E-10     1.025E-09     4.518E-12
6.04     0.000E+00     0.000E+00     0.000E+00     0.000E+00     0.000E+00     0.000E+00     1.080E-37     1.300E-15     2.587E-11     2.651E-10     5.829E-10     2.519E-12
6.14     0.000E+00     0.000E+00     0.000E+00     0.000E+00     0.000E+00     0.000E+00     1.107E-38     5.774E-16     1.346E-11     1.423E-10     3.289E-10     1.398E-12